10 0.3556770833333333 0.47203125 0.1273958333333333 0.11614583333333321
10 0.6315625 0.4153124999999999 0.09704861111111107 0.08447916666666658
10 0.44328125000000007 0.33234375 0.0828819444444445 0.07885416666666671
10 0.5920486111111112 0.3273958333333334 0.086076388888889 0.08218750000000004
10 0.1799826388888889 0.31557291666666665 0.10031249999999999 0.09093749999999998
10 0.23152777777777778 0.24937500000000004 0.11121527777777782 0.09010416666666661
7 0.5494791666666666 0.23614583333333333 0.10857638888888879 0.11177083333333329
7 0.4253819444444444 0.15197916666666664 0.09586805555555564 0.1015625
9 0.33230902777777777 0.18567708333333335 0.09104166666666665 0.09500000000000001
12 0.30690972222222224 0.09635416666666666 0.0941319444444444 0.09364583333333332
12 0.10552083333333333 0.14552083333333332 0.1114236111111111 0.0994791666666667
11 0.1354861111111111 0.06458333333333334 0.11652777777777779 0.11854166666666666
8 0.12428819444444446 0.04036458333333333 0.12017361111111109 0.07197916666666668