10 0.43597222222222226 0.38347800925925923 0.12270833333333328 0.09785879629629637
10 0.6869791666666666 0.49473379629629627 0.081111111111111 0.07297453703703702
10 0.15416666666666667 0.42022569444444446 0.09517361111111114 0.07401620370370363
10 0.14506944444444442 0.1454571759259259 0.12208333333333332 0.08379629629629629
10 0.4409895833333334 0.513888888888889 0.08090277777777785 0.06828703703703702
12 0.6334722222222222 0.6574074074074074 0.079826388888889 0.07910879629629619
10 0.913420138888889 0.7015046296296296 0.071597222222222 0.06915509259259274
7 0.11527777777777777 0.5964409722222223 0.12107638888888887 0.09618055555555553
12 0.4569270833333333 0.767361111111111 0.07486111111111118 0.07251157407407405
7 0.2944791666666667 0.7039351851851852 0.09430555555555556 0.08952546296296297
9 0.8989930555555556 0.8499421296296298 0.072152777777778 0.08165509259259238
9 0.37796875 0.6377025462962964 0.08947916666666673 0.08605324074074083
11 0.6350173611111112 0.7797743055555555 0.08468750000000007 0.11840277777777786
8 0.6894097222222222 0.8647858796296297 0.08211805555555554 0.1306712962962962