5 0.6184722222222222 0.693587962962963 0.0794791666666665 0.05681712962962955
2 0.6237731481481481 0.6365393518518518 0.08063657407407412 0.04901620370370381
0 0.6252604166666667 0.5927951388888889 0.08960648148148138 0.04127314814814831
1 0.644380787037037 0.5403298611111111 0.12454861111111111 0.052465277777777784
4 0.640925925925926 0.4864699074074075 0.11196759259259252 0.05081018518518512
0 0.6192187499999999 0.4382118055555555 0.08804398148148138 0.04126157407407405
2 0.6213946759259259 0.3811863425925926 0.08187499999999996 0.0427777777777778
5 0.6222627314814815 0.3343229166666667 0.07069444444444457 0.03800925925925922
3 0.4617592592592592 0.7337962962962964 0.07734953703703695 0.04586805555555564
3 0.5140046296296296 0.6599999999999999 0.06953703703703695 0.04581018518518505
3 0.5119907407407407 0.6084722222222222 0.06953703703703695 0.045810185185185225
3 0.5125636574074074 0.5522395833333333 0.06312500000000014 0.04263888888888889
3 0.5120312499999999 0.5022627314814815 0.06657407407407412 0.04891203703703706
3 0.5085358796296295 0.4491840277777778 0.06436342592592581 0.036400462962962975
3 0.5076678240740741 0.390619212962963 0.07710648148148139 0.041180555555555644
3 0.4405671296296296 0.34425925925925926 0.0642824074074074 0.03483796296296297
10 0.4369965277777778 0.5637326388888889 0.07422453703703695 0.04584490740740747
10 0.3956134259259259 0.6991435185185185 0.06164351851851855 0.04418981481481481
10 0.3240914351851852 0.7832349537037038 0.0682986111111111 0.05204861111111114
10 0.31026041666666665 0.6583854166666667 0.0682986111111111 0.05204861111111114
10 0.32674189814814814 0.596568287037037 0.07101851851851855 0.04425925925925931
10 0.30979166666666663 0.531875 0.07241898148148156 0.041145833333333215
10 0.3628645833333333 0.41199652777777784 0.07438657407407404 0.048969907407407476
10 0.35964120370370367 0.3386111111111111 0.07430555555555554 0.047407407407407384
12 0.17490740740740743 0.8288541666666667 0.08193287037037038 0.0740162037037038
9 0.16815393518518518 0.7633043981481482 0.08432870370370371 0.059976851851851976
7 0.1623032407407407 0.6954050925925925 0.09074074074074075 0.06314814814814813
11 0.17355902777777776 0.6289409722222222 0.11902777777777777 0.06648148148148145
8 0.16993055555555553 0.5633680555555556 0.11434027777777778 0.06644675925925939
7 0.15515046296296298 0.48694444444444446 0.08023148148148147 0.04120370370370363
9 0.1448148148148148 0.4151736111111111 0.09831018518518517 0.058518518518518546
12 0.12164351851851851 0.3349074074074074 0.08400462962962965 0.053726851851851797