3 0.8878125000000001 0.2652083333333334 0.06239583333333343 0.03687500000000003
3 0.8558333333333333 0.215625 0.056076388888888926 0.034895833333333307
3 0.8196180555555556 0.21177083333333332 0.06409722222222243 0.0401041666666667
3 0.7814409722222222 0.2166666666666667 0.06097222222222225 0.03989583333333328
3 0.7407118055555555 0.21703125 0.06899305555555557 0.04510416666666668
3 0.6905381944444444 0.21645833333333334 0.06437500000000007 0.046354166666666696
3 0.6389756944444445 0.21989583333333332 0.07076388888888889 0.04989583333333334
10 0.8972743055555554 0.31942708333333336 0.06083333333333343 0.03677083333333329
10 0.8564756944444444 0.3182291666666667 0.059340277777777575 0.03822916666666672
10 0.790625 0.37041666666666667 0.06552083333333343 0.03708333333333336
10 0.7420833333333333 0.3713020833333333 0.06381944444444443 0.03385416666666661
5 0.8858680555555555 0.11567708333333333 0.06572916666666657 0.041770833333333354
2 0.8591666666666665 0.11432291666666668 0.08013888888888872 0.05052083333333335
0 0.8224131944444444 0.11598958333333334 0.08802083333333321 0.05260416666666665
4 0.7973263888888888 0.09807291666666666 0.12458333333333335 0.06906250000000003
1 0.7562152777777778 0.08984375 0.1453819444444445 0.08135416666666666
0 0.6867534722222223 0.09604166666666666 0.09611111111111122 0.059375
2 0.6364409722222222 0.09234375 0.08680555555555572 0.06031250000000001
12 0.9175000000000001 0.43953124999999993 0.059201388888888574 0.035104166666666714
9 0.8800694444444443 0.44359374999999995 0.07170138888888893 0.0359375
7 0.8497395833333332 0.4487500000000001 0.08434027777777757 0.03989583333333328
8 0.8299826388888889 0.46260416666666665 0.12715277777777773 0.056770833333333395
11 0.7803993055555555 0.47531249999999997 0.11947916666666672 0.059375
7 0.7229340277777778 0.4869791666666667 0.09576388888888872 0.0515625
9 0.6726736111111111 0.5020833333333334 0.08510416666666672 0.057083333333333285
12 0.6128993055555556 0.5146875 0.08340277777777771 0.05385416666666672
5 0.5667013888888889 0.09229166666666667 0.08701388888888886 0.06500000000000002
10 0.5907118055555556 0.4033333333333333 0.07375000000000007 0.04697916666666675
10 0.6433333333333333 0.33557291666666667 0.06878472222222225 0.04041666666666668
10 0.7459374999999999 0.28171875 0.06878472222222207 0.04041666666666668
10 0.6983854166666668 0.39302083333333326 0.06565972222222208 0.04020833333333336
3 0.5830555555555555 0.28395833333333337 0.0801388888888889 0.05052083333333339