5 0.2759548611111111 0.8512094907407407 0.10847222222222222 0.10550925925925939
3 0.08701388888888889 0.6599537037037038 0.1590277777777778 0.13310185185185192
3 0.054861111111111104 0.7693518518518518 0.07263888888888889 0.10833333333333339
3 0.4928298611111111 0.7709432870370371 0.11961805555555553 0.11545138888888892
3 0.9191840277777779 0.5560590277777778 0.14149305555555572 0.1165856481481482
3 0.7791319444444444 0.4877893518518518 0.16194444444444453 0.1238888888888889
3 0.5895138888888889 0.4677893518518519 0.1574305555555556 0.13145833333333332
5 0.6276215277777778 0.6535706018518519 0.14944444444444435 0.12324074074074076
2 0.2888368055555556 0.7642766203703705 0.13562500000000002 0.13344907407407405
0 0.8136805555555554 0.6929398148148148 0.152847222222222 0.13590277777777776
2 0.46637152777777774 0.6240914351851852 0.14854166666666657 0.1528472222222222
4 0.2185763888888889 0.5471064814814814 0.2094444444444444 0.22467592592592603