8 0.1859375 0.36640625 0.06640625 0.09296875
11 0.18515625 0.42109375 0.059375 0.07421875
7 0.1953125 0.33125 0.05546875 0.06171875
12 0.196875 0.25234375 0.05390625 0.05234375
10 0.27265625 0.6046875 0.0484375 0.0390625
10 0.26875 0.534375 0.0421875 0.0359375
10 0.26875 0.484375 0.0484375 0.04140625
10 0.27109375 0.4328125 0.05859375 0.04453125
10 0.26953125 0.38203125 0.04453125 0.0453125
10 0.265625 0.3359375 0.04140625 0.04765625
10 0.26953125 0.29765625 0.04921875 0.03828125
10 0.27109375 0.2609375 0.04765625 0.03984375
12 0.17890625 0.596875 0.06796875 0.06015625
9 0.18125 0.534375 0.06796875 0.0609375
9 0.1921875 0.29453125 0.05703125 0.05625
7 0.1859375 0.47734375 0.06640625 0.06015625
3 0.684375 0.57890625 0.04921875 0.0484375
3 0.6703125 0.528125 0.05625 0.03828125
3 0.65625 0.471875 0.04921875 0.05
3 0.640625 0.421875 0.03984375 0.046875
3 0.62890625 0.37734375 0.0375 0.04375
3 0.62265625 0.33671875 0.0359375 0.03984375
3 0.6125 0.2953125 0.04296875 0.0484375
3 0.6078125 0.25703125 0.0421875 0.0421875
5 0.671875 0.24609375 0.0375 0.053125
5 0.7796875 0.57109375 0.05859375 0.04921875
2 0.68515625 0.284375 0.04140625 0.0609375
2 0.7578125 0.51953125 0.07109375 0.0484375
0 0.69765625 0.32421875 0.04609375 0.0578125
0 0.73984375 0.46171875 0.05390625 0.05625
4 0.7109375 0.3578125 0.06328125 0.08125
1 0.73515625 0.4015625 0.08046875 0.0796875