10 0.3392534722222222 0.39286458333333335 0.06652777777777778 0.04111111111111114
10 0.2781076388888889 0.5597511574074074 0.061875000000000034 0.04263888888888889
3 0.38819444444444445 0.45032407407407404 0.07298611111111111 0.05053240740740748
3 0.39253472222222224 0.3995023148148148 0.061875000000000034 0.04263888888888889
5 0.5076562499999999 0.23534143518518516 0.08718749999999993 0.05688657407407405
2 0.5013194444444444 0.30180555555555555 0.09656249999999993 0.056956018518518545
0 0.4923090277777778 0.35344328703703703 0.1027430555555556 0.05387731481481488
1 0.4646875 0.4114699074074074 0.1358680555555555 0.06818287037037045
4 0.46211805555555563 0.4716550925925926 0.1233680555555555 0.06809027777777779
0 0.46019097222222227 0.5255844907407408 0.09180555555555543 0.0537962962962963
2 0.4606770833333334 0.5826215277777778 0.08718749999999993 0.05688657407407405
5 0.4618055555555555 0.6334027777777778 0.07947916666666668 0.06151620370370381
3 0.36532986111111115 0.23014467592592594 0.06656250000000004 0.04267361111111114
3 0.40499999999999997 0.2923611111111111 0.07281250000000003 0.04271990740740739
3 0.3991493055555556 0.34553819444444445 0.06805555555555554 0.039560185185185226
3 0.3830208333333333 0.49880787037037033 0.06986111111111111 0.05050925925925931
3 0.3763020833333333 0.5480844907407407 0.05718750000000004 0.042604166666666644
3 0.3245138888888889 0.5734722222222223 0.06666666666666661 0.047361111111111145
10 0.2894965277777778 0.5096585648148148 0.06659722222222228 0.04423611111111114
10 0.2663368055555556 0.4168460648148148 0.06343750000000004 0.04265046296296297
10 0.2722569444444445 0.36679398148148146 0.06958333333333329 0.03800925925925922
10 0.27041666666666664 0.3191435185185185 0.06652777777777778 0.04111111111111114
10 0.3186979166666667 0.2765914351851852 0.06496527777777779 0.04109953703703706
10 0.28227430555555555 0.21982060185185187 0.06493055555555553 0.03953703703703706
12 0.20800347222222224 0.21802662037037038 0.07274305555555553 0.039594907407407384
9 0.20203125000000002 0.2657349537037037 0.0807291666666666 0.0474652777777778
9 0.18583333333333335 0.48620370370370375 0.07930555555555552 0.05370370370370381
12 0.1813715277777778 0.5315567129629629 0.06815972222222219 0.04424768518518522
7 0.18722222222222223 0.44321759259259264 0.09013888888888885 0.049097222222222216
7 0.1943923611111111 0.30876736111111114 0.08843749999999999 0.04283564814814813
11 0.18048611111111112 0.3510648148148148 0.11368055555555552 0.05395833333333329
8 0.16810763888888888 0.3917881944444444 0.12472222222222222 0.05872685185185187