10 0.2242534722222222 0.317806712962963 0.053611111111111144 0.06641203703703705
10 0.2616956018518518 0.3094386574074074 0.05206018518518522 0.06795138888888888
10 0.30380208333333336 0.2978761574074074 0.06284722222222223 0.047800925925925955
10 0.35222800925925923 0.2955960648148148 0.053576388888888896 0.06172453703703704
10 0.39200810185185186 0.28641203703703705 0.058240740740740725 0.058668981481481454
10 0.44425347222222217 0.2723553240740741 0.05513888888888872 0.06174768518518512
10 0.49494791666666665 0.2598842592592593 0.05350694444444457 0.05234953703703704
10 0.5620601851851852 0.24873263888888886 0.055196759259259306 0.06956018518518511
12 0.20031249999999998 0.2501851851851852 0.06296296296296297 0.06342592592592596
12 0.5434375 0.1607175925925926 0.06297453703703706 0.06498842592592595
9 0.4771064814814815 0.1718576388888889 0.06626157407407404 0.08690972222222224
9 0.23380787037037037 0.23640625 0.05671296296296298 0.06333333333333328
7 0.2767650462962963 0.23420717592592594 0.06760416666666665 0.05724537037037036
7 0.42096064814814815 0.18675347222222222 0.07565972222222221 0.09017361111111111
11 0.3671701388888889 0.20317708333333334 0.08337962962962972 0.07778935185185185
8 0.3078935185185185 0.21733796296296298 0.09591435185185179 0.08266203703703709
3 0.28609953703703705 0.6505208333333334 0.058229166666666644 0.05710648148148145
3 0.3235590277777778 0.6444965277777778 0.04724537037037031 0.050694444444444466
3 0.37124999999999997 0.6484780092592592 0.05200231481481481 0.060138888888888783
3 0.40717592592592594 0.6463831018518519 0.05511574074074073 0.05862268518518512
3 0.454068287037037 0.6480324074074074 0.058391203703703806 0.07898148148148146
3 0.5064641203703704 0.6542881944444444 0.05355324074074073 0.05859953703703695
3 0.5658391203703704 0.6534085648148148 0.04253472222222214 0.04750000000000014
3 0.6174363425925925 0.657332175925926 0.05194444444444457 0.052326388888888783
5 0.2904571759259259 0.711400462962963 0.05189814814814815 0.046076388888888785
5 0.626724537037037 0.7509548611111111 0.055173611111111145 0.06643518518518512
2 0.5735243055555556 0.7415856481481482 0.06622685185185198 0.08222222222222228
2 0.33035300925925926 0.7178414351851852 0.06447916666666664 0.05719907407407412
0 0.3717766203703704 0.7195717592592592 0.06609953703703705 0.06503472222222229
0 0.5156655092592592 0.7361921296296297 0.06311342592592588 0.08373842592592595
4 0.40388888888888885 0.7300347222222222 0.0864467592592593 0.0700231481481481
1 0.45243055555555556 0.7433796296296297 0.0881712962962963 0.09192129629629626