10 0.5858680555555555 0.5703125 0.05444444444444443 0.06291666666666665
10 0.5467534722222223 0.6052604166666666 0.05482638888888882 0.08010416666666664
10 0.5083854166666667 0.6418229166666667 0.04677083333333343 0.06864583333333343
10 0.46690972222222216 0.6773958333333333 0.048263888888888926 0.065625
10 0.3591666666666667 0.7727083333333333 0.04486111111111111 0.0529166666666665
10 0.32489583333333333 0.8009375000000001 0.05121527777777777 0.05802083333333315
12 0.6065277777777778 0.6264583333333332 0.07385416666666664 0.09385416666666657
12 0.32982638888888893 0.8607291666666667 0.06090277777777775 0.07270833333333329
9 0.36272569444444447 0.8238020833333334 0.07059027777777782 0.08739583333333342
9 0.5596180555555555 0.6601041666666667 0.070451388888889 0.08114583333333343
7 0.5174305555555556 0.6925 0.06597222222222214 0.09020833333333336
7 0.39848958333333334 0.7988020833333334 0.06572916666666666 0.07927083333333336
11 0.4212847222222222 0.7588541666666667 0.09295138888888896 0.11072916666666668
8 0.4572743055555556 0.7236979166666666 0.10416666666666678 0.12395833333333321
3 0.5089930555555555 0.36802083333333335 0.05135416666666668 0.06427083333333332
3 0.4808159722222222 0.40369791666666666 0.045069444444444426 0.062291666666666676
3 0.4440798611111111 0.4372395833333334 0.043368055555555604 0.05593749999999993
3 0.4192013888888889 0.4653124999999999 0.04649305555555561 0.05614583333333343
3 0.3919097222222222 0.4963541666666666 0.04649305555555552 0.05614583333333343
3 0.3623090277777778 0.5256770833333333 0.05121527777777786 0.05802083333333332
3 0.3334201388888889 0.5581770833333334 0.041736111111111106 0.05270833333333336
3 0.31024305555555554 0.5801041666666666 0.04489583333333336 0.054479166666666676
5 0.4958680555555556 0.32489583333333333 0.0514930555555555 0.07052083333333332
5 0.2994791666666667 0.5363541666666667 0.04482638888888886 0.05135416666666668
2 0.4606423611111111 0.3608854166666667 0.0514930555555555 0.07052083333333332
2 0.3227777777777778 0.5089583333333334 0.04663194444444443 0.06239583333333343
0 0.4318402777777777 0.38947916666666665 0.051423611111111 0.06739583333333332
0 0.34998263888888886 0.48182291666666666 0.05913194444444443 0.06322916666666671
4 0.39760416666666665 0.4161458333333333 0.06906249999999999 0.08885416666666668
1 0.36493055555555554 0.44291666666666674 0.07704861111111114 0.09718750000000007