8 0.2421875 0.11953125 0.12265625 0.11953125
10 0.42734375 0.6 0.10859375 0.08828125
10 0.065625 0.39140625 0.08125 0.06640625
10 0.7859375 0.4453125 0.06953125 0.0671875
10 0.56953125 0.396875 0.06328125 0.0671875
10 0.2546875 0.44609375 0.0734375 0.06796875
9 0.0453125 0.16015625 0.07421875 0.0703125
7 0.571875 0.19609375 0.05546875 0.08359375
10 0.33125 0.35546875 0.0640625 0.06328125
7 0.7 0.25625 0.06484375 0.08984375
10 0.74921875 0.35390625 0.06015625 0.0640625
9 0.45859375 0.25625 0.06953125 0.08203125
12 0.20859375 0.27265625 0.10625 0.0796875
12 0.446875 0.16875 0.06953125 0.06640625
11 0.26015625 0.1734375 0.12265625 0.11171875