8 0.6330034722222223 0.7633506944444444 0.13510416666666672 0.18024305555555548
10 0.3281076388888889 0.08818865740740742 0.1634722222222223 0.12240740740740741
10 0.6510243055555556 0.19879050925925928 0.15531249999999996 0.10637731481481483
10 0.32276041666666666 0.2936168981481481 0.14288194444444446 0.10885416666666661
10 0.9272916666666667 0.4727893518518519 0.12638888888888894 0.1392129629629629
12 0.5652430555555557 0.4688773148148148 0.14013888888888887 0.12587962962962962
12 0.3032638888888889 0.6782060185185185 0.11020833333333328 0.11340277777777778
9 0.8973090277777779 0.6957118055555556 0.1712847222222223 0.12281249999999985
9 0.21104166666666666 0.49900462962962966 0.125 0.1469444444444445
7 0.1034375 0.624826388888889 0.12017361111111113 0.14045138888888892
11 0.5605729166666666 0.6438368055555556 0.12368055555555557 0.15780092592592593