3 0.8812847222222221 0.42690972222222223 0.05093749999999986 0.04255787037037031
3 0.8245486111111111 0.4483680555555555 0.04298611111111121 0.036250000000000074
3 0.774079861111111 0.4690914351851852 0.04777777777777779 0.040972222222222146
3 0.7134548611111111 0.48973958333333334 0.03996527777777779 0.0409143518518519
3 0.6598263888888889 0.5120023148148147 0.03836805555555554 0.03934027777777764
3 0.5974999999999999 0.538888888888889 0.03989583333333328 0.03778935185185191
3 0.5330034722222222 0.5579456018518518 0.044652777777777784 0.04094907407407398
3 0.47463541666666664 0.5825173611111112 0.041597222222222285 0.04405092592592581
5 0.5041666666666667 0.6249305555555555 0.049548611111111106 0.0503587962962964
5 0.9358680555555555 0.46716435185185184 0.05743055555555543 0.05354166666666664
2 0.8847743055555555 0.4808506944444444 0.06680555555555542 0.053611111111111144
2 0.5804340277777778 0.6036168981481481 0.04010416666666679 0.0471643518518519
0 0.6318055555555555 0.5774305555555556 0.04951388888888886 0.04879629629629641
0 0.8194965277777777 0.4999016203703704 0.05427083333333336 0.05195601851851848
4 0.7666319444444445 0.5229513888888888 0.05621527777777775 0.06915509259259274
1 0.6996527777777779 0.5482407407407408 0.06260416666666657 0.07545138888888889
10 0.3204513888888889 0.3829050925925926 0.044791666666666605 0.04719907407407416
10 0.36993055555555554 0.3715509259259259 0.038437500000000034 0.042465277777777824
10 0.42746527777777776 0.34931712962962963 0.04152777777777779 0.04092592592592599
10 0.4864583333333333 0.3317824074074074 0.03996527777777779 0.0409143518518519
10 0.5415972222222223 0.311875 0.03534722222222229 0.04400462962962966
10 0.5928993055555556 0.2888136574074074 0.030555555555555537 0.039282407407407405
10 0.6448437499999999 0.27200810185185187 0.030625000000000034 0.04240740740740741
10 0.6951562499999999 0.2583159722222222 0.03836805555555571 0.03934027777777782
12 0.67109375 0.21594328703703702 0.038541666666666606 0.04715277777777782
12 0.28911458333333334 0.35141782407407407 0.049548611111111106 0.05035879629629623
9 0.3443229166666667 0.32838541666666665 0.04805555555555561 0.053472222222222233
9 0.6135416666666667 0.23895833333333333 0.04031249999999993 0.0565393518518519
7 0.5639930555555555 0.2534375 0.038680555555555426 0.05340277777777782
7 0.39946180555555555 0.3084780092592593 0.04975694444444443 0.05973379629629631
8 0.5068229166666667 0.2592650462962963 0.050277777777777824 0.08317129629629631
11 0.4523611111111111 0.2838657407407408 0.05315972222222225 0.07225694444444439