3 0.4614756944444444 0.7391666666666666 0.02652777777777775 0.03474537037037031
3 0.4952256944444445 0.7256134259259259 0.02972222222222225 0.036354166666666646
3 0.542326388888889 0.7138194444444445 0.02965277777777775 0.034791666666666644
3 0.5801215277777778 0.7034490740740741 0.03284722222222225 0.036400462962962975
3 0.6232118055555556 0.6892534722222222 0.03454861111111107 0.039548611111111145
3 0.6703472222222222 0.6782407407407407 0.03284722222222225 0.036400462962962975
3 0.7180208333333333 0.6617708333333333 0.032777777777777926 0.03483796296296297
3 0.7605034722222223 0.6514699074074074 0.04392361111111107 0.039687499999999966
5 0.48730902777777774 0.758287037037037 0.03142361111111107 0.03950231481481481
5 0.7944270833333333 0.6769560185185185 0.041006944444444395 0.04432870370370381
2 0.5297916666666667 0.7479861111111111 0.03802083333333339 0.047407407407407474
2 0.7504513888888888 0.6887962962962962 0.044340277777777715 0.04906250000000014
0 0.5708854166666667 0.741568287037037 0.03659722222222221 0.05050925925925931
0 0.6996180555555556 0.7044386574074074 0.044479166666666715 0.05218749999999996
4 0.6128298611111112 0.736724537037037 0.0484375 0.0709837962962963
1 0.6616319444444445 0.7280787037037036 0.05972222222222214 0.07895833333333328
12 0.23182291666666668 0.6311458333333333 0.04277777777777771 0.0490393518518518
12 0.5853993055555555 0.5060011574074075 0.052430555555555536 0.05542824074074062
9 0.2787152777777778 0.6146643518518518 0.039722222222222214 0.050555555555555645
9 0.5255034722222222 0.5285358796296296 0.04930555555555571 0.05538194444444446
7 0.3258506944444445 0.6036516203703703 0.04631944444444445 0.05846064814814813
7 0.47100694444444446 0.5495891203703703 0.05284722222222218 0.06480324074074062
8 0.37546875 0.5957986111111111 0.050833333333333286 0.08975694444444446
11 0.42758680555555556 0.5739293981481481 0.058090277777777824 0.07737268518518511
10 0.6278472222222222 0.5300520833333333 0.045763888888888715 0.04596064814814813
10 0.5608159722222222 0.550138888888889 0.044201388888888894 0.045937499999999964
10 0.5116493055555555 0.5681481481481482 0.03774305555555557 0.041157407407407476
10 0.4641145833333333 0.5877430555555556 0.03774305555555557 0.041157407407407476
10 0.4116493055555555 0.6017997685185186 0.03468750000000007 0.04267361111111114
10 0.36156249999999995 0.6166724537037037 0.02673611111111107 0.03943287037037031
10 0.3217013888888889 0.6332581018518518 0.037812499999999985 0.04271990740740748
10 0.2780034722222222 0.6513483796296297 0.03576388888888893 0.031759259259259306