12 0.3975983796296296 0.7331076388888889 0.05715277777777779 0.06218749999999993
9 0.3856886574074074 0.6935416666666667 0.061863425925925954 0.06385416666666668
7 0.36898726851851854 0.6611111111111111 0.061979166666666606 0.0716666666666665
8 0.34518518518518515 0.6335243055555556 0.08263888888888893 0.09555555555555557
11 0.32864583333333336 0.59015625 0.08560185185185185 0.08468750000000007
5 0.8382928240740741 0.6131944444444445 0.05869212962962962 0.06065972222222218
2 0.830943287037037 0.5821180555555555 0.07130787037037045 0.06875
0 0.8228819444444444 0.5463715277777779 0.06818287037037045 0.0686805555555555
4 0.83203125 0.5086805555555556 0.08410879629629626 0.08934027777777782
1 0.8303587962962963 0.4634201388888889 0.09208333333333343 0.1004513888888889
0 0.8187615740740741 0.4027604166666666 0.07909722222222229 0.06736111111111107
10 0.3404861111111111 0.42354166666666665 0.06020833333333329 0.05756944444444443
10 0.363287037037037 0.46598958333333335 0.06172453703703704 0.054479166666666676
10 0.3773900462962963 0.5156597222222222 0.05859953703703704 0.05440972222222236
10 0.4009722222222222 0.5580902777777779 0.058553240740740795 0.051284722222222356
10 0.41675347222222225 0.5999131944444445 0.050740740740740795 0.05111111111111111
10 0.4310300925925926 0.6378645833333334 0.052303240740740796 0.051145833333333356
10 0.4429398148148148 0.6774305555555555 0.047546296296296295 0.046354166666666786
10 0.4620196759259259 0.7074652777777778 0.05398148148148145 0.058993055555555604
3 0.7223668981481481 0.3197743055555556 0.06491898148148145 0.05923611111111118
3 0.7270601851851852 0.3719965277777778 0.06177083333333329 0.05760416666666668
3 0.7403935185185185 0.4209027777777778 0.05857638888888879 0.05284722222222218
3 0.7482696759259259 0.4691493055555556 0.055474537037036954 0.054340277777777855
3 0.7491956018518519 0.5120833333333333 0.05076388888888879 0.05267361111111111
3 0.7579803240740741 0.55171875 0.05071759259259245 0.049548611111111106
3 0.7613425925925925 0.5883506944444444 0.0506712962962963 0.04642361111111111
3 0.7670486111111111 0.6249305555555555 0.050717592592592634 0.049548611111111106
5 0.8015856481481481 0.29692708333333334 0.07592592592592595 0.06416666666666666
2 0.8147453703703704 0.3575520833333333 0.07282407407407412 0.06565972222222224
12 0.2675752314814815 0.44234375000000004 0.06809027777777779 0.0624305555555555
9 0.2886400462962963 0.4965451388888889 0.06030092592592595 0.06381944444444443
7 0.3114293981481482 0.5397743055555555 0.06969907407407412 0.06559027777777793