10 0.5890625 0.64140625 0.11328125 0.08203125
10 0.3390625 0.56171875 0.0734375 0.0640625
10 0.86796875 0.56875 0.08828125 0.06171875
10 0.8796875 0.84296875 0.11484375 0.06875
10 0.5828125 0.5125 0.07578125 0.0578125
12 0.390625 0.3921875 0.0734375 0.0703125
10 0.1125 0.384375 0.06640625 0.0609375
7 0.90546875 0.3890625 0.11171875 0.08125
12 0.56484375 0.26015625 0.06796875 0.0640625
7 0.72578125 0.30390625 0.0859375 0.078125
9 0.12578125 0.23359375 0.06484375 0.0734375
9 0.64375 0.38046875 0.0828125 0.075
11 0.3875 0.2703125 0.07265625 0.1078125
8 0.3328125 0.19296875 0.0703125 0.12109375