12 0.745162037037037 0.7261921296296296 0.0584837962962963 0.0668981481481481
12 0.3505844907407408 0.8525752314814813 0.05572916666666661 0.07298611111111128
9 0.686099537037037 0.7502835648148147 0.060416666666666785 0.0732291666666665
9 0.4098726851851852 0.837818287037037 0.04938657407407412 0.07109953703703695
7 0.6330150462962963 0.7654976851851851 0.05857638888888879 0.06846064814814809
7 0.4640625 0.8170949074074073 0.0537962962962963 0.06665509259259253
11 0.5836516203703704 0.7836342592592592 0.06372685185185176 0.07651620370370367
8 0.5272106481481481 0.8029166666666667 0.05812500000000007 0.0871296296296297
10 0.3432175925925926 0.7797453703703703 0.05480324074074074 0.057361111111111106
10 0.3973148148148148 0.7605844907407407 0.04184027777777786 0.04890046296296298
10 0.45131944444444444 0.742986111111111 0.043773148148148165 0.05523148148148138
10 0.5062905092592592 0.7222222222222222 0.045798611111111144 0.06312499999999996
10 0.5595601851851851 0.7038831018518519 0.043773148148148165 0.05523148148148138
10 0.6180208333333334 0.6899479166666667 0.047083333333333324 0.058518518518518546
10 0.6665104166666668 0.6734143518518518 0.048553240740740834 0.057037037037036956
10 0.7333854166666667 0.6489178240740741 0.04515046296296301 0.052187500000000143
5 0.2614236111111111 0.34627314814814814 0.055358796296296295 0.06673611111111111
5 0.6437731481481481 0.22909143518518515 0.06519675925925927 0.07503472222222225
2 0.32153935185185184 0.33069444444444446 0.0616087962962963 0.06706018518518517
2 0.5960185185185185 0.24636574074074075 0.06694444444444443 0.07824074074074075
0 0.37251157407407404 0.31169560185185186 0.05342592592592599 0.060405092592592524
0 0.5364525462962962 0.2658101851851852 0.06344907407407412 0.07182870370370367
4 0.42339120370370376 0.2942592592592593 0.06225694444444443 0.07799768518518517
1 0.4849768518518518 0.28016203703703707 0.07890046296296305 0.09599537037037038
3 0.27835069444444444 0.41549189814814813 0.045798611111111144 0.06312499999999996
3 0.33405092592592595 0.40870949074074076 0.05452546296296301 0.05267361111111111
3 0.39738425925925924 0.39140625 0.050023148148148164 0.05555555555555554
3 0.4449074074074074 0.3780381944444444 0.04846064814814817 0.055474537037037044
3 0.4963368055555556 0.36446759259259254 0.04165509259259252 0.045775462962962976
3 0.5522743055555555 0.34053819444444444 0.04671296296296283 0.05226851851851855
3 0.6086689814814814 0.322037037037037 0.051400462962962835 0.05251157407407403
3 0.6578009259259259 0.30780671296296297 0.048831018518518475 0.06172453703703704