5 0.7958333333333334 0.6949652777777777 0.08677083333333328 0.062442129629629584
5 0.96546875 0.44354745370370374 0.06802083333333328 0.03836805555555554
2 0.8349479166666667 0.6473090277777779 0.08468750000000007 0.05457175925925917
2 0.9467708333333335 0.4685185185185185 0.08250000000000028 0.04513888888888893
0 0.860625 0.609548611111111 0.09427083333333357 0.05804398148148149
0 0.9321874999999998 0.49646990740740743 0.08260416666666685 0.04670138888888893
1 0.9073958333333334 0.5710069444444444 0.14041666666666686 0.07222222222222215
4 0.9273958333333333 0.530324074074074 0.11979166666666644 0.06678240740740744
3 0.8896354166666667 0.33984375 0.06322916666666671 0.03663194444444447
3 0.8953645833333332 0.4022858796296296 0.06031249999999986 0.03964120370370381
3 0.8748958333333334 0.4359375 0.06166666666666672 0.03657407407407405
3 0.8502083333333333 0.46504629629629635 0.060104166666666715 0.03651620370370381
3 0.8258333333333333 0.49884259259259256 0.06333333333333328 0.03819444444444446
3 0.7970833333333334 0.5375 0.06187499999999986 0.039699074074074046
3 0.7683854166666666 0.5769386574074075 0.06354166666666679 0.041319444444444284
3 0.6983854166666668 0.584230324074074 0.07020833333333343 0.047800925925925955
12 0.5405208333333332 0.4130787037037037 0.09250000000000007 0.05486111111111107
12 0.7969791666666666 0.17175925925925925 0.07927083333333336 0.04346064814814814
9 0.58828125 0.3658854166666667 0.0953125 0.050289351851851904
9 0.7725520833333335 0.20477430555555554 0.08718749999999993 0.0453125
7 0.63671875 0.32884837962962965 0.09354166666666668 0.047106481481481485
7 0.7469791666666666 0.23234953703703703 0.09937500000000003 0.04108796296296298
11 0.68984375 0.2916377314814815 0.13031249999999997 0.0609375
8 0.73046875 0.2548900462962963 0.1390625 0.05190972222222223
10 0.6140104166666667 0.5051215277777777 0.0796875 0.049710648148148094
10 0.6961458333333332 0.5036458333333333 0.0752083333333335 0.05266203703703702
10 0.6912499999999999 0.4184606481481482 0.06822916666666679 0.04149305555555553
10 0.79296875 0.4522858796296296 0.06354166666666679 0.041319444444444284
10 0.73265625 0.393431712962963 0.061562500000000145 0.03501157407407405
10 0.76359375 0.35234375 0.06791666666666671 0.036805555555555536
10 0.838125 0.33078703703703705 0.06479166666666672 0.03668981481481488
10 0.8637499999999999 0.29224537037037035 0.06822916666666642 0.04149305555555553