10 0.2546875 0.64296875 0.03515625 0.04453125
10 0.30546875 0.646875 0.0328125 0.04375
10 0.36953125 0.6609375 0.03125 0.040625
10 0.4296875 0.66328125 0.0265625 0.04609375
10 0.48984375 0.6765625 0.02890625 0.04375
10 0.54921875 0.690625 0.03125 0.04375
10 0.60546875 0.6984375 0.028125 0.04375
10 0.6625 0.70546875 0.03515625 0.0515625
12 0.675 0.79453125 0.05078125 0.0671875
12 0.23515625 0.71796875 0.04921875 0.05
9 0.29765625 0.7296875 0.04921875 0.05390625
9 0.603125 0.775 0.04609375 0.05625
7 0.5421875 0.759375 0.04453125 0.046875
7 0.359375 0.73671875 0.040625 0.05234375
11 0.41796875 0.7421875 0.04375 0.059375
8 0.478125 0.75703125 0.04296875 0.05234375
3 0.30859375 0.2875 0.03671875 0.0546875
3 0.36171875 0.29609375 0.03828125 0.05703125
3 0.4171875 0.30390625 0.0359375 0.0546875
3 0.46953125 0.3109375 0.03125 0.05234375
3 0.51875 0.3234375 0.03046875 0.06015625
3 0.5703125 0.33125 0.02734375 0.0578125
3 0.62109375 0.3390625 0.0328125 0.0578125
3 0.67265625 0.34609375 0.03671875 0.05234375
5 0.68046875 0.2796875 0.03984375 0.06171875
5 0.315625 0.221875 0.040625 0.06328125
2 0.37265625 0.22734375 0.03671875 0.06875
2 0.6359375 0.2734375 0.046875 0.075
0 0.5796875 0.2671875 0.034375 0.0734375
0 0.41875 0.23203125 0.0296875 0.07578125
1 0.47109375 0.22578125 0.0359375 0.1046875
4 0.5296875 0.24140625 0.0328125 0.09609375