5 0.246875 0.29921875 0.04453125 0.07265625
5 0.44765625 0.075 0.0234375 0.06171875
2 0.2828125 0.25 0.03671875 0.0734375
2 0.42734375 0.0984375 0.028125 0.07265625
0 0.31328125 0.21640625 0.03828125 0.08203125
0 0.4046875 0.1203125 0.02890625 0.07421875
1 0.33984375 0.16171875 0.0421875 0.12734375
4 0.3734375 0.13359375 0.040625 0.10859375
3 0.5625 0.12109375 0.02265625 0.05625
3 0.5015625 0.13203125 0.0265625 0.0515625
3 0.47421875 0.159375 0.0234375 0.05546875
3 0.45234375 0.18984375 0.0234375 0.05390625
3 0.42578125 0.221875 0.02578125 0.05703125
3 0.3953125 0.259375 0.028125 0.053125
3 0.36484375 0.296875 0.028125 0.05390625
3 0.37265625 0.3640625 0.034375 0.0609375
12 0.57109375 0.471875 0.03515625 0.08203125
12 0.74140625 0.1671875 0.028125 0.06953125
9 0.6046875 0.41484375 0.0296875 0.0859375
9 0.71640625 0.19921875 0.02578125 0.07890625
7 0.62890625 0.359375 0.028125 0.0859375
7 0.6953125 0.23046875 0.0203125 0.09375
11 0.6515625 0.3 0.0328125 0.11953125
8 0.678125 0.2515625 0.0203125 0.13125
10 0.46640625 0.425 0.03359375 0.06953125
10 0.45 0.346875 0.0359375 0.065625
10 0.53203125 0.3296875 0.02734375 0.059375
10 0.47734375 0.24140625 0.0265625 0.0546875
10 0.54609375 0.284375 0.02265625 0.05546875
10 0.578125 0.24453125 0.02265625 0.0625
10 0.58203125 0.1671875 0.02265625 0.0578125
10 0.6125 0.13359375 0.02734375 0.059375