12 0.5836516203703704 0.11526041666666667 0.08084490740740727 0.07517361111111112
12 0.34068287037037037 0.3951041666666667 0.05648148148148149 0.04965277777777768
9 0.5355324074074075 0.16715277777777776 0.08084490740740727 0.07517361111111112
9 0.366869212962963 0.3632465277777778 0.0627893518518519 0.05135416666666668
7 0.49346064814814816 0.2134375 0.07725694444444446 0.06260416666666666
7 0.3930266203703704 0.3306076388888889 0.06903935185185181 0.0514930555555555
11 0.45251736111111107 0.24796875 0.10104166666666678 0.07249999999999997
8 0.41177662037037044 0.28796875 0.10104166666666678 0.07249999999999997
10 0.3504050925925926 0.44649305555555563 0.04508101851851851 0.03690972222222229
10 0.37890625 0.4138020833333333 0.043634259259259345 0.040000000000000036
10 0.40749421296296295 0.3834548611111111 0.04554398148148149 0.049409722222222285
10 0.44296875 0.3490451388888889 0.051620370370370414 0.04486111111111111
10 0.47922453703703705 0.31461805555555555 0.05017361111111107 0.047951388888888856
10 0.5174479166666666 0.2699826388888889 0.05190972222222214 0.05267361111111111
10 0.5542534722222222 0.22928819444444443 0.058506944444444466 0.06218750000000002
10 0.6094039351851852 0.17723958333333334 0.058506944444444466 0.06218750000000002
3 0.688744212962963 0.5249826388888889 0.06469907407407405 0.06076388888888893
3 0.637644675925926 0.5597395833333334 0.06603009259259256 0.054548611111111
3 0.5866608796296295 0.5976215277777778 0.05844907407407405 0.06062499999999993
3 0.5369791666666667 0.6284375 0.06001157407407405 0.06065972222222218
3 0.4950520833333334 0.6575173611111111 0.055092592592592735 0.054305555555555426
3 0.45865162037037044 0.6880381944444445 0.055092592592592735 0.05430555555555561
3 0.41964699074074074 0.7115798611111112 0.0565393518518519 0.05121527777777786
3 0.385619212962963 0.742829861111111 0.06163194444444446 0.06225694444444443
5 0.7086805555555555 0.6199305555555557 0.07575231481481488 0.0641319444444445
5 0.38295717592592593 0.8187326388888889 0.06603009259259256 0.054548611111111
2 0.6502314814814815 0.64625 0.07916666666666661 0.072013888888889
2 0.421875 0.7928472222222223 0.07534722222222215 0.0531944444444445
0 0.5953125 0.6834374999999999 0.07771990740740745 0.07510416666666657
0 0.4549768518518519 0.7788194444444445 0.07685185185185191 0.05166666666666657
1 0.5315972222222222 0.7153472222222221 0.11550925925925917 0.08374999999999985
4 0.48689236111111106 0.7538715277777778 0.10121527777777786 0.07718750000000014