10 0.08736111111111111 0.8099305555555556 0.09888888888888889 0.16138888888888872
10 0.04241319444444445 0.5011979166666667 0.036701388888888874 0.07572916666666671
10 0.6112152777777778 0.5800694444444444 0.09623842592592595 0.08017361111111114
10 0.18910300925925927 0.4189409722222222 0.10898148148148148 0.08513888888888896
10 0.28235532407407404 0.5279340277777778 0.1107870370370371 0.08986111111111121
12 0.9253125000000001 0.5285069444444443 0.10181712962962948 0.09746527777777772
10 0.5079050925925925 0.7145486111111111 0.11579861111111107 0.09621527777777779
10 0.8328414351851852 0.7362673611111111 0.10634259259259267 0.09444444444444447
11 0.9829687500000001 0.38928819444444446 0.034062499999999926 0.14802083333333335
12 0.8523726851851852 0.3134722222222222 0.0859490740740739 0.09243055555555557
7 0.3870717592592593 0.3300694444444444 0.12614583333333335 0.1151736111111111
7 0.6384027777777778 0.3049305555555556 0.10402777777777779 0.10999999999999996
9 0.6511053240740742 0.4141493055555555 0.1259837962962962 0.11204861111111111