5 0.8942881944444444 0.665625 0.06452546296296298 0.0625
2 0.8734259259259259 0.634375 0.06925925925925931 0.06875
0 0.8416724537037037 0.596875 0.0662037037037038 0.078125
4 0.8302025462962963 0.56328125 0.08033564814814831 0.0875
1 0.8016030092592594 0.521875 0.08665509259259281 0.096875
0 0.7668460648148148 0.46796875 0.06767361111111114 0.065625
12 0.4703645833333333 0.83671875 0.05046296296296297 0.0625
7 0.4106886574074074 0.771875 0.06615740740740747 0.071875
8 0.36788194444444444 0.75 0.08195601851851855 0.0953125
12 0.21987268518518518 0.58671875 0.07547453703703706 0.0640625
9 0.25935763888888885 0.63515625 0.07237268518518522 0.0671875
7 0.3013020833333333 0.66796875 0.07083333333333339 0.0703125
7 0.33770833333333333 0.71015625 0.0819212962962963 0.090625
9 0.4401736111111111 0.79921875 0.06923611111111114 0.065625
10 0.2856770833333333 0.5625 0.05665509259259256 0.0546875
10 0.3245023148148148 0.59453125 0.06445601851851848 0.053125
10 0.3624710648148148 0.63671875 0.058206018518518476 0.053125
10 0.40126736111111116 0.67265625 0.05192129629629623 0.0484375
10 0.4345949074074074 0.70859375 0.05193287037037031 0.05
10 0.46559027777777773 0.74296875 0.047222222222222145 0.046875
10 0.49504629629629626 0.77421875 0.04565972222222214 0.046875
10 0.5284375000000001 0.8015625 0.047222222222222145 0.046875
3 0.6266956018518519 0.40390625 0.058240740740740725 0.0578125
3 0.6591608796296297 0.45078125 0.05196759259259256 0.0546875
3 0.6955439814814814 0.49609375 0.058206018518518476 0.053125
3 0.7225636574074075 0.53984375 0.05194444444444439 0.0515625
3 0.7480555555555556 0.57890625 0.05194444444444457 0.0515625
3 0.7759027777777778 0.61640625 0.055069444444444574 0.0515625
3 0.797505787037037 0.653125 0.05192129629629623 0.0484375
3 0.8261747685185185 0.68515625 0.050393518518518476 0.053125
5 0.6988136574074074 0.37109375 0.06921296296296298 0.0625
2 0.7413946759259259 0.4234375 0.06763888888888889 0.0609375