12 0.56875 0.81171875 0.03203125 0.0546875
9 0.52734375 0.76953125 0.0296875 0.0578125
7 0.4875 0.73671875 0.03046875 0.053125
8 0.4390625 0.7125 0.0375 0.06171875
11 0.40078125 0.6796875 0.0375 0.059375
7 0.3609375 0.6515625 0.03515625 0.053125
9 0.31953125 0.62421875 0.03984375 0.03984375
12 0.27890625 0.59140625 0.03984375 0.03984375
10 0.3234375 0.484375 0.03515625 0.03515625
10 0.3875 0.45859375 0.03125 0.03828125
10 0.40234375 0.54921875 0.03125 0.03515625
10 0.4484375 0.56328125 0.0265625 0.03515625
10 0.4890625 0.60390625 0.02734375 0.03671875
10 0.58203125 0.61171875 0.02734375 0.0359375
10 0.62578125 0.65078125 0.03359375 0.0421875
3 0.65078125 0.58671875 0.03515625 0.03828125
3 0.6390625 0.50390625 0.03203125 0.0375
3 0.5984375 0.4671875 0.02734375 0.03359375
3 0.56015625 0.44296875 0.0296875 0.0359375
3 0.5203125 0.41171875 0.02421875 0.034375
3 0.47734375 0.38125 0.03125 0.03828125
3 0.43671875 0.35625 0.0296875 0.04453125
3 0.36953125 0.375 0.034375 0.04296875
5 0.728125 0.409375 0.03515625 0.046875
5 0.43203125 0.21015625 0.0359375 0.0515625
2 0.478125 0.2421875 0.0328125 0.05859375
2 0.6890625 0.38828125 0.03203125 0.05234375
0 0.64375 0.3625 0.03984375 0.0484375
0 0.515625 0.26484375 0.0296875 0.05546875
1 0.5609375 0.2890625 0.0390625 0.06015625
4 0.60625 0.32578125 0.04375 0.05625