12 0.5562847222222222 0.7678356481481481 0.10010416666666658 0.08010416666666664
12 0.19078125 0.578767361111111 0.0776388888888889 0.05240740740740737
9 0.2272048611111111 0.6025057870370369 0.08875000000000002 0.0607870370370371
9 0.48114583333333333 0.7225810185185185 0.090625 0.0749305555555555
7 0.26741319444444445 0.6209780092592593 0.09506944444444443 0.06423611111111108
7 0.42112847222222227 0.6905960648148148 0.09371527777777774 0.07353009259259266
11 0.3029513888888889 0.639988425925926 0.11878472222222225 0.07795138888888893
8 0.34569444444444447 0.6671759259259259 0.1379513888888889 0.09767361111111121
10 0.20706597222222226 0.5390335648148149 0.07138888888888886 0.05208333333333322
10 0.23770833333333333 0.5484259259259259 0.06354166666666661 0.050115740740740836
10 0.2866666666666667 0.5743750000000001 0.0634722222222222 0.04699074074074083
10 0.3353993055555556 0.5901678240740741 0.06517361111111111 0.053321759259259235
10 0.39137152777777773 0.6157002314814815 0.07298611111111111 0.05372685185185198
10 0.44352430555555555 0.6449363425925926 0.07777777777777786 0.05865740740740755
10 0.5034027777777779 0.6706712962962963 0.06993055555555543 0.05668981481481481
10 0.5671006944444444 0.6927025462962962 0.06666666666666679 0.050277777777777644
3 0.23371527777777779 0.2985069444444444 0.0712847222222222 0.047395833333333394
3 0.27612847222222225 0.31085069444444446 0.06343750000000004 0.04542824074074074
3 0.3246875 0.31883101851851847 0.0760416666666666 0.05076388888888896
3 0.3756597222222222 0.3300578703703704 0.06836805555555561 0.05660879629629623
3 0.4337326388888889 0.34477430555555555 0.06673611111111111 0.05340277777777782
3 0.49097222222222225 0.35710648148148144 0.06180555555555554 0.04222222222222225
3 0.5513888888888889 0.3719444444444444 0.07291666666666678 0.0506018518518518
3 0.6219444444444445 0.3865277777777778 0.07305555555555543 0.0568518518518518
5 0.23576388888888888 0.2502314814814815 0.08069444444444444 0.049444444444444444
5 0.6367361111111112 0.31472222222222224 0.09045138888888893 0.0671180555555555
2 0.2771527777777778 0.25159722222222225 0.09482638888888886 0.053298611111111074
2 0.5647395833333333 0.30552662037037037 0.08729166666666668 0.06539351851851852
0 0.3195486111111111 0.2631597222222222 0.08864583333333335 0.056099537037037094
0 0.49279513888888893 0.29867476851851854 0.09513888888888893 0.06736111111111107
1 0.35458333333333336 0.25951388888888893 0.14065972222222226 0.0790856481481482
4 0.42203125 0.2747164351851852 0.125 0.076712962962963