3 0.37153935185185183 0.10864583333333333 0.04814814814814818 0.055358796296296295
3 0.40710648148148143 0.16128472222222223 0.04149305555555553 0.04745370370370372
3 0.4407465277777778 0.20691550925925925 0.044780092592592524 0.05062499999999996
3 0.4772974537037037 0.2634490740740741 0.04750000000000014 0.0428587962962963
3 0.5126620370370369 0.312181712962963 0.04429398148148138 0.04124999999999997
3 0.5546412037037036 0.36785300925925923 0.04125000000000014 0.04276620370370372
3 0.5906134259259259 0.4283043981481482 0.04453703703703695 0.045937500000000145
3 0.6309490740740741 0.48243634259259255 0.047499999999999966 0.0428587962962963
5 0.6648611111111111 0.44284143518518526 0.05744212962962969 0.05393518518518512
5 0.39716435185185184 0.04493634259259259 0.05932870370370376 0.06020833333333333
2 0.4247164351851852 0.09378472222222221 0.06153935185185198 0.07273148148148148
2 0.6235532407407407 0.36995949074074075 0.053749999999999964 0.04295138888888896
0 0.5852256944444444 0.32439814814814816 0.05423611111111111 0.052326388888888874
0 0.4606481481481481 0.15345486111111112 0.05932870370370367 0.06020833333333333
4 0.4959722222222222 0.20140625 0.07815972222222226 0.06204861111111111
1 0.539056712962963 0.26331597222222225 0.08465277777777783 0.06682870370370378
10 0.47170717592592587 0.6833854166666666 0.05234953703703695 0.0460532407407408
10 0.44662037037037033 0.6368460648148149 0.045775462962962976 0.039710648148148134
10 0.4102719907407407 0.58421875 0.04758101851851855 0.0444212962962963
10 0.37766782407407407 0.5284085648148148 0.045937499999999964 0.04283564814814831
10 0.343744212962963 0.47730902777777773 0.04873842592592599 0.03663194444444447
10 0.30776041666666665 0.43171296296296297 0.04232638888888891 0.0334143518518518
10 0.2779050925925926 0.3836805555555555 0.04545138888888891 0.03346064814814813
10 0.2511747685185185 0.3356018518518519 0.04429398148148147 0.04124999999999997
12 0.21541666666666667 0.3697511574074074 0.052025462962962975 0.03980324074074071
12 0.44795138888888886 0.722829861111111 0.05423611111111111 0.052326388888888783
9 0.41172453703703704 0.6725462962962963 0.06048611111111111 0.052418981481481455
9 0.25254629629629627 0.4223668981481482 0.06320601851851855 0.044652777777777784
7 0.28075810185185185 0.4688599537037037 0.05835648148148147 0.041458333333333285
7 0.37697916666666664 0.6206770833333334 0.0636921296296297 0.054027777777777786
8 0.3001215277777778 0.5256481481481481 0.0887731481481481 0.05596064814814809
11 0.3386111111111111 0.5743344907407407 0.07939814814814809 0.05582175925925927