10 0.3316550925925926 0.19045138888888888 0.07331018518518517 0.060416666666666695
10 0.3172511574074074 0.22763310185185187 0.07487268518518517 0.06047453703703702
10 0.3001388888888889 0.2719328703703704 0.05817129629629623 0.06921296296296298
10 0.2905960648148148 0.320630787037037 0.07026620370370366 0.061863425925925954
10 0.2775520833333333 0.3616608796296296 0.06730324074074075 0.06487268518518521
10 0.25526620370370373 0.41550925925925924 0.07034722222222226 0.06342592592592596
10 0.23622685185185185 0.4668981481481481 0.05760416666666668 0.05827546296296297
10 0.2162962962962963 0.5354745370370371 0.07659722222222225 0.06365740740740744
12 0.2636631944444444 0.16333912037037038 0.07075231481481481 0.07123842592592596
12 0.12857060185185185 0.512991898148148 0.07215277777777777 0.06817129629629619
9 0.14846064814814813 0.4451967592592593 0.09763888888888887 0.07847222222222214
9 0.24633680555555557 0.19673032407407406 0.07026620370370366 0.061863425925925905
7 0.23855902777777777 0.24146412037037038 0.06630787037037038 0.07575231481481479
7 0.17016782407407408 0.3874710648148148 0.10116898148148148 0.08640046296296297
11 0.19483796296296294 0.33275462962962965 0.09063657407407408 0.09380787037037033
8 0.21670717592592595 0.2719039351851852 0.09597222222222221 0.10648148148148148
3 0.6628935185185185 0.26863425925925927 0.06409722222222207 0.06319444444444447
3 0.6523148148148149 0.30723379629629627 0.059085648148148096 0.056770833333333395
3 0.6505844907407408 0.35564236111111114 0.06862268518518526 0.060243055555555536
3 0.6423900462962963 0.39337384259259256 0.06565972222222224 0.06325231481481489
3 0.6398379629629629 0.44259259259259254 0.08769675925925924 0.0671875
3 0.6394270833333333 0.495630787037037 0.06557870370370367 0.06168981481481488
3 0.6299363425925926 0.5583622685185186 0.052430555555555536 0.0487268518518519
3 0.6272222222222222 0.6107060185185185 0.06081018518518526 0.059953703703703634
5 0.7256886574074073 0.27566550925925926 0.051273148148148096 0.05648148148148149
5 0.7231655092592593 0.6250868055555555 0.07347222222222208 0.06354166666666679
2 0.719832175925926 0.569068287037037 0.08958333333333321 0.07349537037037042
2 0.7266261574074073 0.3177372685185185 0.06606481481481481 0.07106481481481479
0 0.7228356481481482 0.3607638888888889 0.07403935185185198 0.0744791666666667
0 0.7213483796296296 0.5097511574074074 0.09278935185185197 0.07517361111111107
4 0.7296875 0.39403935185185185 0.08142361111111107 0.09658564814814818
1 0.7364293981481481 0.4444733796296296 0.10337962962962947 0.09895833333333322