12 0.85578125 0.5446180555555555 0.06815972222222229 0.068611111111111
12 0.5953240740740741 0.23675347222222226 0.06195601851851862 0.07145833333333336
9 0.6384953703703704 0.2777604166666666 0.055752314814814775 0.07430555555555554
9 0.8149421296296296 0.5044965277777778 0.06491898148148145 0.06065972222222218
7 0.7788136574074074 0.4630208333333334 0.0682291666666666 0.073298611111111
7 0.6761400462962963 0.32243055555555555 0.06836805555555561 0.08267361111111109
11 0.7177488425925926 0.3633680555555555 0.08086805555555561 0.08322916666666665
8 0.7578877314814815 0.3979861111111111 0.09982638888888892 0.09812499999999993
10 0.7951273148148148 0.6810763888888889 0.050694444444444285 0.049097222222222216
10 0.7503356481481481 0.64390625 0.05053240740740748 0.03815972222222221
10 0.6975462962962963 0.5133506944444445 0.044606481481481455 0.05975694444444457
10 0.6232291666666667 0.5694618055555555 0.052303240740740796 0.052291666666666715
10 0.6528703703703703 0.4683680555555556 0.05074074074074062 0.05222222222222221
10 0.6239699074074074 0.4139236111111112 0.049270833333333285 0.05840277777777771
10 0.5550694444444445 0.4210243055555556 0.05087962962962962 0.06159722222222221
10 0.540167824074074 0.31873263888888886 0.04931712962962962 0.061527777777777716
3 0.48539930555555555 0.42730902777777774 0.04148148148148145 0.05961805555555557
3 0.4985763888888889 0.5404687499999999 0.052465277777777784 0.06322916666666671
3 0.5400694444444445 0.58921875 0.050717592592592634 0.05065972222222222
3 0.5940277777777778 0.6408680555555556 0.06951388888888879 0.0546180555555555
3 0.6340740740740741 0.6817361111111111 0.06002314814814813 0.046388888888888855
3 0.6677662037037038 0.7293576388888889 0.06006944444444447 0.04951388888888886
3 0.7108333333333333 0.7773958333333333 0.050740740740740795 0.05222222222222221
3 0.7722685185185185 0.7465104166666666 0.06317129629629648 0.04809027777777786
5 0.7088831018518519 0.9618055555555556 0.06018518518518512 0.05732638888888886
5 0.38364583333333335 0.5939930555555556 0.06333333333333328 0.05902777777777786
2 0.6681481481481482 0.9146527777777778 0.07116898148148146 0.0609375
2 0.43661458333333325 0.6596701388888888 0.07130787037037045 0.0703125
0 0.4828414351851852 0.7055034722222222 0.07273148148148145 0.0610069444444445
0 0.6313888888888889 0.8629861111111111 0.06946759259259264 0.0514930555555555
4 0.5867476851851852 0.8156597222222223 0.08695601851851861 0.07256944444444428
1 0.5367418981481482 0.7610590277777778 0.09325231481481477 0.07597222222222229