12 0.5411111111111111 0.11753472222222223 0.0764930555555555 0.07038194444444441
12 0.6528645833333334 0.4654861111111111 0.05350694444444457 0.04489583333333336
9 0.5647569444444445 0.18256944444444445 0.0764930555555555 0.07038194444444446
9 0.6397916666666666 0.4259722222222223 0.059826388888888894 0.04659722222222236
7 0.5848090277777778 0.24065972222222226 0.07437500000000004 0.05784722222222225
7 0.6290625000000001 0.38640624999999995 0.06614583333333321 0.04829861111111109
11 0.6092881944444445 0.28694444444444445 0.09815972222222218 0.06618055555555555
8 0.6296180555555555 0.3387847222222222 0.09815972222222236 0.06618055555555555
10 0.6219791666666666 0.5106597222222222 0.04371527777777775 0.03531249999999986
10 0.6089756944444444 0.4695833333333333 0.04222222222222207 0.036840277777777784
10 0.5959027777777778 0.4300694444444445 0.04263888888888889 0.046215277777777786
10 0.5767881944444444 0.38600694444444444 0.048680555555555574 0.0416666666666667
10 0.5569270833333333 0.34118055555555554 0.04725694444444439 0.044756944444444446
10 0.5406770833333333 0.2853472222222222 0.049097222222222216 0.05104166666666661
10 0.52265625 0.2342361111111111 0.05569444444444436 0.058993055555555604
10 0.4936805555555555 0.16619791666666667 0.05569444444444436 0.05899305555555552
3 0.28293402777777776 0.4651215277777778 0.061875000000000034 0.05756944444444443
3 0.3157986111111111 0.5159027777777778 0.06465277777777781 0.04982638888888893
3 0.34618055555555555 0.5698611111111112 0.055625000000000036 0.05743055555555561
3 0.38 0.6167187500000001 0.05718750000000004 0.05746527777777786
3 0.40625 0.65828125 0.05222222222222221 0.05111111111111111
3 0.4270659722222222 0.6991840277777778 0.05222222222222221 0.05111111111111111
3 0.4543055555555555 0.7360416666666667 0.05513888888888889 0.04649305555555561
3 0.47196180555555556 0.7777951388888888 0.05875000000000004 0.057499999999999926
5 0.22694444444444445 0.5483159722222222 0.07288194444444444 0.059375
5 0.4453645833333333 0.8494097222222223 0.06465277777777771 0.04982638888888893
2 0.2693923611111111 0.5942013888888888 0.07635416666666668 0.0672569444444445
2 0.4197222222222222 0.811736111111111 0.0723958333333334 0.0484375
0 0.3044618055555556 0.6480555555555555 0.07336805555555559 0.0703125
0 0.3950520833333333 0.7873090277777777 0.07545138888888889 0.0469444444444445
1 0.3497222222222222 0.7009027777777778 0.11263888888888891 0.07586805555555554
4 0.3763020833333333 0.7526041666666666 0.09829861111111118 0.06930555555555565