12 0.18208912037037037 0.6405092592592593 0.08813657407407405 0.11701388888888893
11 0.41594328703703703 0.6773726851851852 0.09045138888888893 0.14826388888888892
8 0.48738425925925927 0.6964699074074074 0.09884259259259257 0.15636574074074083
7 0.33642939814814815 0.6720775462962963 0.08402777777777777 0.12465277777777786
7 0.563425925925926 0.727488425925926 0.08379629629629619 0.12152777777777786
9 0.6382523148148149 0.7537615740740741 0.09629629629629619 0.12199074074074083
9 0.2615162037037037 0.6575520833333334 0.09427083333333339 0.11568287037037024
12 0.718287037037037 0.7943287037037037 0.09918981481481488 0.1189814814814815
10 0.2508680555555555 0.48402777777777783 0.07089120370370364 0.09456018518518512
10 0.34913194444444445 0.4265625 0.06539351851851852 0.08344907407407405
10 0.3846354166666667 0.5289351851851851 0.06371527777777777 0.0818287037037038
10 0.45373263888888893 0.5267939814814815 0.06730324074074083 0.08819444444444446
10 0.524074074074074 0.5607349537037037 0.06574074074074084 0.08813657407407405
10 0.656886574074074 0.5233506944444445 0.06863425925925917 0.08512731481481488
10 0.7307002314814814 0.5527199074074074 0.07390046296296297 0.09311342592592595
10 0.5020833333333333 0.413425925925926 0.06539351851851852 0.08344907407407405
3 0.31634837962962964 0.350925925925926 0.06730324074074075 0.08819444444444446
3 0.40457175925925926 0.31267361111111114 0.06574074074074066 0.08813657407407405
3 0.4585648148148148 0.32407407407407407 0.06539351851851852 0.08344907407407405
3 0.520804398148148 0.3404803240740741 0.05399305555555571 0.07679398148148149
3 0.5752893518518518 0.3558159722222222 0.052430555555555536 0.07673611111111107
3 0.6283854166666666 0.36875 0.058796296296296194 0.07853009259259255
3 0.6902199074074075 0.390625 0.05601851851851851 0.0831018518518519
3 0.7340567129629629 0.4651041666666667 0.06730324074074083 0.08819444444444446
5 0.7592013888888889 0.2842881944444445 0.06776620370370381 0.09444444444444447
5 0.3827256944444445 0.1951388888888889 0.06753472222222215 0.09131944444444447
2 0.44392361111111106 0.20445601851851852 0.06979166666666678 0.1007523148148148
2 0.7107349537037038 0.27230902777777777 0.07181712962962958 0.10706018518518512
0 0.4927372685185185 0.21174768518518522 0.06903935185185191 0.11163194444444446
0 0.656076388888889 0.2593171296296296 0.0706018518518519 0.1116898148148148
4 0.6107349537037037 0.2263020833333333 0.08408564814814809 0.14646990740740745
1 0.552025462962963 0.2045428240740741 0.08657407407407405 0.15902777777777777