10 0.6541666666666667 0.5627025462962963 0.049583333333333354 0.04409722222222214
10 0.59546875 0.5481481481481482 0.050833333333333286 0.03952546296296298
10 0.5357291666666667 0.5374421296296296 0.04947916666666661 0.04253472222222214
10 0.4688541666666667 0.5277777777777779 0.046666666666666676 0.04699074074074083
10 0.40750000000000003 0.5177372685185185 0.04156250000000004 0.04039351851851851
10 0.3440104166666667 0.5043981481481482 0.04156250000000004 0.04039351851851851
10 0.2739583333333333 0.4952835648148148 0.03864583333333336 0.04328703703703703
10 0.22312500000000002 0.4805266203703704 0.03718749999999993 0.04473379629629619
12 0.2290625 0.4385706018518519 0.05 0.05034722222222214
12 0.6681770833333334 0.5174189814814815 0.05322916666666657 0.052141203703703634
9 0.6005729166666667 0.5069155092592593 0.05 0.05034722222222214
9 0.29369791666666667 0.44649884259259254 0.045624999999999985 0.0546875
7 0.5378125 0.49441550925925937 0.05031250000000007 0.055034722222222145
7 0.35401041666666666 0.4603877314814815 0.05020833333333332 0.05347222222222214
11 0.4140625 0.46640625 0.052604166666666605 0.06608796296296297
8 0.4772916666666667 0.471875 0.050104166666666575 0.07523148148148148
3 0.64328125 0.7966435185185186 0.05718750000000004 0.04155092592592595
3 0.5727604166666668 0.7827835648148149 0.04562500000000007 0.03136574074074083
3 0.5029166666666667 0.7705439814814815 0.06531249999999993 0.046817129629629584
3 0.433125 0.7575231481481481 0.05583333333333336 0.04456018518518512
3 0.36067708333333337 0.7490162037037037 0.0546875 0.050694444444444466
3 0.2891666666666667 0.7382233796296296 0.040000000000000036 0.04027777777777786
3 0.21104166666666666 0.7206597222222222 0.04864583333333332 0.05335648148148149
3 0.13958333333333334 0.7090856481481481 0.05291666666666668 0.04745370370370381
5 0.64546875 0.8580439814814815 0.06572916666666657 0.05306712962962976
5 0.11661458333333333 0.7592013888888889 0.059375 0.051041666666666784
2 0.19406249999999997 0.775144675925926 0.06552083333333333 0.04994212962962976
2 0.58234375 0.8392361111111111 0.05322916666666657 0.05214120370370381
0 0.5018229166666667 0.8222800925925926 0.05625 0.05081018518518512
0 0.2678125 0.7876736111111111 0.05916666666666668 0.04791666666666679
4 0.4294791666666667 0.8122106481481481 0.06291666666666665 0.057523148148148094
1 0.3441666666666666 0.7964699074074074 0.05364583333333339 0.058391203703703806