3 0.5117592592592592 0.963214699074074 0.051134259259259275 0.07357060185185205
3 0.44764467592592594 0.9459432870370371 0.04745370370370381 0.06509259259259252
3 0.42685763888888884 0.9104571759259258 0.05425925925925927 0.07483796296296319
3 0.4150752314814815 0.8692766203703706 0.05251157407407412 0.07162037037037053
3 0.3954340277777778 0.826851851851852 0.059224537037037096 0.07980324074074048
3 0.3721585648148148 0.7756481481481481 0.05903935185185185 0.07667824074074084
3 0.3510416666666667 0.7214583333333333 0.06409722222222225 0.08320601851851847
10 0.5697048611111111 0.9562905092592592 0.04938657407407412 0.07143518518518518
10 0.5500636574074074 0.9138657407407408 0.05251157407407412 0.07162037037037053
10 0.5707523148148148 0.8294560185185185 0.05122685185185176 0.07621527777777785
10 0.5499131944444444 0.7799537037037038 0.04791666666666679 0.07290509259259252
5 0.36104166666666665 0.9855844907407407 0.05268518518518519 0.028831018518518547
2 0.3475231481481481 0.9678414351851853 0.06722222222222225 0.06431712962962947
0 0.33307870370370374 0.9438252314814815 0.06989583333333335 0.10223379629629648
4 0.3030613425925926 0.9233622685185185 0.09574074074074072 0.14424768518518505
1 0.2765740740740741 0.8836458333333332 0.11119212962962965 0.16851851851851868
0 0.2503935185185185 0.809693287037037 0.07817129629629634 0.11050925925925945
2 0.22403935185185184 0.7590856481481482 0.07927083333333336 0.10278935185185194
12 0.6978645833333333 0.9381944444444444 0.04938657407407412 0.07143518518518518
9 0.6853935185185185 0.8985300925925926 0.05003472222222225 0.08237268518518519
7 0.6756365740740741 0.8652546296296297 0.05555555555555554 0.0967129629629632
8 0.681232638888889 0.8414525462962963 0.08158564814814824 0.14185185185185176
11 0.6708680555555555 0.7847858796296296 0.08434027777777775 0.13578703703703693
7 0.6554918981481481 0.7223726851851853 0.073576388888889 0.11179398148148145
9 0.6466898148148148 0.665798611111111 0.07605324074074069 0.10104166666666678
12 0.6326909722222223 0.6003530092592593 0.07274305555555553 0.09773148148148145
5 0.1917476851851852 0.6871064814814816 0.08405092592592593 0.10462962962962977
10 0.5111921296296297 0.6126157407407408 0.0627199074074074 0.08623842592592598
10 0.4682118055555556 0.6886979166666667 0.05453703703703709 0.07952546296296284
10 0.46224537037037033 0.8113483796296297 0.054629629629629764 0.08108796296296283
10 0.5506712962962963 0.7270601851851852 0.05444444444444443 0.07796296296296283
3 0.38919560185185187 0.6427546296296296 0.06934027777777771 0.0928587962962963