11 0.675 0.409375 0.0453125 0.10859375
8 0.6828125 0.44609375 0.05703125 0.11796875
7 0.66484375 0.3890625 0.034375 0.078125
7 0.6890625 0.515625 0.04140625 0.07578125
9 0.6609375 0.3546875 0.0375 0.0671875
12 0.65 0.31328125 0.03046875 0.075
10 0.60546875 0.315625 0.0203125 0.05078125
10 0.61328125 0.35546875 0.02421875 0.04921875
10 0.61640625 0.38828125 0.0234375 0.04765625
10 0.6171875 0.42734375 0.02421875 0.05
10 0.625 0.4703125 0.02734375 0.0578125
10 0.6328125 0.52265625 0.03203125 0.0578125
10 0.63671875 0.57421875 0.0328125 0.06015625
3 0.39609375 0.2828125 0.02265625 0.05
3 0.39140625 0.3125 0.021875 0.05234375
3 0.3828125 0.35 0.025 0.05078125
3 0.378125 0.38515625 0.02890625 0.0578125
3 0.36953125 0.42734375 0.0296875 0.05859375
1 0.321875 0.3453125 0.034375 0.13125
4 0.3109375 0.396875 0.0359375 0.11640625
0 0.334375 0.32578125 0.0203125 0.084375
0 0.2984375 0.453125 0.03359375 0.09609375
2 0.34453125 0.29375 0.03359375 0.07421875
5 0.346875 0.26796875 0.02265625 0.0609375
5 0.26484375 0.57578125 0.04296875 0.08125
2 0.2859375 0.51015625 0.0390625 0.0875
3 0.328125 0.5859375 0.03046875 0.06640625
3 0.35 0.528125 0.03125 0.05859375
3 0.35703125 0.46953125 0.03046875 0.06171875
10 0.64375 0.628125 0.03671875 0.0640625
12 0.70390625 0.6390625 0.0453125 0.078125
9 0.69765625 0.57265625 0.0484375 0.07421875