10 0.73125 0.9625 0.1296875 0.07421875
10 0.49296875 0.56328125 0.075 0.0671875
10 0.803125 0.62734375 0.08671875 0.075
10 0.4421875 0.7125 0.08671875 0.0734375
10 0.19296875 0.6234375 0.090625 0.07265625
7 0.7203125 0.31796875 0.07890625 0.09296875
12 0.55390625 0.27109375 0.0640625 0.0734375
9 0.0640625 0.25703125 0.09140625 0.08203125
12 0.3109375 0.4265625 0.07890625 0.07890625
7 0.9046875 0.41015625 0.10234375 0.09453125
9 0.6015625 0.4078125 0.07734375 0.0875
8 0.2921875 0.20390625 0.06875 0.1359375
11 0.33828125 0.28359375 0.1015625 0.1328125