12 0.303125 0.6828125 0.05390625 0.0953125
11 0.521875 0.659375 0.04609375 0.128125
8 0.5921875 0.65859375 0.0515625 0.13359375
7 0.45 0.6734375 0.04765625 0.103125
7 0.6671875 0.6671875 0.04765625 0.1015625
9 0.7421875 0.67265625 0.0609375 0.0984375
9 0.37890625 0.678125 0.06015625 0.09296875
12 0.82421875 0.6890625 0.0640625 0.0953125
10 0.32109375 0.52734375 0.0421875 0.078125
10 0.39375 0.45234375 0.03984375 0.06796875
10 0.453125 0.53515625 0.0390625 0.06640625
10 0.51484375 0.515625 0.03984375 0.071875
10 0.58671875 0.52890625 0.0390625 0.071875
10 0.6953125 0.4640625 0.04375 0.06796875
10 0.76953125 0.47265625 0.04609375 0.075
10 0.5265625 0.40390625 0.04140625 0.06796875
3 0.34453125 0.39296875 0.04140625 0.0734375
3 0.41171875 0.33828125 0.0390625 0.0734375
3 0.4640625 0.3359375 0.03984375 0.06796875
3 0.5234375 0.33515625 0.0328125 0.06328125
3 0.5765625 0.3359375 0.0296875 0.06484375
3 0.6265625 0.334375 0.0359375 0.06484375
3 0.6890625 0.33828125 0.0328125 0.0703125
3 0.7484375 0.39296875 0.04140625 0.0734375
5 0.7203125 0.22734375 0.04140625 0.078125
5 0.36015625 0.2390625 0.03984375 0.075
2 0.4171875 0.2328125 0.04140625 0.08515625
2 0.67421875 0.228125 0.04140625 0.08984375
0 0.46328125 0.22734375 0.0359375 0.0953125
0 0.62265625 0.23046875 0.0375 0.0953125
4 0.571875 0.2125 0.04140625 0.128125
1 0.5140625 0.20703125 0.0390625 0.13984375