12 0.44719328703703703 0.831105324074074 0.049942129629629586 0.06417824074074083
9 0.4175347222222222 0.779224537037037 0.046932870370370416 0.065625
7 0.38784722222222223 0.7382523148148148 0.04670138888888893 0.0625
8 0.34597800925925926 0.7039641203703704 0.05688657407407405 0.07378472222222214
11 0.3169560185185185 0.664525462962963 0.05665509259259256 0.07065972222222214
7 0.284693287037037 0.6267650462962963 0.05306712962962958 0.0642939814814815
9 0.25141782407407404 0.5921585648148148 0.052141203703703634 0.05179398148148149
12 0.21944444444444441 0.5504918981481481 0.05370370370370372 0.051851851851851906
10 0.29638310185185185 0.44791666666666663 0.04699074074074074 0.04537037037037024
10 0.36846064814814816 0.43200231481481477 0.04409722222222223 0.048379629629629585
10 0.35653935185185187 0.5298321759259259 0.04386574074074075 0.04525462962962976
10 0.3985532407407407 0.5516493055555556 0.0390625 0.04351851851851851
10 0.4283854166666667 0.6011863425925925 0.0390625 0.04351851851851851
10 0.5192708333333333 0.6258680555555556 0.0390625 0.04351851851851851
10 0.5522858796296296 0.6745081018518518 0.04589120370370381 0.0515625
3 0.5966435185185185 0.6120949074074075 0.048784722222222146 0.048553240740740834
3 0.60859375 0.5243923611111111 0.04554398148148149 0.046875
3 0.5791956018518518 0.4795138888888889 0.03726851851851851 0.04033564814814809
3 0.5473090277777779 0.44719328703703703 0.042303240740740836 0.045196759259259166
3 0.516724537037037 0.4078125 0.03425925925925917 0.04178240740740744
3 0.48139467592592594 0.36938657407407405 0.04409722222222214 0.048379629629629585
3 0.44806134259259256 0.33556134259259257 0.04456018518518512 0.054629629629629584
3 0.375 0.3437210648148148 0.049131944444444464 0.05324074074074066
5 0.7268229166666667 0.44288194444444445 0.051041666666666784 0.05798611111111107
5 0.48579282407407404 0.1837962962962963 0.0528356481481481 0.06116898148148149
2 0.5240162037037036 0.22523148148148148 0.051851851851851906 0.06892361111111107
2 0.6938657407407407 0.4144965277777778 0.04982638888888893 0.06261574074074083
0 0.6551215277777778 0.38009259259259254 0.0543981481481481 0.06122685185185191
0 0.5544560185185186 0.25604745370370374 0.046817129629629584 0.0640625
1 0.5925347222222223 0.28891782407407407 0.05833333333333339 0.07228009259259256
4 0.628125 0.33434606481481477 0.0627893518518519 0.06932870370370363