10 0.3737094907407408 0.47385416666666663 0.07561342592592588 0.08614583333333332
10 0.39717592592592593 0.5743402777777777 0.06466435185185189 0.08409722222222218
10 0.40116319444444437 0.6686631944444444 0.06934027777777771 0.0827430555555555
10 0.4982870370370371 0.7361979166666667 0.06622685185185198 0.08416666666666668
10 0.44351851851851853 0.8550000000000001 0.07876157407407405 0.08940972222222214
10 0.5209085648148148 0.5290104166666667 0.07565972222222221 0.09239583333333332
10 0.4000694444444445 0.2891493055555555 0.07093750000000014 0.0875
10 0.3680960648148148 0.1773263888888889 0.0898032407407408 0.10395833333333333
3 0.5844270833333334 0.8104687500000001 0.0709837962962963 0.09375
3 0.6321354166666666 0.6958854166666667 0.0709143518518518 0.084375
3 0.618755787037037 0.6043229166666666 0.06946759259259264 0.0999305555555555
3 0.6007175925925926 0.5090625 0.07093750000000014 0.0875
3 0.5795196759259259 0.4186284722222222 0.07245370370370381 0.0813194444444445
3 0.5661168981481481 0.3301909722222222 0.07091435185185198 0.084375
3 0.5410590277777778 0.23368055555555553 0.07565972222222221 0.09239583333333332
3 0.44780092592592596 0.17144097222222224 0.07252314814814813 0.09069444444444441
12 0.3066435185185185 0.882170138888889 0.08819444444444446 0.09763888888888914
12 0.16009837962962964 0.21156249999999996 0.08982638888888887 0.10708333333333328
9 0.18980324074074076 0.31333333333333335 0.09142361111111112 0.11184027777777779
9 0.27762152777777777 0.7936458333333333 0.0929398148148148 0.10565972222222228
7 0.2595601851851852 0.7015104166666667 0.09910879629629629 0.09499999999999993
7 0.2070601851851852 0.40862847222222226 0.08969907407407404 0.08989583333333329
8 0.21015046296296297 0.5186111111111111 0.1273032407407407 0.10562500000000004
11 0.24072916666666666 0.6078472222222222 0.11012731481481479 0.10642361111111107
5 0.8049537037037038 0.7717708333333333 0.09142361111111122 0.11184027777777779
5 0.6826793981481482 0.09305555555555556 0.08509259259259264 0.100625
2 0.6921817129629629 0.18088541666666666 0.08972222222222222 0.09302083333333333
2 0.7893113425925925 0.6693749999999999 0.09447916666666671 0.10260416666666679
0 0.7712210648148148 0.5811458333333334 0.09444444444444447 0.09791666666666661
0 0.7094097222222222 0.28008680555555554 0.09444444444444447 0.0979166666666667
4 0.7375925925925926 0.37645833333333334 0.10849537037037038 0.09697916666666657
1 0.7664814814814814 0.48295138888888883 0.11012731481481489 0.10642361111111107