12 0.15 0.4875 0.05625 0.06328125
12 0.46171875 0.31640625 0.03515625 0.0453125
9 0.2078125 0.45234375 0.05625 0.06328125
9 0.4265625 0.33515625 0.03515625 0.05
7 0.26015625 0.4234375 0.0453125 0.0625
7 0.390625 0.35234375 0.03671875 0.05625
11 0.30078125 0.39140625 0.0484375 0.08515625
8 0.34609375 0.36171875 0.0484375 0.08515625
10 0.5078125 0.3359375 0.0265625 0.0359375
10 0.47109375 0.35625 0.02890625 0.034375
10 0.43671875 0.3765625 0.0375 0.03359375
10 0.39765625 0.403125 0.0328125 0.040625
10 0.3578125 0.4296875 0.0359375 0.03828125
10 0.3078125 0.45625 0.0421875 0.03828125
10 0.2625 0.4828125 0.04921875 0.04296875
10 0.20234375 0.5234375 0.04921875 0.04375
3 0.509375 0.665625 0.04609375 0.05078125
3 0.55234375 0.625 0.03828125 0.05234375
3 0.59921875 0.58515625 0.046875 0.04296875
3 0.63828125 0.54453125 0.04765625 0.04375
3 0.67421875 0.51171875 0.04140625 0.04296875
3 0.71015625 0.48359375 0.0421875 0.0421875
3 0.740625 0.4515625 0.03671875 0.04375
3 0.77734375 0.4265625 0.0484375 0.04609375
5 0.59375 0.70234375 0.04609375 0.06171875
5 0.8484375 0.4390625 0.03828125 0.0546875
2 0.63125 0.65390625 0.053125 0.06328125
2 0.815625 0.4703125 0.0359375 0.06171875
0 0.67734375 0.609375 0.05703125 0.0609375
0 0.79609375 0.49765625 0.03203125 0.065625
1 0.72109375 0.55703125 0.0546875 0.096875
4 0.765625 0.52265625 0.0515625 0.084375