3 0.2969560185185185 0.6239236111111112 0.06334490740740736 0.07788194444444443
3 0.3640509259259259 0.6091666666666666 0.049120370370370384 0.07444444444444435
3 0.43941550925925926 0.6004687499999999 0.05965277777777782 0.06687499999999993
3 0.5005150462962963 0.5959895833333333 0.05396990740740755 0.07767361111111111
3 0.5667476851851851 0.5828125 0.05709490740740737 0.0777430555555556
3 0.6300289351851852 0.58140625 0.058981481481481524 0.08402777777777785
3 0.7053530092592593 0.5734895833333333 0.05817129629629623 0.06840277777777785
3 0.7678530092592593 0.5721006944444444 0.058981481481481524 0.08402777777777785
5 0.783425925925926 0.6630555555555555 0.06951388888888896 0.07645833333333325
5 0.2860474537037037 0.71390625 0.061296296296296314 0.06847222222222235
2 0.36231481481481487 0.7028472222222222 0.07140046296296294 0.0827430555555555
2 0.71578125 0.6583159722222222 0.06269675925925924 0.06538194444444442
0 0.4329108796296296 0.6958159722222221 0.05553240740740737 0.07770833333333335
0 0.6416956018518519 0.6724479166666667 0.05585648148148152 0.08395833333333336
4 0.49733796296296295 0.6873611111111112 0.05831018518518523 0.10118055555555543
1 0.5745081018518519 0.6739409722222222 0.07040509259259267 0.09364583333333343
10 0.7289467592592592 0.19371527777777778 0.05019675925925924 0.06510416666666666
10 0.6591319444444445 0.20072916666666668 0.052731481481481525 0.08388888888888886
10 0.6021412037037037 0.20121527777777776 0.04418981481481481 0.06965277777777779
10 0.542818287037037 0.2165798611111111 0.047638888888888786 0.07597222222222219
10 0.4818402777777778 0.2187152777777778 0.04311342592592595 0.07899305555555554
10 0.4193807870370371 0.21932291666666667 0.04591435185185198 0.07281250000000003
10 0.36510995370370375 0.22755208333333332 0.050277777777777824 0.0666666666666667
10 0.30322916666666666 0.23204861111111114 0.05356481481481481 0.06986111111111111
12 0.29832175925925924 0.16114583333333335 0.057256944444444444 0.08086805555555557
12 0.7139236111111111 0.12225694444444443 0.06728009259259267 0.09357638888888889
9 0.6517881944444445 0.11661458333333333 0.051574074074074085 0.0916666666666667
9 0.3620486111111111 0.15114583333333334 0.05149305555555559 0.09010416666666665
7 0.42116898148148146 0.13968750000000002 0.054780092592592665 0.09329861111111111
7 0.5952141203703704 0.12411458333333333 0.053460648148148236 0.09795138888888885
8 0.4817592592592592 0.11493055555555556 0.06674768518518519 0.14350694444444442
11 0.5432754629629629 0.11746527777777778 0.06618055555555565 0.13256944444444443