5 0.34046296296296297 0.225 0.0697222222222222 0.07071759259259255
2 0.3900520833333333 0.25364583333333335 0.07760416666666661 0.07598379629629629
0 0.4489930555555556 0.28142361111111114 0.0760416666666666 0.07586805555555554
4 0.5039236111111112 0.301880787037037 0.09348379629629626 0.09432870370370364
5 0.8154108796296298 0.414699074074074 0.07317129629629626 0.09282407407407404
2 0.7274363425925927 0.3761863425925926 0.07468749999999993 0.08981481481481479
0 0.656869212962963 0.35379050925925926 0.07305555555555543 0.08501157407407404
1 0.5745370370370371 0.3274016203703704 0.10145833333333343 0.10584490740740744
3 0.7706539351851852 0.6595486111111111 0.05425925925925927 0.08049768518518512
3 0.7072800925925926 0.5432581018518519 0.06204861111111111 0.07951388888888893
3 0.6365856481481481 0.5122685185185185 0.052604166666666785 0.07413194444444446
3 0.5705671296296296 0.48084490740740743 0.05412037037037045 0.07112268518518512
3 0.5133043981481482 0.4609953703703704 0.06188657407407412 0.06857638888888892
3 0.4582928240740741 0.43506944444444445 0.05556712962962962 0.06342592592592596
3 0.4072337962962963 0.41255787037037034 0.04922453703703713 0.05671296296296298
3 0.36671875 0.46964699074074073 0.05545138888888897 0.055613425925925955
10 0.5664525462962964 0.5718460648148148 0.055636574074074116 0.06811342592592595
10 0.6970833333333333 0.6978009259259259 0.054166666666666606 0.07424768518518512
10 0.7541030092592592 0.8065972222222223 0.05423611111111111 0.07893518518518512
10 0.62671875 0.7417534722222222 0.04943287037037045 0.07077546296296297
10 0.5721875 0.6955729166666667 0.052465277777777784 0.06475694444444446
10 0.5108796296296296 0.6660590277777778 0.054027777777777786 0.06487268518518512
10 0.42276041666666664 0.5651041666666666 0.05719907407407412 0.06822916666666679
10 0.36473958333333334 0.5467592592592593 0.05724537037037036 0.07135416666666661
12 0.36475694444444445 0.7059606481481481 0.06032407407407412 0.06846064814814809
9 0.4127025462962964 0.7290219907407407 0.060416666666666785 0.0747106481481481
7 0.4568807870370371 0.7611689814814815 0.06678240740740726 0.08298611111111107
8 0.4990162037037037 0.8134548611111111 0.0908449074074074 0.12690972222222213
11 0.5555324074074074 0.8355902777777778 0.07818287037037024 0.11504629629629619
7 0.612037037037037 0.8569444444444445 0.060717592592592594 0.09502314814814809
9 0.66640625 0.8921875 0.06374999999999993 0.08900462962962977
12 0.7324131944444444 0.9228298611111111 0.059085648148148096 0.09021990740740762