5 0.33969907407407407 0.7596006944444443 0.10410879629629628 0.1498495370370371
0 0.2666840277777778 0.7381886574074075 0.1134722222222222 0.12344907407407409
5 0.4213831018518518 0.29164930555555557 0.12035879629629634 0.10793981481481474
2 0.4128993055555556 0.7778877314814816 0.12616898148148153 0.15329861111111107
2 0.4366493055555556 0.48266782407407405 0.12092592592592588 0.14385416666666656
3 0.34877314814814814 0.5009143518518518 0.08754629629629633 0.10745370370370359
3 0.5359664351851852 0.15259837962962963 0.11466435185185198 0.1172222222222222
3 0.5387615740740741 0.38252893518518516 0.10649305555555558 0.13739583333333333
3 0.5488599537037038 0.6211689814814815 0.12847222222222215 0.16582175925925924
3 0.2803819444444445 0.9424768518518519 0.0900231481481482 0.09656250000000029
4 0.5171643518518518 0.9008015046296297 0.1980671296296297 0.19839699074074063
1 0.7196643518518518 0.33829282407407407 0.23924768518518497 0.21741898148148148