10 0.6902604166666666 0.5356249999999999 0.05645833333333332 0.05078703703703695
10 0.6259895833333333 0.5569097222222222 0.05322916666666657 0.0491782407407408
10 0.5779687499999999 0.5756076388888889 0.04677083333333343 0.045960648148148306
10 0.5253645833333334 0.5959375 0.05291666666666668 0.04449074074074062
10 0.47833333333333333 0.6177488425925926 0.04677083333333343 0.04596064814814813
10 0.42453124999999997 0.6318402777777777 0.0421875 0.04745370370370381
10 0.3796354166666666 0.6504918981481481 0.04395833333333332 0.050601851851851974
10 0.3408333333333333 0.666707175925926 0.041874999999999926 0.042766203703703806
5 0.556875 0.7753356481481481 0.05 0.04756944444444446
2 0.6007291666666668 0.764519675925926 0.04885416666666664 0.0537962962962963
0 0.6406770833333333 0.7537615740740741 0.05552083333333328 0.060138888888888783
4 0.68421875 0.749988425925926 0.06906250000000007 0.07594907407407411
1 0.7368229166666667 0.7413888888888889 0.07906250000000004 0.08546296296296294
0 0.7741145833333334 0.7142476851851851 0.05843749999999996 0.05706018518518512
2 0.8191145833333333 0.6971585648148148 0.06322916666666671 0.05869212962962962
3 0.8318749999999999 0.6539583333333333 0.05947916666666657 0.049270833333333285
3 0.7856770833333333 0.6648090277777777 0.054062500000000034 0.038263888888888785
3 0.7361458333333333 0.6843113425925926 0.04822916666666668 0.0444212962962963
3 0.6886979166666667 0.6998726851851852 0.046666666666666676 0.04439814814814813
3 0.6457291666666667 0.7122395833333334 0.04354166666666668 0.044351851851851976
3 0.6083854166666667 0.7268692129629629 0.04020833333333336 0.041180555555555644
3 0.5647395833333333 0.7408101851851852 0.041874999999999926 0.042766203703703806
3 0.52734375 0.7546585648148149 0.04031249999999993 0.042743055555555645
5 0.8673437499999999 0.6815856481481481 0.06114583333333314 0.050856481481481454
12 0.2935416666666667 0.6494212962962964 0.05552083333333328 0.060138888888888783
9 0.34239583333333334 0.6314930555555556 0.05552083333333328 0.060138888888888783
7 0.38666666666666666 0.6151967592592593 0.0494791666666667 0.0631712962962963
8 0.44020833333333337 0.6089293981481482 0.07177083333333342 0.09315972222222228
11 0.4861979166666666 0.5832233796296297 0.07770833333333335 0.08856481481481496
7 0.53453125 0.5574826388888889 0.0640625 0.07119212962962962
9 0.58515625 0.5309259259259259 0.06208333333333336 0.06491898148148145
12 0.6452604166666667 0.5057928240740741 0.06677083333333336 0.06498842592592595