8 0.31875 0.4298611111111111 0.084375 0.084375
9 0.33046875 0.3479166666666667 0.059375 0.0543981481481481
4 0.790625 0.3405960648148148 0.071875 0.08188657407407404
0 0.771875 0.30483217592592593 0.05625 0.060416666666666605
2 0.76484375 0.2574363425925926 0.059375 0.06377314814814819
5 0.75703125 0.2209201388888889 0.05625 0.061979166666666696
3 0.68828125 0.2423900462962963 0.0609375 0.06076388888888893
3 0.69453125 0.28660300925925924 0.0484375 0.044212962962962975
3 0.709375 0.3283275462962963 0.0453125 0.05179398148148149
3 0.715625 0.3709780092592593 0.05 0.04901620370370363
3 0.7328125 0.41678240740740746 0.05 0.04589120370370381
3 0.746875 0.46704282407407405 0.040625 0.045196759259259166
3 0.75 0.5219618055555555 0.05 0.050578703703703806
3 0.7671875 0.5747974537037037 0.05 0.04589120370370363
5 0.840625 0.5630497685185185 0.071875 0.061574074074074045
2 0.83046875 0.49745370370370373 0.065625 0.06579861111111107
0 0.81796875 0.45043402777777775 0.0578125 0.06521990740740743
1 0.803125 0.39152199074074073 0.08125 0.08726851851851851
10 0.41015625 0.6178819444444444 0.05625 0.04947916666666678
10 0.41328125 0.573582175925926 0.05625 0.051041666666666784
10 0.40390625 0.5213252314814815 0.0578125 0.04490740740740744
10 0.40546875 0.47456597222222224 0.0546875 0.047800925925925955
10 0.396875 0.4254918981481482 0.0421875 0.0390625
10 0.39140625 0.3852430555555556 0.053125 0.05081018518518521
10 0.384375 0.34175347222222224 0.04375 0.04386574074074075
10 0.38828125 0.301417824074074 0.0546875 0.054050925925925954
12 0.34921875 0.6321180555555556 0.059375 0.0543981481481481
12 0.32265625 0.299681712962963 0.0625 0.06400462962962958
9 0.33984375 0.574392361111111 0.06875 0.05821759259259274
7 0.340625 0.5291377314814815 0.0640625 0.05630787037037042
7 0.334375 0.38883101851851853 0.0578125 0.06053240740740744
11 0.33046875 0.4791666666666667 0.084375 0.0734375