10 0.22396990740740744 0.05192708333333333 0.1425 0.09048611111111111
10 0.5281770833333332 0.4136111111111111 0.08569444444444443 0.07861111111111115
10 0.20752893518518517 0.39574652777777775 0.10187499999999998 0.08868055555555561
10 0.5540740740740742 0.25579861111111113 0.10031250000000007 0.08861111111111111
10 0.8179803240740741 0.30751736111111116 0.10490740740740741 0.08725694444444443
7 0.34107060185185184 0.6929513888888889 0.09508101851851851 0.10552083333333329
12 0.5146585648148149 0.71421875 0.07825231481481473 0.084513888888889
9 0.9771180555555556 0.6550868055555557 0.045763888888888715 0.09593750000000015
12 0.7328240740740741 0.5227951388888888 0.09268518518518523 0.09138888888888878
7 0.1421875 0.6281597222222223 0.1188888888888889 0.11281250000000007
9 0.4451157407407408 0.5849305555555555 0.09314814814814802 0.09920138888888896
8 0.7881597222222222 0.7427951388888888 0.09289351851851854 0.14749999999999996
11 0.7289814814814815 0.6694444444444445 0.12570601851851854 0.14895833333333322