5 0.7872858796296296 0.3799363425925926 0.09607638888888896 0.06630787037037038
2 0.7619965277777778 0.4113599537037037 0.10554398148148145 0.06793981481481488
0 0.7350520833333334 0.4443576388888889 0.09451388888888897 0.0662962962962963
1 0.7188599537037037 0.4803993055555555 0.14756944444444448 0.11822916666666679
4 0.6747164351851852 0.5400752314814815 0.140763888888889 0.10880787037037046
0 0.6326851851851852 0.6036400462962963 0.11015046296296305 0.09296296296296305
2 0.5864293981481481 0.6594270833333333 0.09884259259259273 0.08663194444444429
3 0.7075115740740741 0.3688136574074074 0.0740162037037038 0.0630208333333333
3 0.6798321759259259 0.40103587962962967 0.0647337962962963 0.0645138888888889
3 0.6500810185185185 0.44186342592592587 0.0772337962962963 0.06460648148148138
3 0.6123784722222222 0.48509259259259263 0.07741898148148145 0.06773148148148138
3 0.5777083333333334 0.5298611111111111 0.07741898148148145 0.06773148148148138
9 0.036443865740740745 0.4660069444444444 0.07288773148148149 0.0975231481481483
7 0.09237268518518518 0.4178819444444445 0.08064814814814814 0.09586805555555547
8 0.1531076388888889 0.3549594907407407 0.10171296296296295 0.13506944444444446
11 0.20872685185185186 0.32565393518518515 0.09756944444444446 0.1178587962962963
7 0.25299189814814815 0.30346064814814816 0.06787037037037039 0.09108796296296298
9 0.2976736111111111 0.2742361111111111 0.07365740740740741 0.0833217592592593
12 0.34515625 0.2504571759259259 0.06841435185185185 0.07391203703703705
10 0.03672164351851852 0.5534317129629629 0.07344328703703704 0.08027777777777771
10 0.09592013888888888 0.5029745370370371 0.07466435185185186 0.07395833333333321
10 0.15499421296296295 0.45490162037037035 0.06841435185185185 0.07391203703703705
10 0.21857060185185184 0.4099189814814815 0.06326388888888887 0.06606481481481481
10 0.27230902777777777 0.37281828703703707 0.0647337962962963 0.0645138888888889
10 0.31671875 0.335005787037037 0.059953703703703634 0.06291666666666665
10 0.35758680555555555 0.3042476851851852 0.05976851851851848 0.059791666666666646
10 0.4072337962962963 0.2703009259259259 0.06133101851851848 0.059803240740740726
3 0.45083912037037044 0.7072858796296296 0.09350694444444443 0.07565972222222221
3 0.49149305555555556 0.6406076388888889 0.08247685185185176 0.0740162037037038
3 0.5412905092592593 0.5777662037037038 0.08045138888888896 0.06619212962962955
5 0.5386921296296296 0.7402141203703704 0.10021990740740741 0.08351851851851855