5 0.25625 0.1671875 0.05703125 0.0546875
5 0.23828125 0.471875 0.0625 0.053125
2 0.2421875 0.41328125 0.06015625 0.06015625
2 0.25546875 0.2 0.0640625 0.05390625
0 0.23671875 0.36328125 0.07734375 0.05625
0 0.25078125 0.23984375 0.06015625 0.06640625
4 0.2375 0.31640625 0.08203125 0.071875
1 0.2359375 0.26328125 0.0875 0.0921875
3 0.32890625 0.1640625 0.04375 0.0453125
3 0.32734375 0.2015625 0.0390625 0.04296875
3 0.325 0.240625 0.04609375 0.04296875
3 0.32578125 0.28125 0.05 0.04296875
3 0.3265625 0.32265625 0.05390625 0.0484375
3 0.31875 0.36484375 0.05703125 0.04453125
3 0.32421875 0.4125 0.04140625 0.046875
3 0.3140625 0.465625 0.04765625 0.03828125
10 0.63515625 0.121875 0.05234375 0.04765625
10 0.64609375 0.16484375 0.04375 0.0421875
10 0.65625 0.203125 0.03828125 0.040625
10 0.6609375 0.24453125 0.03671875 0.04375
10 0.67421875 0.28828125 0.0390625 0.04453125
10 0.6875 0.33515625 0.04453125 0.04140625
10 0.69453125 0.3828125 0.03984375 0.0453125
10 0.70625 0.4296875 0.05703125 0.0453125
12 0.70078125 0.11875 0.0359375 0.05234375
12 0.790625 0.42578125 0.0546875 0.0578125
9 0.715625 0.14609375 0.04921875 0.05859375
9 0.77109375 0.36875 0.05703125 0.05546875
7 0.725 0.18828125 0.0296875 0.0640625
7 0.7546875 0.31328125 0.05234375 0.06015625
11 0.73359375 0.2109375 0.04765625 0.07734375
8 0.7453125 0.253125 0.059375 0.0890625