10 0.646875 0.6728703703703703 0.04184027777777786 0.05498842592592599
10 0.6076041666666667 0.6467939814814814 0.04503472222222218 0.05813657407407398
10 0.6808333333333334 0.691875 0.033923611111111106 0.05024305555555557
10 0.7210763888888889 0.7093634259259259 0.04170138888888886 0.04873842592592599
10 0.55546875 0.63703125 0.043368055555555604 0.05343750000000007
10 0.5074305555555556 0.6187037037037036 0.044965277777777854 0.05501157407407398
10 0.4641145833333333 0.5988483796296297 0.04659722222222236 0.05814814814814824
10 0.4153472222222222 0.5781712962962964 0.04180555555555543 0.05342592592592581
1 0.5771006944444445 0.4019965277777778 0.06579861111111107 0.07859953703703706
4 0.5369444444444444 0.38060185185185186 0.05954861111111107 0.07855324074074073
0 0.601388888888889 0.434212962962963 0.04645833333333336 0.051898148148148235
0 0.49800347222222213 0.37484375000000003 0.04520833333333343 0.06594907407407406
2 0.6329687500000001 0.45476273148148144 0.04031249999999993 0.0565393518518519
2 0.4655555555555555 0.3581944444444444 0.043472222222222356 0.05812499999999998
5 0.6592361111111111 0.4682407407407407 0.03548611111111111 0.050254629629629476
5 0.42152777777777783 0.33520833333333333 0.04184027777777786 0.0549884259259259
3 0.42218750000000005 0.3758449074074074 0.03718749999999993 0.056516203703703735
3 0.45925347222222224 0.3956539351851852 0.03229166666666661 0.047106481481481485
3 0.49939236111111107 0.4178298611111111 0.038680555555555426 0.05340277777777782
3 0.5333506944444444 0.43683449074074077 0.033923611111111106 0.05024305555555557
3 0.5681076388888889 0.45506365740740745 0.03545138888888886 0.048692129629629474
3 0.6012500000000001 0.47562499999999996 0.03368055555555553 0.03930555555555557
3 0.6359895833333333 0.49463541666666666 0.03673611111111121 0.03620370370370374
3 0.6636979166666667 0.51359375 0.033784722222222285 0.04399305555555557
12 0.4111458333333333 0.6265856481481482 0.06097222222222225 0.0723148148148148
12 0.7316493055555556 0.7610127314814814 0.051423611111111 0.06443287037037031
9 0.46539930555555553 0.6465219907407407 0.05472222222222225 0.07226851851851848
9 0.6906597222222223 0.7419560185185186 0.06409722222222225 0.07233796296296298
7 0.5189756944444445 0.6617650462962963 0.06097222222222225 0.0723148148148148
7 0.6504513888888889 0.7229050925925926 0.0688194444444445 0.07393518518518523
8 0.5789236111111111 0.6715856481481481 0.08666666666666671 0.10375000000000015
11 0.6174479166666667 0.69609375 0.07684027777777765 0.08336805555555564