8 0.4113599537037037 0.3193229166666667 0.08974537037037038 0.09437499999999996
9 0.32602430555555556 0.3332986111111111 0.056921296296296296 0.06642361111111113
4 0.2942013888888889 0.8140972222222222 0.08587962962962958 0.08173611111111115
0 0.2570601851851852 0.7953819444444445 0.06289351851851847 0.062013888888888855
2 0.2081134259259259 0.7889409722222223 0.06785879629629629 0.06690972222222236
5 0.17001157407407408 0.780451388888889 0.06270833333333337 0.05888888888888886
3 0.1955324074074074 0.7088194444444443 0.061701388888888875 0.06819444444444436
3 0.24291666666666667 0.7153298611111112 0.04689814814814817 0.055069444444444574
3 0.2844675925925926 0.7291493055555556 0.05452546296296301 0.052291666666666715
3 0.32872685185185185 0.7357986111111111 0.05324074074074074 0.056909722222222216
3 0.3759780092592592 0.75328125 0.04689814814814817 0.055069444444444574
3 0.42855902777777777 0.7681770833333333 0.04790509259259253 0.045763888888888896
3 0.4866493055555555 0.7702951388888889 0.0530555555555555 0.05378472222222221
3 0.5409317129629629 0.7874652777777778 0.04846064814814817 0.05513888888888907
5 0.5244212962962964 0.8657465277777778 0.0654745370370371 0.07927083333333336
2 0.45566550925925925 0.8554861111111112 0.06979166666666678 0.07322916666666686
0 0.40703703703703703 0.8411979166666665 0.06923611111111114 0.06385416666666685
1 0.34590856481481486 0.8274652777777778 0.09103009259259257 0.08975694444444429
10 0.6041898148148148 0.4141493055555555 0.05204861111111114 0.06309027777777772
10 0.5573148148148148 0.41623263888888895 0.055173611111111145 0.06322916666666671
10 0.5035416666666667 0.40765624999999994 0.04745370370370381 0.06444444444444457
10 0.45432291666666663 0.40984374999999995 0.05020833333333332 0.058333333333333216
10 0.4021585648148148 0.40197916666666667 0.04184027777777786 0.04861111111111107
10 0.3611168981481482 0.39675347222222224 0.05333333333333332 0.05847222222222222
10 0.31603009259259257 0.3893576388888889 0.04662037037037035 0.05038194444444448
10 0.2732465277777778 0.39439236111111114 0.05655092592592599 0.06017361111111112
12 0.6223611111111111 0.35067708333333336 0.05682870370370381 0.06486111111111112
12 0.2746412037037037 0.3253993055555555 0.06804398148148146 0.07003472222222218
9 0.5622453703703704 0.34081597222222226 0.06216435185185176 0.07600694444444445
7 0.5145428240740741 0.34215277777777775 0.060231481481481455 0.06968750000000004
7 0.3684895833333333 0.33611111111111114 0.061423611111111144 0.06350694444444445
11 0.4630208333333334 0.3319097222222222 0.07559027777777771 0.0921875