1 0.48864583333333333 0.6664699074074074 0.05065972222222222 0.10143518518518527
4 0.4500173611111111 0.64578125 0.04888888888888889 0.09201388888888892
0 0.5285069444444443 0.666869212962963 0.03746527777777793 0.06981481481481477
0 0.4177430555555556 0.6205902777777779 0.04065972222222225 0.07303240740740727
2 0.5672743055555556 0.6813078703703704 0.03427083333333343 0.06659722222222228
2 0.38144097222222223 0.6007523148148148 0.04677083333333334 0.06696759259259259
5 0.599826388888889 0.6939988425925925 0.034097222222222355 0.05878472222222229
5 0.34274305555555556 0.5831886574074074 0.040277777777777767 0.05584490740740726
10 0.7315451388888888 0.5008969907407408 0.03881944444444443 0.06048611111111111
10 0.6782291666666667 0.4727372685185185 0.03888888888888893 0.0636111111111111
10 0.6341319444444444 0.4518865740740742 0.03559027777777786 0.05570601851851862
10 0.5853125 0.43245949074074075 0.03874999999999993 0.057361111111111106
10 0.49104166666666665 0.38276041666666666 0.037152777777777854 0.055752314814814866
10 0.4444791666666667 0.3673090277777778 0.045069444444444426 0.060671296296296265
10 0.40043402777777776 0.34411458333333333 0.04027777777777786 0.05584490740740744
12 0.40625 0.29347222222222225 0.059513888888888825 0.07827546296296299
12 0.7584027777777778 0.4532233796296296 0.05166666666666657 0.07648148148148141
9 0.4556597222222222 0.3215162037037037 0.05333333333333332 0.08121527777777775
9 0.7064930555555555 0.4321412037037037 0.050138888888889 0.07799768518518527
7 0.5066493055555557 0.34882523148148153 0.048784722222222146 0.08732638888888893
7 0.6544444444444444 0.4173090277777778 0.04864583333333332 0.08107638888888893
8 0.5557986111111111 0.38858796296296294 0.0651041666666666 0.11903935185185191
11 0.6069791666666667 0.4073032407407407 0.05871527777777778 0.11260416666666657
3 0.35366319444444444 0.5491145833333333 0.03708333333333336 0.05262731481481477
3 0.3924826388888889 0.5612094907407407 0.03545138888888895 0.04945601851851862
3 0.4358680555555555 0.5789120370370371 0.04027777777777786 0.05584490740740744
3 0.4683506944444445 0.5947280092592593 0.033923611111111106 0.05097222222222229
3 0.50703125 0.6130729166666666 0.03083333333333336 0.052442129629629616
3 0.5442013888888889 0.6290277777777777 0.032361111111111104 0.05092592592592595
3 0.5860763888888888 0.6443402777777777 0.035381944444444355 0.04633101851851862
3 0.6177777777777778 0.6601331018518518 0.030798611111111106 0.05087962962962962