12 0.38017361111111114 0.15144675925925927 0.08321759259259257 0.05898148148148148
9 0.4178414351851852 0.1721585648148148 0.09568287037037031 0.05494212962962965
11 0.49477430555555557 0.2181886574074074 0.13015046296296298 0.06922453703703706
7 0.6077777777777778 0.28032407407407406 0.09885416666666665 0.06135416666666664
12 0.7426099537037036 0.3350752314814815 0.08636574074074073 0.062268518518518515
9 0.6650289351851851 0.30705439814814817 0.08478009259259274 0.05906249999999993
8 0.5348321759259259 0.24502893518518518 0.1287268518518518 0.08789351851851857
7 0.4578703703703704 0.1950925925925926 0.0957523148148148 0.06431712962962965
10 0.3215219907407407 0.252181712962963 0.06753472222222223 0.05035879629629632
10 0.3251736111111111 0.32311342592592596 0.06440972222222223 0.05019675925925924
10 0.4031076388888889 0.29328125 0.06753472222222232 0.05035879629629623
10 0.43231481481481476 0.3324074074074074 0.06905092592592581 0.04418981481481481
10 0.48876736111111113 0.35683449074074075 0.06907407407407398 0.04731481481481481
10 0.5394965277777778 0.45267939814814817 0.07695601851851848 0.05709490740740737
10 0.6038252314814814 0.4852951388888889 0.06907407407407398 0.04731481481481481
3 0.2659548611111111 0.34728587962962965 0.0691203703703704 0.05356481481481481
3 0.27111689814814816 0.41110532407407413 0.07059027777777782 0.041145833333333215
3 0.3041608796296297 0.44065393518518514 0.06586805555555557 0.036215277777777645
3 0.34423611111111113 0.46983796296296293 0.07059027777777782 0.041145833333333215
3 0.3819444444444445 0.4960185185185185 0.06741898148148148 0.0347337962962964
3 0.415005787037037 0.5279108796296297 0.06902777777777765 0.04106481481481481
3 0.4613657407407407 0.5614583333333334 0.07217592592592581 0.044351851851851976
3 0.5463888888888888 0.539074074074074 0.06913194444444457 0.05512731481481481
5 0.41928819444444443 0.6839988425925926 0.08157407407407416 0.04796296296296294
5 0.18160300925925926 0.46029513888888884 0.07059027777777778 0.041145833333333215
2 0.20762731481481483 0.4917708333333334 0.07996527777777782 0.04163194444444436
0 0.23595486111111114 0.5176562499999999 0.08932870370370374 0.0405555555555555
0 0.3413599537037037 0.6091030092592593 0.0971759259259259 0.045648148148148236
2 0.38384837962962964 0.6475405092592592 0.08784722222222215 0.051412037037037096
4 0.2895775462962963 0.5820891203703704 0.11907407407407407 0.04990740740740733
1 0.24714120370370368 0.5506828703703703 0.13314814814814815 0.05219907407407405
10 0.3852662037037037 0.41690972222222217 0.07061342592592598 0.04427083333333322