8 0.2671875 0.1578125 0.11328125 0.14296875
10 0.56171875 0.728125 0.14140625 0.0921875
10 0.9109375 0.5484375 0.11796875 0.09921875
10 0.66796875 0.48515625 0.09921875 0.084375
10 0.846875 0.43671875 0.07421875 0.0796875
10 0.34375 0.553125 0.10390625 0.0921875
10 0.1328125 0.48046875 0.11796875 0.078125
10 0.4109375 0.43984375 0.10390625 0.08046875
9 0.52109375 0.32265625 0.07890625 0.09140625
7 0.7765625 0.3234375 0.0859375 0.1
7 0.63046875 0.2515625 0.0765625 0.09609375
12 0.490625 0.2109375 0.08828125 0.08046875
12 0.2546875 0.3390625 0.096875 0.0875
9 0.0578125 0.19609375 0.10625 0.0765625
11 0.2890625 0.221875 0.09296875 0.13125