8 0.8638541666666667 0.2045023148148148 0.1546875 0.1258912037037037
10 0.2950520833333333 0.5433159722222223 0.10510416666666664 0.1525231481481482
10 0.5050520833333334 0.8932349537037038 0.11125000000000007 0.127986111111111
10 0.5539583333333333 0.6385648148148148 0.09437500000000014 0.10831018518518505
10 0.6155208333333333 0.8208043981481481 0.08635416666666665 0.0813773148148151
10 0.46130208333333333 0.30757523148148147 0.10249999999999986 0.1134606481481482
10 0.5218229166666667 0.08594328703703705 0.08937500000000007 0.12668981481481484
10 0.5823437499999999 0.37020833333333336 0.09156250000000003 0.11281250000000007
9 0.7109895833333333 0.4763136574074074 0.09916666666666671 0.08680555555555554
7 0.7278125 0.7404224537037037 0.10895833333333335 0.09361111111111117
7 0.7920312500000001 0.5860243055555555 0.10520833333333339 0.08405092592592603
12 0.8245833333333333 0.4389930555555555 0.0904166666666665 0.09562500000000007
12 0.6755208333333333 0.2031134259259259 0.09729166666666664 0.10537037037037038
9 0.8109375 0.024120370370370372 0.0859375 0.048240740740740744
11 0.7989583333333334 0.23109375000000001 0.14229166666666657 0.10336805555555557