8 0.24447337962962962 0.065625 0.1321412037037037 0.0885763888888889
11 0.25230324074074073 0.09178819444444444 0.13173611111111114 0.12756944444444446
10 0.38870949074074074 0.47803819444444445 0.1441898148148148 0.1265625
10 0.7809548611111111 0.33510416666666665 0.1421180555555555 0.10930555555555559
10 0.5527430555555556 0.30149305555555556 0.11863425925925916 0.10670138888888889
10 0.22830439814814815 0.3473090277777778 0.10746527777777777 0.09840277777777776
10 0.0564525462962963 0.2979861111111111 0.1129050925925926 0.09597222222222221
10 0.007864583333333333 0.1910763888888889 0.015729166666666666 0.07277777777777779
10 0.3114351851851852 0.26104166666666667 0.11660879629629628 0.09100694444444439
10 0.7326041666666667 0.25081597222222224 0.09000000000000004 0.08826388888888896
12 0.19787037037037036 0.18637152777777777 0.10259259259259261 0.09194444444444443
12 0.45671875 0.08366319444444445 0.09156250000000003 0.08833333333333333
9 0.05829861111111111 0.09177083333333333 0.1150925925925926 0.09249999999999999
9 0.45187499999999997 0.16793402777777777 0.09974537037037035 0.10118055555555557
7 0.6994212962962963 0.15625 0.0891319444444445 0.11163194444444446
7 0.5802893518518519 0.11105902777777779 0.09731481481481481 0.12447916666666665