10 0.25545138888888885 0.38807291666666666 0.04604166666666672 0.054479166666666676
10 0.30649305555555556 0.3729166666666667 0.042916666666666714 0.05427083333333336
10 0.3710069444444445 0.3435416666666667 0.04121527777777771 0.05104166666666661
10 0.4330555555555556 0.32921875 0.036666666666666715 0.05385416666666672
10 0.4921701388888889 0.3017708333333333 0.039722222222222214 0.05250000000000003
10 0.5513194444444445 0.27510416666666665 0.04135416666666671 0.054166666666666606
10 0.6084027777777778 0.25484375000000004 0.03815972222222221 0.05239583333333329
10 0.6655208333333332 0.23536458333333332 0.04631944444444436 0.06072916666666668
12 0.6613194444444443 0.1408333333333333 0.06590277777777764 0.0807291666666667
12 0.22005208333333334 0.31442708333333336 0.06045138888888886 0.06322916666666671
9 0.28314236111111113 0.28828125 0.062152777777777765 0.06645833333333329
9 0.5907986111111111 0.17609375 0.0591666666666665 0.069375
7 0.5301909722222222 0.20520833333333335 0.055624999999999855 0.059791666666666646
7 0.34572916666666664 0.2684375 0.05270833333333336 0.06427083333333332
11 0.40522569444444445 0.24958333333333335 0.0577430555555555 0.0723958333333334
8 0.4643055555555556 0.22135416666666669 0.05583333333333336 0.06447916666666664
3 0.379375 0.7433854166666667 0.049583333333333354 0.0640625
3 0.4325520833333334 0.7233854166666667 0.051284722222222356 0.06729166666666657
3 0.48888888888888893 0.7039583333333332 0.04809027777777786 0.06552083333333343
3 0.5412847222222222 0.6840104166666666 0.04489583333333336 0.06374999999999993
3 0.5904166666666667 0.6611458333333333 0.04197916666666668 0.06822916666666679
3 0.6428472222222222 0.6419791666666667 0.03878472222222218 0.06645833333333329
3 0.6936805555555556 0.6221354166666666 0.04510416666666668 0.06843749999999993
3 0.7453645833333333 0.6038020833333333 0.047951388888888856 0.06239583333333325
5 0.7663888888888889 0.6713541666666666 0.0546875 0.07375000000000007
5 0.39880208333333333 0.8102604166666667 0.05631944444444441 0.07541666666666665
2 0.45751736111111113 0.7914583333333334 0.051840277777777645 0.07979166666666675
2 0.7216319444444445 0.686875 0.06475694444444446 0.08999999999999986
0 0.6645138888888888 0.7063541666666666 0.050555555555555645 0.0859375
0 0.5046527777777777 0.7765625 0.04586805555555564 0.08562499999999992
1 0.5593055555555555 0.7721354166666666 0.05819444444444457 0.11760416666666665
4 0.6168229166666667 0.7440104166666666 0.05309027777777775 0.10791666666666658