10 0.47765625000000006 0.733287037037037 0.1334027777777777 0.1253935185185185
10 0.16743055555555558 0.5753414351851852 0.10177083333333332 0.08010416666666664
10 0.9132986111111112 0.45111111111111113 0.084652777777778 0.08077546296296294
10 0.7012326388888889 0.5375462962962964 0.08302083333333332 0.07913194444444435
10 0.40022569444444445 0.49933449074074077 0.0797569444444445 0.07584490740740737
10 0.6527951388888888 0.4298090277777778 0.07329861111111118 0.07083333333333339
10 0.23256944444444444 0.4625810185185185 0.08920138888888891 0.07789351851851851
7 0.29821180555555554 0.3436111111111111 0.09642361111111111 0.10009259259259266
7 0.44401041666666663 0.2568576388888889 0.08052083333333329 0.09303240740740737
12 0.5882118055555555 0.20431712962962964 0.067326388888889 0.07675925925925924
9 0.5526909722222222 0.3170543981481481 0.07868055555555564 0.08670138888888897
8 0.8128819444444444 0.1208738425925926 0.08559027777777786 0.13694444444444445
11 0.7757638888888889 0.19767361111111112 0.08972222222222222 0.12468750000000002
12 0.8072222222222223 0.30920717592592595 0.08173611111111115 0.08530092592592595