10 0.13401041666666666 0.6163136574074074 0.06614583333333335 0.03172453703703706
10 0.17630208333333336 0.6181886574074074 0.0677083333333333 0.031736111111111145
10 0.22270833333333334 0.6232175925925926 0.07427083333333337 0.03646990740740748
10 0.27265625 0.6228067129629629 0.07114583333333328 0.03644675925925931
10 0.33026041666666667 0.6201099537037036 0.07437500000000004 0.03803240740740747
10 0.39249999999999996 0.6283796296296297 0.08052083333333329 0.03651620370370381
8 0.2403125 0.6881597222222222 0.1666666666666666 0.06370370370370378
7 0.20671875 0.6761979166666666 0.1067708333333334 0.03202546296296305
11 0.30395833333333333 0.6940972222222223 0.14760416666666662 0.05887731481481477
7 0.37609375 0.6985358796296296 0.11593750000000007 0.05239583333333329
9 0.16765625 0.6759085648148149 0.09343749999999998 0.0428587962962963
12 0.12739583333333332 0.6693634259259259 0.09156249999999999 0.03815972222222221
3 0.13463541666666667 0.3445775462962963 0.06499999999999999 0.037962962962962976
3 0.17588541666666666 0.3425405092592593 0.07145833333333336 0.04113425925925931
3 0.22901041666666666 0.3312210648148148 0.07406249999999996 0.056770833333333395
4 0.2393229166666667 0.25164930555555554 0.1489583333333334 0.07918981481481477
1 0.28984375 0.23640625 0.16208333333333336 0.08865740740740743
0 0.20994791666666668 0.26782986111111107 0.10333333333333332 0.050740740740740795
2 0.16697916666666668 0.27922453703703703 0.090625 0.047523148148148134
2 0.4494791666666666 0.20635416666666667 0.09854166666666657 0.07256944444444446
5 0.12484375 0.29140625 0.0895833333333333 0.055324074074074046
5 0.5218229166666667 0.19049189814814815 0.10187500000000008 0.07571759259259259
0 0.37265625 0.22530671296296295 0.1171875 0.07114583333333328
3 0.5264583333333334 0.27173611111111107 0.08062500000000003 0.06150462962962955
3 0.4611458333333333 0.2876504629629629 0.07645833333333343 0.04585648148148147
3 0.3932291666666667 0.2996412037037037 0.07385416666666664 0.05364583333333339
3 0.3285416666666666 0.3132175925925926 0.07479166666666667 0.04428240740740739
3 0.2716145833333333 0.3260706018518519 0.0671875 0.04734953703703706
12 0.5353125000000001 0.7090856481481481 0.10124999999999992 0.06634259259259245
9 0.4484375 0.7060995370370371 0.10552083333333329 0.06012731481481488
10 0.545625 0.6295138888888889 0.08625000000000008 0.05217592592592588
10 0.45817708333333335 0.6296469907407408 0.08093749999999993 0.042766203703703806