8 0.7551793981481482 0.937254050925926 0.1243287037037037 0.1254918981481481
10 0.5720370370370371 0.44259259259259254 0.11003472222222221 0.0971643518518519
10 0.9345428240740741 0.6797164351851852 0.08174768518518505 0.07320601851851852
10 0.20994791666666668 0.5713252314814815 0.07081018518518523 0.0723958333333334
10 0.42755787037037035 0.6359085648148148 0.06299768518518523 0.07181712962962976
10 0.7443287037037037 0.6101273148148147 0.0755092592592593 0.07430555555555554
9 0.953136574074074 0.9132523148148148 0.07553240740740748 0.07743055555555571
7 0.42372106481481486 0.8372974537037038 0.05687499999999997 0.08854166666666644
10 0.6670949074074074 0.6950810185185186 0.06452546296296298 0.06724537037037041
7 0.2952604166666667 0.7675925925925926 0.0662962962962963 0.09548611111111108
10 0.24598958333333334 0.6654513888888889 0.06141203703703706 0.06857638888888892
9 0.5382233796296296 0.7863715277777777 0.06936342592592588 0.08790509259259256
12 0.7899131944444445 0.787818287037037 0.10684027777777771 0.08755787037037024
12 0.5492939814814815 0.8747395833333332 0.07079861111111115 0.07083333333333357
11 0.7368287037037037 0.8839409722222221 0.12427083333333329 0.12164351851851833