10 0.6717476851851851 0.5195023148148148 0.05495370370370374 0.037962962962962976
10 0.6444039351851851 0.5205150462962963 0.0549768518518519 0.04108796296296298
10 0.6061979166666667 0.5117766203703704 0.058078703703703737 0.03807870370370381
10 0.5679456018518518 0.5092881944444445 0.0549768518518519 0.04108796296296298
3 0.6420370370370371 0.7346064814814814 0.06282407407407398 0.04606481481481488
3 0.6068807870370371 0.7359085648148148 0.06750000000000007 0.04467592592592595
3 0.5708796296296296 0.7458333333333333 0.06594907407407398 0.04618055555555554
3 0.5294560185185185 0.7497106481481481 0.06751157407407397 0.046238425925925954
12 0.6852777777777778 0.4854166666666666 0.05657407407407398 0.04583333333333321
9 0.6642476851851852 0.4776041666666666 0.05182870370370374 0.03784722222222214
11 0.5979166666666667 0.46990740740740744 0.1004513888888889 0.06464120370370381
8 0.5613194444444445 0.45486111111111105 0.1160763888888889 0.06521990740740727
7 0.496556712962963 0.4463252314814815 0.0847569444444444 0.0546875
3 0.4849363425925926 0.7497974537037038 0.07223379629629623 0.05109953703703703
3 0.4372222222222222 0.759375 0.06594907407407398 0.04618055555555554
3 0.3864293981481482 0.762818287037037 0.07853009259259255 0.05758101851851851
5 0.641712962962963 0.7783564814814815 0.07225694444444457 0.05422453703703702
2 0.6064756944444445 0.7905960648148149 0.08166666666666664 0.059259259259259164
0 0.5767650462962963 0.7948206018518518 0.09104166666666665 0.05960648148148149
1 0.5540046296296296 0.8097222222222221 0.1334027777777777 0.08460648148148167
4 0.4953935185185186 0.814236111111111 0.1255787037037038 0.08275462962962976
0 0.4414872685185185 0.816232638888889 0.09579861111111114 0.06915509259259238
2 0.3789293981481482 0.8263599537037036 0.09268518518518523 0.0706018518518519
5 0.31872685185185184 0.834837962962963 0.08483796296296298 0.065625
9 0.44275462962962964 0.43425925925925923 0.08006944444444439 0.05451388888888893
7 0.6486631944444444 0.4727141203703704 0.020486111111111073 0.02418981481481488
12 0.37495949074074075 0.4133391203703704 0.08163194444444448 0.05457175925925917
3 0.327806712962963 0.768894675925926 0.08011574074074072 0.06076388888888893
10 0.3705497685185185 0.4814525462962963 0.07223379629629623 0.05109953703703703
10 0.42832754629629627 0.48399884259259257 0.06439814814814823 0.04768518518518512
10 0.475925925925926 0.49004629629629637 0.06442129629629641 0.05081018518518512
10 0.5242650462962963 0.5015335648148148 0.059710648148148235 0.047511574074074046