12 0.538136574074074 0.12281249999999999 0.046817129629629764 0.06375000000000001
9 0.4936921296296296 0.1755787037037037 0.04236111111111107 0.06673611111111111
7 0.45167824074074076 0.2165798611111111 0.04513888888888893 0.062141203703703685
8 0.3993055555555555 0.2500925925925926 0.05219907407407405 0.07326388888888893
11 0.35801504629629627 0.29185185185185186 0.05196759259259256 0.07013888888888893
7 0.31478587962962956 0.3282118055555555 0.04982638888888893 0.062280092592592595
9 0.27077546296296295 0.3645949074074074 0.052025462962962975 0.04987268518518526
12 0.22714120370370372 0.4064236111111111 0.052025462962962975 0.04987268518518526
10 0.27902199074074074 0.5163599537037037 0.043634259259259255 0.0418287037037036
10 0.3501736111111111 0.534519675925926 0.04241898148148149 0.04646990740740744
10 0.36394675925925923 0.4327719907407407 0.04050925925925926 0.041736111111111106
10 0.4146122685185185 0.41178240740740735 0.03425925925925934 0.04155092592592595
10 0.4573206018518519 0.36140625000000004 0.03761574074074083 0.044768518518518444
10 0.5587094907407406 0.33969328703703705 0.03761574074074083 0.04476851851851853
10 0.6060474537037036 0.28995949074074073 0.04589120370370381 0.05125000000000002
3 0.6361689814814815 0.35688657407407404 0.04554398148148149 0.04656249999999993
3 0.6254918981481481 0.4484085648148148 0.042303240740740836 0.04490740740740744
3 0.5823495370370371 0.4941203703703703 0.037384259259259166 0.04164351851851862
3 0.5402488425925925 0.5257696759259259 0.040740740740740834 0.04486111111111111
3 0.49829282407407405 0.5659895833333334 0.03425925925925917 0.04155092592592595
3 0.45176504629629627 0.6047858796296296 0.04241898148148149 0.04646990740740744
3 0.40870949074074076 0.6388020833333333 0.04143518518518512 0.05423611111111111
3 0.33469328703703705 0.6277430555555557 0.04589120370370372 0.05124999999999993
5 0.727199074074074 0.5381597222222222 0.046238425925925954 0.05593749999999993
5 0.40862268518518513 0.7978298611111111 0.05138888888888893 0.06232638888888893
2 0.4583912037037036 0.7573784722222221 0.0471643518518519 0.06843749999999993
2 0.6845486111111111 0.566707175925926 0.0450231481481481 0.06057870370370359
0 0.6359664351851853 0.6016666666666668 0.05271990740740744 0.059247685185185264
0 0.49809027777777776 0.7265798611111112 0.04224537037037042 0.06517361111111111
1 0.547337962962963 0.6931597222222223 0.055208333333333214 0.0717939814814816
4 0.595949074074074 0.6472858796296297 0.059664351851851906 0.06880787037037024