10 0.503917824074074 0.8895543981481481 0.030173611111111144 0.0625115740740739
10 0.5133101851851852 0.8492939814814815 0.030358796296296297 0.0656365740740739
10 0.5267939814814815 0.8056770833333333 0.03376157407407412 0.07050925925925924
10 0.5351331018518518 0.7569155092592592 0.033483796296296296 0.06582175925925923
10 0.5438888888888889 0.7011226851851852 0.036793981481481455 0.0691319444444444
10 0.5621122685185185 0.6432118055555556 0.03560185185185176 0.0752893518518519
8 0.590306712962963 0.7980208333333334 0.05760416666666668 0.15755787037037017
7 0.5737037037037037 0.828587962962963 0.027708333333333356 0.09973379629629626
11 0.6071527777777778 0.7370775462962963 0.05658564814814824 0.14037037037037034
7 0.6251967592592592 0.669056712962963 0.047013888888889 0.11021990740740754
9 0.5652314814814815 0.8664583333333333 0.03937500000000007 0.08641203703703723
12 0.5521180555555556 0.9038252314814816 0.036250000000000074 0.0862268518518519
3 0.2509085648148148 0.8500520833333333 0.036238425925925986 0.05975694444444457
3 0.257175925925926 0.8099768518518518 0.0366087962962963 0.06600694444444458
3 0.2564178240740741 0.7570833333333333 0.0537962962962963 0.06702546296296283
4 0.18441550925925926 0.7372164351851852 0.07358796296296295 0.1382638888888888
1 0.1796122685185185 0.6868981481481482 0.0821412037037037 0.15122685185185175
0 0.1927199074074074 0.7678645833333333 0.04627314814814816 0.09771990740740737
2 0.19642361111111112 0.8104629629629629 0.0455324074074074 0.08521990740740755
2 0.17963541666666666 0.5288599537037036 0.06915509259259256 0.0897337962962963
5 0.20017361111111112 0.8522800925925924 0.05315972222222225 0.08255787037037052
5 0.17842592592592593 0.4573090277777778 0.07246527777777775 0.09304398148148145
0 0.18286458333333333 0.6057407407407407 0.06539351851851852 0.10508101851851848
3 0.2550752314814815 0.4644444444444444 0.0572916666666667 0.07346064814814816
3 0.2582175925925926 0.5296527777777778 0.04157407407407412 0.07097222222222221
3 0.25579861111111113 0.5967476851851852 0.04920138888888888 0.0683101851851852
3 0.25829861111111113 0.6596585648148148 0.04148148148148145 0.06940972222222222
3 0.2588252314814815 0.7164583333333333 0.044050925925925896 0.06021990740740755
12 0.6637731481481481 0.5172974537037037 0.06162037037037038 0.09395833333333332
9 0.6448495370370371 0.600162037037037 0.058680555555555534 0.09689814814814816
10 0.5918171296296297 0.49664930555555553 0.048287037037037094 0.07915509259259253
10 0.5751909722222223 0.58015625 0.041851851851851765 0.07565972222222221