8 0.8563368055555556 0.5846701388888889 0.07596064814814803 0.0984375
11 0.8515335648148149 0.5300520833333333 0.06703703703703709 0.07934027777777786
7 0.849826388888889 0.6202083333333333 0.061608796296296474 0.06663194444444435
12 0.855329861111111 0.699861111111111 0.057928240740740475 0.05711805555555553
10 0.7462615740740741 0.3530034722222222 0.05240740740740755 0.04284722222222222
10 0.756724537037037 0.42381944444444447 0.04762731481481488 0.04107638888888889
10 0.7612500000000001 0.47375 0.054155092592592526 0.04604166666666672
10 0.7643055555555556 0.5253125 0.06362268518518518 0.04802083333333336
10 0.7704398148148147 0.575954861111111 0.04809027777777786 0.04888888888888889
10 0.7786400462962962 0.6218055555555555 0.045057870370370526 0.05031250000000007
10 0.778611111111111 0.6609722222222223 0.05396990740740737 0.042916666666666714
10 0.780005787037037 0.6977256944444445 0.05093749999999986 0.044340277777777715
12 0.8410706018518518 0.3534895833333333 0.0740162037037038 0.065625
9 0.8448206018518519 0.41677083333333337 0.07410879629629648 0.0671875
9 0.8567361111111111 0.6575 0.06123842592592581 0.060381944444444356
7 0.8458564814814814 0.4739062499999999 0.07236111111111114 0.0639930555555555
3 0.3361226851851852 0.41118055555555555 0.05452546296296301 0.052291666666666715
3 0.3547569444444444 0.4612673611111111 0.06021990740740737 0.043194444444444355
3 0.3737152777777778 0.5168229166666667 0.054618055555555586 0.05385416666666672
3 0.3953819444444444 0.5652083333333333 0.045057870370370345 0.05031250000000007
3 0.41130208333333335 0.6091493055555556 0.04174768518518519 0.04704861111111107
3 0.42069444444444437 0.6486805555555556 0.039999999999999855 0.04385416666666657
3 0.4348668981481481 0.6895659722222222 0.04827546296296283 0.052013888888888714
3 0.44343171296296297 0.7283506944444444 0.04643518518518519 0.04725694444444439
5 0.37937499999999996 0.7445138888888889 0.042303240740740745 0.05642361111111107
5 0.24150462962962962 0.42713541666666666 0.0639930555555555 0.05427083333333336
2 0.3638252314814815 0.7068229166666666 0.04589120370370372 0.06437500000000007
2 0.26795138888888886 0.47687500000000005 0.0764930555555555 0.054826388888889
0 0.3466666666666667 0.6684201388888888 0.05204861111111114 0.06309027777777772
0 0.29164351851851855 0.5330034722222222 0.059675925925925986 0.06031250000000003
4 0.3306134259259259 0.6354513888888889 0.0720949074074074 0.085798611111111
1 0.3022858796296296 0.5936284722222223 0.08937499999999998 0.08812499999999997