8 0.671875 0.68515625 0.0625 0.0734375
12 0.52734375 0.67578125 0.034375 0.0578125
1 0.2578125 0.68203125 0.075 0.071875
3 0.6546875 0.59375 0.0328125 0.05
10 0.57890625 0.5984375 0.03125 0.04375
2 0.38828125 0.59453125 0.0390625 0.0578125
3 0.26484375 0.60625 0.0390625 0.04375
12 0.640625 0.503125 0.0390625 0.065625
3 0.57734375 0.52265625 0.03125 0.0515625
3 0.5203125 0.51015625 0.028125 0.0546875
10 0.3875 0.52109375 0.03125 0.0546875
9 0.265625 0.515625 0.04375 0.0671875
0 0.575 0.41796875 0.034375 0.0734375
3 0.5125 0.43828125 0.028125 0.0546875
10 0.32421875 0.43046875 0.0359375 0.0515625
10 0.575 0.35625 0.028125 0.059375
2 0.51015625 0.3546875 0.0328125 0.075
7 0.3875 0.34609375 0.0375 0.0828125
3 0.27109375 0.36328125 0.0359375 0.0578125
3 0.68671875 0.2875 0.034375 0.059375
10 0.61796875 0.28046875 0.03125 0.0609375
10 0.44921875 0.27890625 0.028125 0.0609375
9 0.38984375 0.27578125 0.0359375 0.071875
4 0.2703125 0.2734375 0.059375 0.109375
10 0.56015625 0.2109375 0.028125 0.0640625
7 0.44921875 0.196875 0.0328125 0.090625
10 0.38515625 0.21484375 0.028125 0.0609375
5 0.328125 0.2171875 0.0375 0.075
0 0.67734375 0.1359375 0.0390625 0.090625
3 0.5046875 0.1484375 0.0265625 0.0640625
5 0.4484375 0.1390625 0.03125 0.075
11 0.33203125 0.1296875 0.053125 0.1125