8 0.73828125 0.52421875 0.103125 0.103125
12 0.61796875 0.62265625 0.06875 0.0703125
1 0.4109375 0.825 0.1109375 0.1109375
3 0.6578125 0.46484375 0.0625 0.0640625
10 0.60234375 0.52421875 0.05625 0.0578125
2 0.44921875 0.6609375 0.0734375 0.0734375
3 0.36015625 0.76015625 0.0625 0.0625
12 0.58046875 0.4046875 0.078125 0.0796875
3 0.5453125 0.46640625 0.0625 0.0640625
3 0.49140625 0.49765625 0.0625 0.0640625
10 0.39453125 0.60390625 0.0640625 0.065625
9 0.2953125 0.6890625 0.0828125 0.084375
0 0.4671875 0.38515625 0.08125 0.0828125
3 0.4328125 0.44765625 0.0625 0.0640625
10 0.27890625 0.57890625 0.065625 0.0671875
10 0.421875 0.33671875 0.065625 0.0671875
2 0.36953125 0.38359375 0.08125 0.0828125
7 0.2671875 0.46640625 0.090625 0.0921875
3 0.1875 0.56484375 0.0703125 0.071875
3 0.45859375 0.20078125 0.0703125 0.071875
10 0.4 0.24609375 0.06875 0.0703125
10 0.265625 0.36796875 0.0671875 0.06875
9 0.2171875 0.409375 0.08125 0.0828125
4 0.121875 0.4953125 0.1265625 0.1296875
10 0.303125 0.23359375 0.06875 0.0703125
7 0.20625 0.30390625 0.0921875 0.0953125
10 0.16875 0.36484375 0.0671875 0.06875
5 0.12578125 0.409375 0.084375 0.0859375
0 0.33984375 0.0890625 0.096875 0.1
3 0.2140625 0.225 0.06875 0.0703125
5 0.16328125 0.25859375 0.0796875 0.08125
11 0.06484375 0.33671875 0.125 0.128125