8 0.69765625 0.7015625 0.06875 0.0796875
12 0.546875 0.6859375 0.0375 0.0625
1 0.2640625 0.6828125 0.08125 0.078125
3 0.6828125 0.6046875 0.0359375 0.053125
10 0.603125 0.60703125 0.034375 0.046875
2 0.40390625 0.59609375 0.0421875 0.0625
3 0.27421875 0.60390625 0.0421875 0.046875
12 0.671875 0.509375 0.04375 0.0703125
3 0.6046875 0.52734375 0.034375 0.0546875
3 0.5453125 0.5125 0.03125 0.0578125
10 0.40546875 0.51875 0.034375 0.0578125
9 0.278125 0.50859375 0.0484375 0.071875
0 0.60625 0.41796875 0.0390625 0.078125
3 0.53984375 0.43671875 0.03125 0.0578125
10 0.3421875 0.421875 0.0390625 0.0546875
10 0.60859375 0.353125 0.03125 0.0640625
2 0.540625 0.34921875 0.0375 0.0796875
7 0.41171875 0.33515625 0.0421875 0.0875
3 0.28984375 0.3484375 0.0390625 0.0625
3 0.728125 0.28515625 0.0375 0.0640625
10 0.65625 0.275 0.034375 0.065625
10 0.47890625 0.2671875 0.03125 0.065625
9 0.41796875 0.26171875 0.040625 0.0765625
4 0.2921875 0.25546875 0.0671875 0.1171875
10 0.59765625 0.2 0.03125 0.06875
7 0.48203125 0.18125 0.0375 0.096875
10 0.4140625 0.19765625 0.03125 0.065625
5 0.3546875 0.19765625 0.0421875 0.0796875
0 0.72421875 0.12578125 0.04375 0.096875
3 0.5421875 0.1328125 0.0296875 0.06875
5 0.48359375 0.1203125 0.0359375 0.0796875
11 0.36171875 0.10703125 0.059375 0.1203125