10 0.45546875 0.76015625 0.0484375 0.0609375
3 0.38359375 0.74609375 0.046875 0.05625
10 0.3171875 0.71484375 0.046875 0.059375
12 0.625 0.68984375 0.0625 0.075
10 0.5546875 0.69453125 0.0453125 0.0609375
10 0.42421875 0.64453125 0.0453125 0.0609375
3 0.21171875 0.6109375 0.05625 0.0640625
3 0.715625 0.62421875 0.05625 0.065625
2 0.58125 0.5890625 0.059375 0.084375
0 0.51796875 0.5671875 0.0578125 0.08125
11 0.22890625 0.49453125 0.1015625 0.1125
3 0.7265625 0.5390625 0.05625 0.06875
3 0.53359375 0.4875 0.046875 0.065625
3 0.47265625 0.48046875 0.046875 0.065625
3 0.403125 0.46484375 0.046875 0.065625
10 0.33671875 0.45390625 0.0546875 0.0640625
5 0.74453125 0.4609375 0.065625 0.0859375
2 0.68828125 0.4390625 0.059375 0.084375
5 0.4375 0.3828125 0.059375 0.08125
9 0.30703125 0.34609375 0.06875 0.0890625
8 0.46015625 0.2796875 0.0859375 0.1359375
7 0.39296875 0.28671875 0.0671875 0.0984375
0 0.6125 0.2578125 0.0609375 0.1015625
10 0.4828125 0.228125 0.0484375 0.06875
12 0.421875 0.2140625 0.0609375 0.0859375
1 0.36015625 0.1828125 0.1015625 0.146875
3 0.80390625 0.2328125 0.0546875 0.0765625
9 0.75078125 0.225 0.0640625 0.0890625
10 0.62578125 0.2015625 0.0484375 0.075
7 0.5671875 0.15625 0.059375 0.1015625
4 0.509375 0.14140625 0.0859375 0.1328125
10 0.3875 0.13359375 0.0578125 0.075