10 0.47578125 0.73359375 0.03125 0.05
3 0.54296875 0.7421875 0.03125 0.04375
10 0.61015625 0.73359375 0.03125 0.046875
12 0.346875 0.6234375 0.0421875 0.059375
10 0.4078125 0.64765625 0.028125 0.05
10 0.5359375 0.64140625 0.028125 0.05
3 0.7328125 0.671875 0.0390625 0.05
3 0.28515625 0.53984375 0.0375 0.0515625
2 0.4140625 0.546875 0.034375 0.071875
0 0.47578125 0.54609375 0.034375 0.0671875
11 0.75078125 0.56484375 0.0703125 0.0859375
3 0.30078125 0.46171875 0.0359375 0.0546875
3 0.48515625 0.471875 0.028125 0.0546875
3 0.540625 0.4828125 0.028125 0.0546875
3 0.60625 0.4890625 0.028125 0.0546875
10 0.66796875 0.49765625 0.0359375 0.0515625
5 0.30703125 0.38828125 0.040625 0.0703125
2 0.3625 0.384375 0.034375 0.071875
5 0.59921875 0.40703125 0.0359375 0.0671875
9 0.725 0.41171875 0.04375 0.071875
8 0.609375 0.31015625 0.0453125 0.1171875
7 0.66640625 0.33515625 0.0390625 0.0828125
0 0.48125 0.246875 0.03125 0.0890625
10 0.603125 0.2578125 0.028125 0.0578125
12 0.6609375 0.26328125 0.0359375 0.071875
1 0.725 0.253125 0.059375 0.1234375
3 0.3203125 0.1703125 0.0328125 0.0640625
9 0.36953125 0.17890625 0.0390625 0.0734375
10 0.4859375 0.19375 0.0265625 0.0640625
7 0.55 0.1703125 0.028125 0.090625
4 0.6046875 0.17421875 0.046875 0.1140625
10 0.71484375 0.20234375 0.0359375 0.0609375