10 0.3703125 0.3046875 0.0578125 0.059375
3 0.3125 0.3421875 0.053125 0.0546875
10 0.265625 0.39296875 0.0546875 0.0578125
12 0.54375 0.30703125 0.071875 0.075
10 0.48046875 0.32734375 0.0546875 0.0578125
10 0.384375 0.41640625 0.0546875 0.0578125
3 0.209375 0.52265625 0.0625 0.0640625
3 0.64765625 0.33125 0.0625 0.0640625
2 0.5421875 0.41015625 0.0734375 0.078125
0 0.49453125 0.4515625 0.071875 0.075
11 0.26640625 0.61796875 0.1109375 0.1125
3 0.68671875 0.40234375 0.0640625 0.0671875
3 0.53515625 0.51640625 0.0578125 0.0609375
3 0.48515625 0.54453125 0.0578125 0.0609375
3 0.42890625 0.58203125 0.0578125 0.0609375
10 0.375 0.61640625 0.0625 0.0640625
5 0.7296875 0.4640625 0.078125 0.08125
2 0.6890625 0.50390625 0.0734375 0.078125
5 0.4890625 0.6421875 0.071875 0.0765625
9 0.3875 0.72109375 0.08125 0.084375
8 0.54453125 0.725 0.1125 0.121875
7 0.48359375 0.7421875 0.084375 0.090625
0 0.68671875 0.6890625 0.0828125 0.090625
10 0.58359375 0.7609375 0.0609375 0.0640625
12 0.534375 0.7953125 0.075 0.0796875
1 0.49140625 0.84453125 0.128125 0.1359375
3 0.8625 0.64453125 0.0671875 0.071875
9 0.81875 0.66953125 0.078125 0.0828125
10 0.7171875 0.734375 0.0625 0.0671875
7 0.68359375 0.7953125 0.08125 0.0890625
4 0.6375 0.828125 0.1109375 0.1203125
10 0.5328125 0.878125 0.06875 0.071875