12 0.246875 0.640625 0.046875 0.0609375
7 0.57578125 0.6765625 0.0359375 0.059375
10 0.64140625 0.6828125 0.0359375 0.04375
10 0.715625 0.68046875 0.0390625 0.0484375
8 0.25390625 0.559375 0.0640625 0.09375
9 0.5109375 0.571875 0.03125 0.0671875
3 0.70859375 0.5953125 0.0359375 0.0515625
10 0.271875 0.4875 0.0375 0.0546875
10 0.3890625 0.49375 0.028125 0.0546875
0 0.5203125 0.4859375 0.03125 0.071875
10 0.2796875 0.403125 0.0359375 0.059375
10 0.3328125 0.409375 0.03125 0.053125
3 0.58125 0.428125 0.028125 0.0546875
10 0.6984375 0.425 0.03125 0.0546875
7 0.40859375 0.3234375 0.0328125 0.0828125
10 0.46484375 0.35 0.0265625 0.05625
12 0.525 0.34375 0.03125 0.071875
5 0.58125 0.35 0.03125 0.0703125
3 0.69765625 0.35625 0.0328125 0.059375
3 0.2953125 0.2671875 0.03125 0.059375
9 0.51484375 0.2609375 0.0296875 0.075
2 0.58828125 0.2796875 0.0359375 0.0671875
3 0.6375 0.275 0.028125 0.059375
3 0.7015625 0.275 0.03125 0.059375
3 0.35703125 0.1953125 0.0296875 0.0625
11 0.4703125 0.18359375 0.0390625 0.1078125
1 0.58125 0.1859375 0.0359375 0.1234375
4 0.696875 0.1953125 0.053125 0.1171875
0 0.3625 0.11875 0.03125 0.09375
2 0.4109375 0.13359375 0.028125 0.0796875
3 0.521875 0.1421875 0.025 0.0609375
5 0.5859375 0.13671875 0.03125 0.0765625