12 0.6984375 0.3171875 0.065625 0.0765625
7 0.34375 0.36484375 0.053125 0.071875
10 0.2734375 0.375 0.05 0.05625
10 0.19609375 0.396875 0.053125 0.0609375
8 0.71171875 0.40390625 0.0921875 0.115625
9 0.4390625 0.4578125 0.05 0.078125
3 0.22578125 0.484375 0.0515625 0.0625
10 0.71171875 0.48359375 0.053125 0.0671875
10 0.5875 0.5078125 0.04375 0.065625
0 0.4515625 0.55078125 0.0515625 0.0828125
10 0.72578125 0.57421875 0.053125 0.071875
10 0.66875 0.58203125 0.046875 0.0640625
3 0.403125 0.62734375 0.04375 0.065625
10 0.28046875 0.6609375 0.046875 0.065625
7 0.6109375 0.69140625 0.05625 0.0953125
10 0.5453125 0.67890625 0.0421875 0.065625
12 0.48359375 0.70078125 0.0515625 0.0828125
5 0.4234375 0.709375 0.0515625 0.08125
3 0.29921875 0.7328125 0.05 0.0703125
3 0.7453125 0.72109375 0.0484375 0.0703125
9 0.51640625 0.78515625 0.05 0.0859375
2 0.434375 0.784375 0.05625 0.0796875
3 0.38359375 0.80234375 0.0453125 0.06875
3 0.3171875 0.81875 0.0484375 0.0703125
3 0.6984375 0.8125 0.046875 0.0734375
11 0.58359375 0.8546875 0.06875 0.1234375
1 0.46640625 0.88125 0.0703125 0.1390625
4 0.3421875 0.9015625 0.0859375 0.1375
0 0.71328125 0.89453125 0.0578125 0.10625
2 0.65859375 0.89140625 0.05 0.090625
3 0.53984375 0.9109375 0.0421875 0.0703125
5 0.47421875 0.93359375 0.053125 0.0890625