12 0.22109375 0.471875 0.06875 0.0765625
7 0.521875 0.31015625 0.05625 0.0703125
10 0.58203125 0.27890625 0.0515625 0.05625
10 0.65390625 0.25234375 0.05625 0.0609375
8 0.25859375 0.546875 0.0984375 0.1140625
9 0.5 0.4359375 0.05625 0.0765625
3 0.68046875 0.33671875 0.0546875 0.0625
10 0.30390625 0.60859375 0.0578125 0.0671875
10 0.4140625 0.5578125 0.0484375 0.0625
0 0.5421875 0.5140625 0.0578125 0.08125
10 0.34375 0.68671875 0.05625 0.0703125
10 0.39296875 0.659375 0.05 0.0625
3 0.6234375 0.54609375 0.0484375 0.0625
10 0.73671875 0.50390625 0.05 0.0640625
7 0.4984375 0.71328125 0.0625 0.0921875
10 0.54140625 0.665625 0.046875 0.0640625
12 0.60234375 0.6484375 0.0578125 0.08125
5 0.653125 0.62109375 0.05625 0.0796875
3 0.7625 0.5703125 0.0546875 0.06875
3 0.41171875 0.81015625 0.053125 0.06875
9 0.6234375 0.73125 0.0578125 0.0828125
2 0.68671875 0.6859375 0.059375 0.078125
3 0.7359375 0.67109375 0.05 0.0671875
3 0.79765625 0.64609375 0.053125 0.06875
3 0.4984375 0.85546875 0.053125 0.071875
11 0.6109375 0.8234375 0.0796875 0.11875
1 0.7171875 0.778125 0.08125 0.13125
4 0.82421875 0.72421875 0.0953125 0.1328125
0 0.53359375 0.9265625 0.065625 0.1015625
2 0.57421875 0.89375 0.0578125 0.0875
3 0.6765625 0.8421875 0.046875 0.06875
5 0.73984375 0.8234375 0.059375 0.0859375