1 0.325 0.7484375 0.059375 0.071875
3 0.4703125 0.74921875 0.03125 0.0515625
10 0.5984375 0.74609375 0.0359375 0.0484375
9 0.68515625 0.74375 0.0515625 0.05625
5 0.74296875 0.7421875 0.0484375 0.059375
12 0.25546875 0.6546875 0.0484375 0.0625
8 0.31953125 0.6421875 0.0578125 0.09375
10 0.46015625 0.66328125 0.0296875 0.0515625
3 0.60546875 0.65546875 0.0328125 0.0515625
11 0.6703125 0.63046875 0.05625 0.0984375
10 0.7375 0.64296875 0.0390625 0.0484375
12 0.3296875 0.57109375 0.04375 0.0671875
10 0.40390625 0.58046875 0.0328125 0.0546875
3 0.47265625 0.55859375 0.0296875 0.0546875
0 0.525 0.55625 0.0359375 0.071875
3 0.40546875 0.496875 0.0296875 0.05625
9 0.51953125 0.471875 0.0328125 0.071875
10 0.584375 0.4734375 0.028125 0.059375
3 0.6453125 0.471875 0.03125 0.05625
5 0.27421875 0.409375 0.0421875 0.071875
10 0.33125 0.409375 0.0359375 0.059375
4 0.39375 0.396875 0.046875 0.10625
10 0.2828125 0.33515625 0.03125 0.0609375
2 0.5234375 0.32734375 0.03125 0.0765625
10 0.6984375 0.33203125 0.03125 0.0609375
7 0.334375 0.253125 0.0390625 0.090625
3 0.39765625 0.27265625 0.0296875 0.0609375
2 0.4515625 0.26640625 0.0359375 0.0671875
3 0.58046875 0.265625 0.0265625 0.0625
0 0.3359375 0.1875 0.0375 0.09375
3 0.4625 0.196875 0.025 0.0625
7 0.634375 0.175 0.03125 0.096875