1 0.44765625 0.2 0.09375 0.09375
3 0.34140625 0.3015625 0.059375 0.059375
10 0.25 0.39375 0.0609375 0.0609375
9 0.18828125 0.45703125 0.0765625 0.078125
5 0.146875 0.4984375 0.0765625 0.078125
12 0.56484375 0.21875 0.0796875 0.0796875
8 0.52734375 0.27265625 0.1078125 0.109375
10 0.409375 0.35703125 0.0578125 0.059375
3 0.30859375 0.46484375 0.0609375 0.0609375
11 0.278125 0.52890625 0.1109375 0.1109375
10 0.22109375 0.5671875 0.0625 0.0625
12 0.56953125 0.3328125 0.0796875 0.0796875
10 0.50859375 0.37734375 0.0625 0.0625
3 0.47421875 0.44296875 0.0609375 0.0609375
0 0.4375 0.48125 0.0765625 0.078125
3 0.5671875 0.43984375 0.0609375 0.0625
9 0.50078125 0.5390625 0.075 0.075
10 0.45234375 0.58359375 0.0625 0.0640625
3 0.409375 0.62734375 0.0625 0.0625
5 0.72421875 0.41171875 0.08125 0.0828125
10 0.6828125 0.4515625 0.06875 0.06875
4 0.64609375 0.5046875 0.109375 0.1109375
10 0.7703125 0.471875 0.065625 0.0671875
2 0.6 0.64765625 0.0765625 0.078125
10 0.46875 0.7671875 0.065625 0.0671875
7 0.790625 0.56796875 0.0921875 0.09375
3 0.73125 0.5984375 0.0640625 0.065625
2 0.69609375 0.640625 0.0734375 0.075
3 0.60234375 0.7328125 0.0640625 0.0640625
0 0.83515625 0.6171875 0.09375 0.0953125
3 0.73671875 0.69921875 0.0625 0.0640625
7 0.6265625 0.83671875 0.0921875 0.09375