1 0.73125 0.2984375 0.075 0.084375
3 0.58984375 0.2625 0.0421875 0.0578125
10 0.4640625 0.234375 0.046875 0.05625
9 0.3796875 0.215625 0.0640625 0.0671875
5 0.321875 0.203125 0.0609375 0.06875
12 0.7765625 0.40703125 0.0625 0.0734375
8 0.7109375 0.40390625 0.0796875 0.10625
10 0.57890625 0.34921875 0.040625 0.0578125
3 0.43515625 0.32109375 0.04375 0.0578125
11 0.36640625 0.3296875 0.078125 0.109375
10 0.303125 0.30078125 0.05 0.05625
12 0.68359375 0.4703125 0.059375 0.0765625
10 0.6140625 0.44296875 0.0453125 0.0609375
3 0.54140625 0.4484375 0.0421875 0.0609375
0 0.48984375 0.4375 0.053125 0.0796875
3 0.5921875 0.52421875 0.0421875 0.0625
9 0.475 0.52109375 0.05 0.078125
10 0.4109375 0.50390625 0.0421875 0.0640625
3 0.3515625 0.490625 0.04375 0.0625
5 0.69921875 0.6421875 0.0578125 0.08125
10 0.64296875 0.628125 0.05 0.065625
4 0.57890625 0.625 0.071875 0.115625
10 0.67265625 0.7125 0.0453125 0.0671875
2 0.4359375 0.6609375 0.0484375 0.0828125
10 0.265625 0.6140625 0.0453125 0.0671875
7 0.6015625 0.7796875 0.059375 0.0984375
3 0.5453125 0.7453125 0.04375 0.065625
2 0.490625 0.73828125 0.0515625 0.075
3 0.36484375 0.7078125 0.040625 0.0671875
0 0.584375 0.84375 0.059375 0.1015625
3 0.46328125 0.803125 0.0390625 0.0671875
7 0.28984375 0.78359375 0.0546875 0.1015625