10 0.65859375 0.146875 0.0671875 0.128125
10 0.56171875 0.15859375 0.059375 0.128125
10 0.66796875 0.43671875 0.0734375 0.1109375
10 0.59296875 0.540625 0.08125 0.1171875
10 0.70859375 0.65234375 0.0765625 0.1140625
10 0.3296875 0.23828125 0.071875 0.1171875
10 0.23359375 0.30234375 0.0703125 0.1265625
10 0.31484375 0.62734375 0.0859375 0.1328125
3 0.834375 0.3328125 0.08125 0.10625
3 0.6625 0.32109375 0.08125 0.1140625
3 0.5796875 0.24453125 0.075 0.109375
3 0.4171875 0.315625 0.075 0.11875
3 0.39375 0.4203125 0.0671875 0.10625
3 0.31171875 0.3234375 0.0703125 0.115625
3 0.240625 0.13046875 0.075 0.1140625
3 0.58125 0.42890625 0.075 0.109375
5 0.74140625 0.25 0.0890625 0.140625
5 0.3953125 0.225 0.08125 0.134375
4 0.21953125 0.490625 0.1015625 0.184375
1 0.5125 0.63125 0.090625 0.1609375
0 0.8828125 0.64453125 0.10625 0.1421875
0 0.19921875 0.8765625 0.1 0.1515625
2 0.42421875 0.89375 0.1046875 0.159375
2 0.91796875 0.77734375 0.1046875 0.1359375
12 0.80625 0.16015625 0.0875 0.1421875
7 0.4828125 0.146875 0.0875 0.1375
7 0.584375 0.3203125 0.09375 0.140625
11 0.79609375 0.51875 0.1203125 0.171875
8 0.409375 0.496875 0.09375 0.16875
9 0.315625 0.50859375 0.1015625 0.14375
9 0.2140625 0.4015625 0.1 0.1390625
12 0.740625 0.8875 0.115625 0.15625