3 0.6546875 0.5109375 0.1296875 0.1453125
3 0.74140625 0.58359375 0.1390625 0.15
3 0.6953125 0.6609375 0.1375 0.146875
3 0.71171875 0.84765625 0.140625 0.1515625
3 0.321875 0.7609375 0.121875 0.1390625
3 0.42265625 0.9640625 0.1140625 0.071875
3 0.23671875 0.8625 0.128125 0.1359375
3 0.45859375 0.28984375 0.11875 0.1359375
10 0.9265625 0.35 0.13125 0.1484375
10 0.85390625 0.53125 0.134375 0.146875
10 0.81640625 0.64296875 0.1296875 0.1421875
10 0.54609375 0.74140625 0.1484375 0.1609375
10 0.13984375 0.7921875 0.1515625 0.1609375
10 0.5140625 0.18359375 0.125 0.140625
10 0.78828125 0.25703125 0.1265625 0.14375
9 0.70390625 0.4265625 0.1609375 0.18125
9 0.66796875 0.275 0.1484375 0.1703125
10 0.678125 0.96171875 0.1375 0.0765625
12 0.53359375 0.98125 0.1484375 0.0375
12 0.25859375 0.246875 0.1578125 0.1765625
7 0.2546875 0.409375 0.159375 0.1765625
7 0.9078125 0.42578125 0.153125 0.1703125
8 0.59375 0.4484375 0.184375 0.215625
11 0.021875 0.653125 0.04375 0.20625
5 0.4875 0.06875 0.153125 0.1375
5 0.609375 0.62890625 0.1734375 0.190625
0 0.43984375 0.515625 0.1609375 0.18125
0 0.11171875 0.45234375 0.165625 0.1734375
2 0.60390625 0.228125 0.1640625 0.1921875
2 0.44765625 0.12890625 0.1578125 0.178125
1 0.30703125 0.54453125 0.1890625 0.221875
4 0.31796875 0.14375 0.171875 0.203125