3 0.39453125 0.64453125 0.1125 0.140625
3 0.284375 0.66640625 0.125 0.1421875
3 0.25390625 0.58203125 0.121875 0.140625
3 0.10078125 0.478125 0.125 0.1453125
3 0.409375 0.2328125 0.10625 0.134375
3 0.165625 0.1546875 0.1140625 0.1390625
3 0.38046875 0.09296875 0.121875 0.15
3 0.6875 0.63046875 0.1015625 0.1328125
10 0.34921875 0.940625 0.1140625 0.11875
10 0.2546875 0.784375 0.11875 0.140625
10 0.1921875 0.68671875 0.1140625 0.1375
10 0.284375 0.41796875 0.1328125 0.153125
10 0.496875 0.07421875 0.1375 0.1484375
10 0.73359375 0.740625 0.1078125 0.1359375
10 0.50625 0.90625 0.109375 0.1390625
9 0.42890625 0.734375 0.140625 0.175
9 0.56796875 0.8015625 0.128125 0.1671875
10 0.03203125 0.3578125 0.0640625 0.146875
12 0.065625 0.20859375 0.13125 0.1671875
12 0.84453125 0.50546875 0.1390625 0.1703125
7 0.72109375 0.4 0.1390625 0.1703125
7 0.30234375 0.89296875 0.134375 0.165625
8 0.48046875 0.6375 0.1578125 0.2125
11 0.7171875 0.05546875 0.175 0.1109375
5 0.85078125 0.80234375 0.134375 0.165625
5 0.33203125 0.5359375 0.153125 0.1828125
0 0.525 0.47578125 0.140625 0.175
0 0.77734375 0.26328125 0.15 0.1640625
2 0.64375 0.78203125 0.140625 0.1890625
2 0.81640625 0.72421875 0.1375 0.1734375
1 0.58515625 0.35703125 0.1625 0.21875
4 0.8875 0.6140625 0.1453125 0.2