10 0.3265625 0.11953125 0.08125 0.1453125
10 0.434375 0.1265625 0.0734375 0.1453125
10 0.33359375 0.440625 0.0875 0.1265625
10 0.421875 0.55078125 0.096875 0.134375
10 0.30078125 0.68125 0.0921875 0.13125
10 0.6953125 0.20078125 0.0859375 0.134375
10 0.80546875 0.26640625 0.0859375 0.14375
10 0.734375 0.63125 0.103125 0.1515625
3 0.14296875 0.33515625 0.0953125 0.121875
3 0.33203125 0.3125 0.096875 0.13125
3 0.41953125 0.22265625 0.0890625 0.125
3 0.603125 0.2921875 0.0890625 0.1359375
3 0.63515625 0.40625 0.0796875 0.121875
3 0.72109375 0.29453125 0.084375 0.1328125
3 0.7875 0.0765625 0.0890625 0.13125
3 0.42890625 0.4265625 0.0890625 0.125
5 0.24140625 0.23828125 0.10625 0.1609375
5 0.621875 0.18984375 0.096875 0.153125
4 0.83203125 0.47421875 0.1234375 0.209375
1 0.51640625 0.64609375 0.109375 0.1828125
0 0.1078125 0.6828125 0.1265625 0.1640625
0 0.878125 0.896875 0.1203125 0.1734375
2 0.628125 0.91796875 0.1234375 0.1578125
2 0.07578125 0.83125 0.1234375 0.15625
12 0.1640625 0.14296875 0.1046875 0.1625
7 0.52109375 0.109375 0.1046875 0.1578125
7 0.41875 0.30703125 0.1125 0.1609375
11 0.19609375 0.53828125 0.14375 0.196875
8 0.62265625 0.4921875 0.1140625 0.1921875
9 0.7265625 0.49921875 0.1203125 0.165625
9 0.8328125 0.375 0.11875 0.159375
12 0.27890625 0.9265625 0.1359375 0.146875