3 0.66171875 0.40703125 0.0703125 0.1140625
3 0.76484375 0.42265625 0.0828125 0.1109375
3 0.76484375 0.50625 0.08125 0.109375
3 0.86640625 0.64609375 0.0828125 0.1140625
3 0.51796875 0.7625 0.065625 0.109375
3 0.70625 0.90859375 0.0734375 0.1109375
3 0.4984375 0.89453125 0.078125 0.1203125
3 0.4015625 0.32578125 0.0609375 0.109375
10 0.8 0.15078125 0.0703125 0.1171875
10 0.82890625 0.32890625 0.078125 0.1109375
10 0.85234375 0.434375 0.0734375 0.109375
10 0.6859375 0.640625 0.0875 0.1203125
10 0.38984375 0.8765625 0.0921875 0.121875
10 0.3953125 0.21484375 0.0671875 0.1109375
10 0.646875 0.14296875 0.0671875 0.1140625
9 0.66015625 0.3171875 0.0890625 0.140625
9 0.56015625 0.2140625 0.0765625 0.1375
10 0.9125 0.78203125 0.078125 0.1171875
12 0.8171875 0.8953125 0.096875 0.13125
12 0.2234375 0.3859375 0.0875 0.1375
7 0.29765625 0.51640625 0.0890625 0.1359375
7 0.821875 0.21953125 0.084375 0.1328125
8 0.584375 0.3859375 0.090625 0.178125
11 0.1734375 0.8671875 0.109375 0.178125
5 0.3125 0.12421875 0.084375 0.1328125
5 0.68203125 0.521875 0.0984375 0.1453125
0 0.49375 0.51328125 0.0875 0.1421875
0 0.20546875 0.61875 0.103125 0.125
2 0.4875 0.2078125 0.0828125 0.15625
2 0.3171875 0.203125 0.0859375 0.140625
1 0.403125 0.5984375 0.09375 0.1828125
4 0.22109375 0.2765625 0.0828125 0.16875