10 0.3796875 0.86328125 0.14375 0.1515625
10 0.30859375 0.78671875 0.1375 0.146875
10 0.5875 0.63125 0.1375 0.1421875
10 0.59765625 0.49453125 0.1484375 0.153125
10 0.76953125 0.4828125 0.1421875 0.146875
10 0.171875 0.56171875 0.140625 0.1453125
10 0.1375 0.4421875 0.1453125 0.153125
10 0.42890625 0.23125 0.1625 0.16875
3 0.65234375 0.83203125 0.140625 0.14375
3 0.503125 0.7234375 0.1453125 0.15
3 0.3828125 0.72890625 0.1375 0.1421875
3 0.2984375 0.5578125 0.14375 0.15
3 0.35078125 0.45546875 0.128125 0.1328125
3 0.21640625 0.4796875 0.1375 0.14375
3 0.04765625 0.58828125 0.0953125 0.1453125
3 0.5109375 0.578125 0.1375 0.1421875
5 0.51875 0.8359375 0.1703125 0.1765625
5 0.2171875 0.61796875 0.159375 0.1671875
4 0.25625 0.278125 0.2109375 0.221875
1 0.59375 0.36484375 0.1859375 0.1953125
0 0.9078125 0.609375 0.184375 0.190625
0 0.5015625 0.021875 0.18125 0.04375
2 0.6921875 0.09921875 0.175 0.178125
2 0.96875 0.5234375 0.0625 0.184375
12 0.51015625 0.9328125 0.1703125 0.134375
7 0.2359375 0.7421875 0.1671875 0.1734375
7 0.43828125 0.66953125 0.1734375 0.1796875
11 0.74921875 0.65234375 0.2171875 0.2234375
8 0.41640625 0.40390625 0.19375 0.203125
9 0.34765625 0.32890625 0.1828125 0.1890625
9 0.18984375 0.346875 0.178125 0.1828125
12 0.928125 0.31875 0.14375 0.190625