8 0.475 0.80390625 0.109375 0.1140625
11 0.60546875 0.70625 0.0984375 0.10625
12 0.8015625 0.5890625 0.0796875 0.08125
10 0.4328125 0.7234375 0.0609375 0.065625
12 0.4984375 0.6796875 0.0734375 0.078125
4 0.80078125 0.4453125 0.125 0.1265625
0 0.48515625 0.55078125 0.0765625 0.0828125
3 0.559375 0.51640625 0.0625 0.0671875
7 0.66953125 0.4390625 0.08125 0.084375
7 0.73203125 0.39921875 0.0890625 0.090625
2 0.334375 0.57109375 0.0875 0.0921875
1 0.37265625 0.509375 0.115625 0.125
3 0.50234375 0.45859375 0.0625 0.0671875
3 0.6765625 0.33046875 0.0703125 0.0734375
5 0.228125 0.54140625 0.084375 0.090625
2 0.29453125 0.49375 0.0796875 0.0859375
10 0.3921875 0.41484375 0.0640625 0.0703125
3 0.50703125 0.340625 0.0640625 0.0703125
3 0.5671875 0.303125 0.06875 0.071875
3 0.1828125 0.4625 0.0703125 0.075
10 0.2375 0.43515625 0.0671875 0.071875
10 0.40546875 0.30625 0.065625 0.0703125
5 0.45625 0.278125 0.08125 0.0890625
10 0.14296875 0.39453125 0.0703125 0.0765625
0 0.23515625 0.3109375 0.0921875 0.103125
10 0.30546875 0.28984375 0.0671875 0.0734375
9 0.35390625 0.24453125 0.0828125 0.090625
3 0.46171875 0.17890625 0.0671875 0.0734375
9 0.5234375 0.13359375 0.0890625 0.0921875
10 0.309375 0.19140625 0.06875 0.0765625
3 0.36171875 0.1609375 0.065625 0.071875
10 0.42109375 0.11328125 0.06875 0.075