8 0.32578125 0.68984375 0.0578125 0.0859375
11 0.47265625 0.69296875 0.0453125 0.0859375
12 0.67734375 0.71796875 0.0484375 0.0546875
10 0.340625 0.60859375 0.03125 0.05
12 0.41171875 0.61484375 0.0375 0.0609375
4 0.75703125 0.615625 0.075 0.0875
0 0.4734375 0.51484375 0.034375 0.0671875
3 0.5453125 0.5328125 0.028125 0.0546875
7 0.6671875 0.53828125 0.04375 0.0625
7 0.73359375 0.54453125 0.0515625 0.0640625
2 0.35546875 0.44609375 0.0421875 0.0734375
1 0.41640625 0.4234375 0.0515625 0.103125
3 0.5375 0.459375 0.028125 0.0546875
3 0.7328125 0.46484375 0.0375 0.0546875
5 0.29609375 0.36640625 0.0421875 0.0703125
2 0.3703125 0.36875 0.034375 0.071875
10 0.4828125 0.3671875 0.028125 0.0578125
3 0.60625 0.378125 0.028125 0.0578125
3 0.66953125 0.38515625 0.0359375 0.0546875
3 0.3078125 0.284375 0.034375 0.059375
10 0.36171875 0.2953125 0.0328125 0.05625
10 0.553125 0.296875 0.028125 0.059375
5 0.6046875 0.30546875 0.0359375 0.0734375
10 0.3171875 0.2140625 0.0296875 0.0640625
0 0.42890625 0.20625 0.034375 0.090625
10 0.490625 0.2296875 0.028125 0.0625
9 0.55078125 0.22421875 0.0328125 0.078125
3 0.6640625 0.2375 0.03125 0.059375
9 0.7328125 0.23984375 0.05 0.0671875
10 0.5484375 0.1625 0.028125 0.065625
3 0.603125 0.16953125 0.028125 0.0609375
10 0.67109375 0.16875 0.0328125 0.059375