8 0.24765625 0.546875 0.1 0.10625
11 0.3671875 0.6375 0.0890625 0.0984375
12 0.521875 0.78125 0.0734375 0.075
10 0.30859375 0.48828125 0.05625 0.059375
12 0.3640625 0.53671875 0.0671875 0.0734375
4 0.64921875 0.74453125 0.1140625 0.1171875
0 0.475 0.490625 0.06875 0.0765625
3 0.5234375 0.54921875 0.05625 0.0625
7 0.62109375 0.6265625 0.0734375 0.078125
7 0.67265625 0.671875 0.08125 0.084375
2 0.41875 0.36328125 0.078125 0.0859375
1 0.4828125 0.38125 0.1046875 0.115625
3 0.5609375 0.48359375 0.05625 0.0625
3 0.71953125 0.60546875 0.0640625 0.06875
5 0.4171875 0.26171875 0.0765625 0.0828125
2 0.47734375 0.3078125 0.071875 0.0796875
10 0.571875 0.37421875 0.0578125 0.065625
3 0.6671875 0.45703125 0.0578125 0.065625
3 0.715625 0.50078125 0.0625 0.0671875
3 0.4765625 0.20078125 0.0640625 0.0703125
10 0.51484375 0.2421875 0.0609375 0.0671875
10 0.671875 0.35859375 0.059375 0.065625
5 0.709375 0.39609375 0.0734375 0.0828125
10 0.5265625 0.1484375 0.0625 0.0703125
0 0.62421875 0.20859375 0.0828125 0.0953125
10 0.6609375 0.265625 0.0609375 0.06875
9 0.71328125 0.296875 0.0734375 0.084375
3 0.8 0.37578125 0.0625 0.06875
9 0.85546875 0.41875 0.08125 0.0859375
10 0.7484375 0.24453125 0.0625 0.071875
3 0.78984375 0.2828125 0.059375 0.0671875
10 0.846875 0.3234375 0.0625 0.06875