3 0.3546875 0.33828125 0.0484375 0.059375
10 0.5515625 0.27265625 0.0421875 0.0515625
10 0.61015625 0.265625 0.04375 0.059375
3 0.75234375 0.20078125 0.05625 0.0609375
10 0.31484375 0.44453125 0.0515625 0.0609375
3 0.3703125 0.4296875 0.0484375 0.0640625
9 0.45078125 0.42421875 0.0578125 0.0828125
3 0.50390625 0.39375 0.04375 0.0625
9 0.70078125 0.3265625 0.0671875 0.078125
4 0.45703125 0.49765625 0.0765625 0.1078125
5 0.58359375 0.44921875 0.05625 0.0765625
11 0.64609375 0.43984375 0.08125 0.1109375
8 0.71953125 0.434375 0.0921875 0.121875
3 0.35390625 0.62109375 0.053125 0.0671875
2 0.47421875 0.58671875 0.059375 0.0828125
10 0.59296875 0.5234375 0.04375 0.0625
7 0.44765625 0.6765625 0.059375 0.09375
3 0.55390625 0.621875 0.0453125 0.0671875
1 0.68203125 0.6046875 0.0875 0.1296875
3 0.51796875 0.71171875 0.0453125 0.0671875
12 0.63125 0.6828125 0.0546875 0.084375
5 0.68828125 0.67421875 0.059375 0.0875
0 0.47890625 0.82578125 0.065625 0.1046875
10 0.53046875 0.78984375 0.046875 0.071875
7 0.64453125 0.771875 0.059375 0.1
10 0.43671875 0.8921875 0.046875 0.0734375
2 0.49375 0.8796875 0.0578125 0.090625
10 0.55859375 0.85234375 0.0453125 0.06875
12 0.60703125 0.84296875 0.0546875 0.0890625
10 0.66796875 0.8203125 0.046875 0.0734375
3 0.76796875 0.77734375 0.0515625 0.071875
0 0.825 0.76953125 0.071875 0.10625