3 0.40390625 0.68515625 0.0359375 0.0515625
10 0.60625 0.696875 0.03125 0.04375
10 0.66328125 0.68828125 0.03125 0.0515625
3 0.8140625 0.7140625 0.04375 0.05
10 0.3390625 0.59453125 0.0390625 0.0515625
3 0.3953125 0.59453125 0.034375 0.0546875
9 0.47265625 0.5796875 0.0390625 0.0734375
3 0.53046875 0.59453125 0.0296875 0.0546875
9 0.73359375 0.60859375 0.0515625 0.065625
4 0.46015625 0.50859375 0.0515625 0.0953125
5 0.59140625 0.521875 0.0390625 0.0671875
11 0.65390625 0.51484375 0.05625 0.096875
8 0.72421875 0.5015625 0.0640625 0.10625
3 0.33125 0.41796875 0.0375 0.0578125
2 0.453125 0.41953125 0.040625 0.0734375
10 0.58203125 0.44921875 0.0296875 0.0546875
7 0.40625 0.34140625 0.0375 0.0859375
3 0.51953125 0.3671875 0.0296875 0.059375
1 0.6453125 0.35 0.0578125 0.115625
3 0.46328125 0.290625 0.0296875 0.059375
12 0.578125 0.2890625 0.034375 0.0765625
5 0.63359375 0.2828125 0.0390625 0.078125
0 0.39765625 0.19296875 0.040625 0.0953125
10 0.45546875 0.21328125 0.0296875 0.0640625
7 0.56796875 0.2015625 0.0359375 0.090625
10 0.34140625 0.140625 0.0296875 0.065625
2 0.3984375 0.13828125 0.0359375 0.0828125
10 0.46640625 0.14765625 0.0296875 0.0609375
12 0.51484375 0.14375 0.034375 0.08125
10 0.57734375 0.15 0.0296875 0.065625
3 0.6828125 0.16484375 0.034375 0.0640625
0 0.7390625 0.15859375 0.046875 0.0953125