3 0.521875 0.71875 0.059375 0.0640625
10 0.703125 0.61484375 0.0515625 0.0546875
10 0.74765625 0.57578125 0.05625 0.0625
3 0.8921875 0.51328125 0.065625 0.0671875
10 0.415625 0.6765625 0.0625 0.065625
3 0.4640625 0.6453125 0.059375 0.065625
9 0.52265625 0.5890625 0.075 0.0859375
3 0.58046875 0.56953125 0.05625 0.0640625
9 0.7640625 0.4671875 0.08125 0.0859375
4 0.47109375 0.534375 0.0984375 0.1109375
5 0.5921875 0.47265625 0.0703125 0.0796875
11 0.64296875 0.43125 0.103125 0.115625
8 0.6953125 0.38046875 0.1140625 0.128125
3 0.31015625 0.528125 0.0640625 0.0703125
2 0.415625 0.46171875 0.0765625 0.0859375
10 0.54375 0.41484375 0.05625 0.0640625
7 0.33125 0.4203125 0.0796875 0.0953125
3 0.44375 0.37890625 0.059375 0.0671875
1 0.5421875 0.29453125 0.1140625 0.13125
3 0.35234375 0.34453125 0.059375 0.0671875
12 0.45078125 0.27890625 0.071875 0.0859375
5 0.49453125 0.2421875 0.0765625 0.0890625
0 0.240625 0.29765625 0.0890625 0.10625
10 0.30234375 0.2828125 0.0609375 0.071875
7 0.3921875 0.209375 0.08125 0.0984375
10 0.16328125 0.28359375 0.0625 0.0734375
2 0.2109375 0.25 0.0765625 0.0921875
10 0.275 0.21953125 0.059375 0.06875
12 0.3140625 0.1890625 0.075 0.0890625
10 0.371875 0.159375 0.0625 0.0734375
3 0.471875 0.11328125 0.065625 0.0734375
0 0.51640625 0.0765625 0.09375 0.109375