4 0.67109375 0.775 0.06875 0.08125
10 0.58125 0.76796875 0.034375 0.0515625
10 0.4515625 0.775 0.03125 0.0484375
11 0.38046875 0.7609375 0.0546875 0.0890625
3 0.234375 0.7609375 0.0421875 0.046875
3 0.66015625 0.68671875 0.0390625 0.0546875
3 0.37578125 0.67734375 0.034375 0.0515625
12 0.3140625 0.6609375 0.0484375 0.0625
3 0.72109375 0.584375 0.040625 0.0546875
5 0.3984375 0.57734375 0.0375 0.0671875
2 0.328125 0.565625 0.0421875 0.0671875
7 0.6546875 0.49921875 0.04375 0.075
10 0.58203125 0.49375 0.034375 0.0578125
10 0.5265625 0.50703125 0.03125 0.05625
3 0.38828125 0.49609375 0.03125 0.05625
10 0.26171875 0.49921875 0.0359375 0.05625
0 0.71484375 0.40703125 0.05 0.0875
9 0.66328125 0.425 0.0484375 0.0703125
10 0.596875 0.41328125 0.03125 0.0609375
3 0.4046875 0.41015625 0.03125 0.0609375
10 0.26796875 0.4234375 0.0390625 0.0578125
12 0.5296875 0.33515625 0.0359375 0.075
8 0.40859375 0.32421875 0.0515625 0.121875
0 0.2828125 0.334375 0.0484375 0.0875
2 0.7125 0.2625 0.04375 0.078125
5 0.5265625 0.25625 0.034375 0.0796875
9 0.40625 0.253125 0.0375 0.08125
1 0.34921875 0.24609375 0.0609375 0.121875
3 0.28984375 0.26953125 0.0375 0.0640625
10 0.47578125 0.1890625 0.0296875 0.0671875
7 0.41796875 0.1765625 0.034375 0.0984375
3 0.35 0.1921875 0.03125 0.065625