4 0.38984375 0.16953125 0.09375 0.1015625
10 0.478125 0.2046875 0.0515625 0.0625
10 0.6140625 0.23828125 0.0453125 0.0578125
11 0.68046875 0.275 0.0828125 0.10625
3 0.83125 0.3203125 0.0578125 0.0609375
3 0.3734375 0.26328125 0.05625 0.0671875
3 0.6609375 0.36171875 0.0515625 0.0625
12 0.71875 0.39765625 0.0671875 0.0765625
3 0.27890625 0.3484375 0.059375 0.06875
5 0.60546875 0.45703125 0.059375 0.0796875
2 0.67421875 0.48984375 0.0640625 0.08125
7 0.3203125 0.45625 0.0671875 0.0890625
10 0.3921875 0.484375 0.053125 0.06875
10 0.4546875 0.4875 0.0484375 0.065625
3 0.59140625 0.5421875 0.0484375 0.065625
10 0.721875 0.578125 0.0546875 0.06875
0 0.23046875 0.53203125 0.078125 0.1015625
9 0.28828125 0.52890625 0.0703125 0.0859375
10 0.353125 0.5625 0.05 0.0703125
3 0.54765625 0.62578125 0.05 0.0703125
10 0.690625 0.65390625 0.0578125 0.0703125
12 0.39609375 0.66171875 0.059375 0.0859375
8 0.5171875 0.7125 0.0890625 0.1375
0 0.6484375 0.740625 0.0765625 0.1046875
2 0.18828125 0.67890625 0.06875 0.0921875
5 0.37578125 0.74375 0.059375 0.090625
9 0.496875 0.78515625 0.0625 0.09375
1 0.55234375 0.80859375 0.0984375 0.140625
3 0.62109375 0.8046875 0.0578125 0.075
10 0.40625 0.828125 0.0515625 0.0765625
7 0.4609375 0.859375 0.065625 0.1078125
3 0.5359375 0.8640625 0.0515625 0.075