4 0.3296875 0.7375 0.0625 0.075
10 0.41484375 0.73359375 0.03125 0.0484375
10 0.5390625 0.74453125 0.028125 0.0453125
11 0.60625 0.73359375 0.05 0.0828125
3 0.74609375 0.7390625 0.0390625 0.04375
3 0.34296875 0.65390625 0.0359375 0.0515625
3 0.6140625 0.65390625 0.03125 0.0484375
12 0.6734375 0.640625 0.04375 0.0578125
3 0.2875 0.55390625 0.0375 0.0515625
5 0.5953125 0.5578125 0.034375 0.0625
2 0.66328125 0.55 0.0390625 0.0625
7 0.35390625 0.475 0.0390625 0.0703125
10 0.4234375 0.47265625 0.03125 0.0546875
10 0.4765625 0.4875 0.028125 0.053125
3 0.6078125 0.48125 0.028125 0.053125
10 0.72890625 0.4890625 0.0328125 0.053125
0 0.3 0.38515625 0.0453125 0.08125
9 0.3484375 0.4046875 0.04375 0.065625
10 0.4125 0.3953125 0.028125 0.05625
3 0.5953125 0.3984375 0.028125 0.05625
10 0.725 0.415625 0.0359375 0.0546875
12 0.478125 0.3234375 0.03125 0.0703125
8 0.59453125 0.31640625 0.0453125 0.1140625
0 0.7140625 0.33046875 0.04375 0.0828125
2 0.30703125 0.2484375 0.0390625 0.0734375
5 0.484375 0.2484375 0.0296875 0.075
9 0.59921875 0.24921875 0.0328125 0.0765625
1 0.653125 0.24453125 0.0546875 0.1140625
3 0.709375 0.26875 0.034375 0.059375
10 0.53515625 0.1859375 0.0265625 0.0625
7 0.58984375 0.17578125 0.0296875 0.0921875
3 0.6546875 0.19296875 0.028125 0.0609375