8 0.303125 0.734375 0.0625 0.0859375
1 0.371875 0.73046875 0.059375 0.0765625
12 0.43984375 0.7296875 0.0359375 0.059375
10 0.51015625 0.7453125 0.0296875 0.0515625
7 0.7984375 0.7453125 0.05625 0.059375
10 0.50859375 0.65 0.0296875 0.0546875
5 0.6484375 0.64375 0.0390625 0.065625
3 0.7109375 0.6453125 0.0375 0.0515625
4 0.79453125 0.646875 0.0734375 0.090625
3 0.575 0.5625 0.028125 0.053125
3 0.63984375 0.5703125 0.0328125 0.0546875
9 0.71953125 0.559375 0.0484375 0.06875
10 0.4390625 0.4734375 0.028125 0.053125
3 0.70546875 0.48125 0.0359375 0.059375
0 0.328125 0.38125 0.040625 0.0828125
3 0.5671875 0.4078125 0.028125 0.059375
2 0.63203125 0.39765625 0.0359375 0.0765625
5 0.69375 0.390625 0.040625 0.075
3 0.38984375 0.31875 0.0296875 0.0609375
11 0.57734375 0.3078125 0.0421875 0.10625
10 0.696875 0.315625 0.0359375 0.0625
10 0.328125 0.246875 0.03125 0.059375
3 0.3984375 0.2578125 0.028125 0.0609375
7 0.509375 0.2328125 0.03125 0.09375
12 0.5640625 0.24765625 0.03125 0.0765625
3 0.62421875 0.2484375 0.0296875 0.0609375
2 0.3390625 0.1796875 0.0375 0.0859375
9 0.3859375 0.17890625 0.0390625 0.0765625
10 0.453125 0.1890625 0.025 0.0671875
10 0.57421875 0.1859375 0.0265625 0.065625
10 0.6875 0.190625 0.028125 0.0609375
0 0.75 0.171875 0.04375 0.09375