8 0.8421875 0.50546875 0.1140625 0.115625
1 0.78359375 0.4578125 0.10625 0.10625
12 0.728125 0.4078125 0.0734375 0.075
10 0.68359375 0.3421875 0.0625 0.0640625
7 0.4515625 0.12578125 0.090625 0.090625
10 0.61328125 0.41953125 0.065625 0.065625
5 0.49609375 0.3203125 0.0796875 0.08125
3 0.446875 0.271875 0.06875 0.0703125
4 0.38125 0.20859375 0.1265625 0.128125
3 0.49453125 0.440625 0.0625 0.0640625
3 0.4484375 0.3859375 0.0671875 0.06875
9 0.375 0.334375 0.090625 0.0921875
10 0.53671875 0.6140625 0.0625 0.0640625
3 0.328125 0.4078125 0.0734375 0.075
0 0.55625 0.771875 0.0953125 0.096875
3 0.384375 0.57109375 0.0671875 0.06875
2 0.325 0.53046875 0.0859375 0.0890625
5 0.2703125 0.48984375 0.0890625 0.090625
3 0.46015625 0.77578125 0.0703125 0.071875
11 0.3015625 0.64375 0.1140625 0.1171875
10 0.2109375 0.54765625 0.0765625 0.078125
10 0.45546875 0.8796875 0.0703125 0.071875
3 0.4078125 0.81796875 0.06875 0.0703125
7 0.3 0.7546875 0.0953125 0.0984375
12 0.26640625 0.70234375 0.0828125 0.084375
3 0.21953125 0.65625 0.0703125 0.071875
2 0.396875 0.925 0.0953125 0.096875
9 0.35859375 0.890625 0.0890625 0.090625
10 0.31171875 0.83203125 0.0703125 0.0734375
10 0.2125 0.74375 0.0703125 0.071875
10 0.12421875 0.65546875 0.06875 0.0703125
0 0.06015625 0.6234375 0.10625 0.1078125