8 0.3078125 0.77578125 0.071875 0.09375
1 0.37890625 0.76640625 0.0671875 0.084375
12 0.45 0.76015625 0.0421875 0.0640625
10 0.52421875 0.771875 0.034375 0.05625
7 0.825 0.75078125 0.0625 0.065625
10 0.515625 0.67265625 0.034375 0.059375
5 0.6609375 0.65546875 0.0453125 0.071875
3 0.7265625 0.65234375 0.0421875 0.05625
4 0.8140625 0.6484375 0.0828125 0.1
3 0.57890625 0.5765625 0.0328125 0.0578125
3 0.64765625 0.5796875 0.0375 0.059375
9 0.7296875 0.5625 0.05625 0.075
10 0.43046875 0.49296875 0.0328125 0.0578125
3 0.709375 0.48203125 0.0421875 0.0640625
0 0.30859375 0.40546875 0.0484375 0.0890625
3 0.56015625 0.415625 0.034375 0.0640625
2 0.62578125 0.4 0.0421875 0.0828125
5 0.690625 0.3890625 0.046875 0.08125
3 0.36796875 0.33515625 0.0359375 0.065625
11 0.5625 0.3109375 0.0515625 0.1140625
10 0.68828125 0.31015625 0.0421875 0.06875
10 0.2984375 0.26484375 0.0375 0.0640625
3 0.37265625 0.271875 0.034375 0.065625
7 0.4859375 0.23671875 0.0390625 0.1
12 0.54453125 0.2484375 0.0390625 0.08125
3 0.6078125 0.2453125 0.0359375 0.065625
2 0.3046875 0.19375 0.0453125 0.0921875
9 0.35390625 0.18984375 0.0453125 0.0828125
10 0.425 0.19609375 0.03125 0.071875
10 0.55078125 0.18359375 0.0328125 0.0703125
10 0.66953125 0.18046875 0.034375 0.065625
0 0.7328125 0.15625 0.053125 0.1