10 0.56640625 0.3234375 0.046875 0.0625
11 0.62265625 0.3421875 0.0703125 0.1
1 0.34140625 0.33203125 0.0859375 0.103125
8 0.409375 0.37109375 0.08125 0.1140625
0 0.6625 0.459375 0.059375 0.08125
10 0.796875 0.47890625 0.059375 0.0671875
9 0.3875 0.440625 0.0609375 0.0859375
5 0.45546875 0.46328125 0.053125 0.08125
10 0.58125 0.5 0.046875 0.0625
5 0.309375 0.50625 0.065625 0.084375
3 0.371875 0.51953125 0.0484375 0.065625
3 0.42890625 0.55234375 0.046875 0.0671875
0 0.5421875 0.59453125 0.05625 0.0921875
10 0.60546875 0.609375 0.0484375 0.0640625
12 0.67890625 0.63125 0.065625 0.084375
10 0.7375 0.64140625 0.05625 0.0671875
10 0.41484375 0.61875 0.0453125 0.0671875
3 0.5296875 0.66328125 0.0453125 0.0671875
12 0.64609375 0.69609375 0.059375 0.0828125
2 0.70234375 0.7265625 0.06875 0.084375
3 0.33203125 0.67890625 0.0484375 0.0703125
3 0.384375 0.69140625 0.0453125 0.0671875
4 0.56015625 0.76484375 0.08125 0.1296875
10 0.62578125 0.77734375 0.0515625 0.06875
9 0.68828125 0.8 0.065625 0.084375
3 0.253125 0.71484375 0.05 0.071875
7 0.3640625 0.76171875 0.0625 0.1015625
7 0.47421875 0.80859375 0.059375 0.103125
3 0.5375 0.81484375 0.046875 0.071875
2 0.60390625 0.83671875 0.0609375 0.09375
3 0.6515625 0.8515625 0.0515625 0.071875
10 0.29921875 0.80078125 0.0453125 0.0734375