10 0.496875 0.665625 0.03125 0.053125
11 0.55390625 0.66328125 0.0453125 0.0859375
1 0.29296875 0.5984375 0.0609375 0.084375
8 0.365625 0.58046875 0.053125 0.0984375
0 0.621875 0.565625 0.0390625 0.0703125
10 0.75 0.58359375 0.04375 0.0546875
9 0.3640625 0.5109375 0.0390625 0.075
5 0.43203125 0.5078125 0.0328125 0.071875
10 0.5578125 0.5078125 0.03125 0.053125
5 0.309375 0.4296875 0.04375 0.071875
3 0.3703125 0.434375 0.03125 0.05625
3 0.43125 0.41875 0.0296875 0.059375
0 0.54609375 0.41015625 0.0328125 0.0828125
10 0.60859375 0.41328125 0.0328125 0.0546875
12 0.68125 0.4125 0.04375 0.071875
10 0.73828125 0.41875 0.040625 0.05625
10 0.4359375 0.3546875 0.028125 0.059375
3 0.553125 0.34375 0.028125 0.059375
12 0.66875 0.34375 0.0390625 0.071875
2 0.72890625 0.33125 0.0484375 0.0703125
3 0.375 0.27734375 0.0296875 0.0609375
3 0.4265625 0.2796875 0.028125 0.059375
4 0.60859375 0.2578125 0.046875 0.115625
10 0.671875 0.2640625 0.034375 0.059375
9 0.73515625 0.259375 0.04375 0.071875
3 0.3125 0.2234375 0.03125 0.0625
7 0.4265625 0.209375 0.0359375 0.090625
7 0.540625 0.1953125 0.0328125 0.09375
3 0.6 0.20625 0.028125 0.0625
2 0.6671875 0.20390625 0.0375 0.0828125
3 0.71484375 0.203125 0.0328125 0.0625
10 0.37734375 0.15625 0.0265625 0.065625