10 0.6140625 0.3640625 0.0609375 0.0609375
11 0.65390625 0.40546875 0.09375 0.0953125
1 0.41640625 0.26796875 0.1046875 0.1046875
8 0.45703125 0.3328125 0.109375 0.1109375
0 0.634375 0.52578125 0.078125 0.0796875
10 0.7421875 0.603125 0.071875 0.071875
9 0.40703125 0.3828125 0.08125 0.0828125
5 0.45390625 0.43359375 0.075 0.0765625
10 0.54609375 0.52265625 0.0609375 0.0609375
5 0.30859375 0.40390625 0.0828125 0.084375
3 0.35625 0.44375 0.0625 0.0640625
3 0.390625 0.4984375 0.0640625 0.065625
0 0.46875 0.5859375 0.0828125 0.084375
10 0.5171875 0.628125 0.0625 0.0640625
12 0.5703125 0.68046875 0.0828125 0.084375
10 0.61640625 0.71640625 0.0703125 0.0703125
10 0.3484375 0.54921875 0.0625 0.0640625
3 0.4265625 0.63984375 0.0625 0.0640625
12 0.5125 0.72265625 0.0796875 0.08125
2 0.546875 0.77421875 0.0859375 0.0859375
3 0.2484375 0.5625 0.065625 0.065625
3 0.28828125 0.59765625 0.0625 0.0640625
4 0.40625 0.74296875 0.115625 0.1171875
10 0.4578125 0.78359375 0.0671875 0.06875
9 0.5 0.83125 0.0828125 0.084375
3 0.1640625 0.5578125 0.0671875 0.06875
7 0.23828125 0.64921875 0.090625 0.0921875
7 0.3125 0.740625 0.090625 0.0921875
3 0.3640625 0.775 0.065625 0.065625
2 0.41171875 0.82421875 0.0859375 0.0875
3 0.44609375 0.85859375 0.06875 0.06875
10 0.1640625 0.653125 0.065625 0.0671875