10 0.15625 0.5421875 0.065625 0.0671875
10 0.259375 0.64296875 0.0578125 0.059375
10 0.33125 0.68984375 0.0546875 0.05625
8 0.50234375 0.82109375 0.10625 0.1078125
3 0.2890625 0.52265625 0.0578125 0.059375
5 0.39609375 0.61015625 0.071875 0.075
7 0.284375 0.4046875 0.0828125 0.0828125
3 0.33359375 0.4546875 0.0625 0.0640625
0 0.40234375 0.48828125 0.078125 0.08125
4 0.56953125 0.6171875 0.1078125 0.1109375
10 0.6078125 0.6828125 0.0625 0.0625
9 0.34296875 0.34921875 0.08125 0.0828125
12 0.39375 0.38828125 0.078125 0.08125
3 0.46484375 0.43125 0.0625 0.0640625
3 0.49765625 0.4765625 0.0625 0.0640625
2 0.6203125 0.56015625 0.084375 0.0875
3 0.6578125 0.60546875 0.06875 0.0703125
11 0.35625 0.2125 0.1234375 0.125
2 0.403125 0.27109375 0.0875 0.090625
5 0.6640625 0.48828125 0.0796875 0.0828125
3 0.5125 0.25859375 0.065625 0.0671875
10 0.559375 0.30703125 0.065625 0.06875
7 0.7703125 0.4609375 0.096875 0.1
3 0.51875 0.15 0.0703125 0.071875
9 0.625 0.23203125 0.0875 0.090625
0 0.77578125 0.3640625 0.0921875 0.096875
1 0.84609375 0.38671875 0.1375 0.1421875
10 0.571875 0.103125 0.0703125 0.0734375
12 0.6203125 0.140625 0.0828125 0.0859375
10 0.66796875 0.18515625 0.065625 0.06875
10 0.71015625 0.23046875 0.065625 0.06875
3 0.85546875 0.34296875 0.0703125 0.071875