10 0.32421875 0.72578125 0.040625 0.05
10 0.45546875 0.7234375 0.0328125 0.046875
10 0.5328125 0.7078125 0.0296875 0.0453125
8 0.72890625 0.68125 0.0671875 0.0796875
3 0.396875 0.6265625 0.0328125 0.046875
5 0.5234375 0.61484375 0.0390625 0.0609375
7 0.3171875 0.553125 0.0484375 0.0640625
3 0.38203125 0.5546875 0.034375 0.053125
0 0.4484375 0.53125 0.0390625 0.06875
4 0.640625 0.50703125 0.05625 0.09375
10 0.70703125 0.52421875 0.0375 0.046875
9 0.31953125 0.4796875 0.0484375 0.0625
12 0.378125 0.471875 0.040625 0.0671875
3 0.45234375 0.45390625 0.03125 0.05625
3 0.50234375 0.4625 0.03125 0.05625
2 0.6359375 0.43671875 0.0421875 0.0734375
3 0.6890625 0.44140625 0.0390625 0.05625
11 0.23984375 0.38203125 0.071875 0.096875
2 0.3078125 0.38984375 0.04375 0.0765625
5 0.61796875 0.3625 0.040625 0.0703125
3 0.3703125 0.3109375 0.0328125 0.0578125
10 0.43203125 0.3125 0.03125 0.0609375
7 0.66875 0.275 0.046875 0.0875
3 0.3046875 0.23671875 0.034375 0.0625
9 0.4265625 0.22109375 0.040625 0.08125
0 0.61015625 0.209375 0.040625 0.0890625
1 0.66953125 0.178125 0.0625 0.128125
10 0.309375 0.171875 0.03125 0.0671875
12 0.3640625 0.165625 0.0375 0.078125
10 0.4234375 0.16328125 0.0296875 0.0625
10 0.48046875 0.16484375 0.028125 0.0640625
3 0.64765625 0.14296875 0.0328125 0.0640625