10 0.3125 0.71640625 0.0375 0.0484375
10 0.44375 0.72109375 0.03125 0.0453125
10 0.521875 0.709375 0.028125 0.04375
8 0.71875 0.69296875 0.0625 0.0765625
3 0.390625 0.62109375 0.03125 0.0453125
5 0.5171875 0.615625 0.0359375 0.059375
7 0.31484375 0.54375 0.0453125 0.0625
3 0.3796875 0.5484375 0.03125 0.0515625
0 0.446875 0.528125 0.0359375 0.0671875
4 0.63984375 0.5140625 0.0515625 0.090625
10 0.70546875 0.53515625 0.0359375 0.0453125
9 0.32109375 0.4703125 0.0453125 0.0609375
12 0.3796875 0.465625 0.0375 0.065625
3 0.4546875 0.4515625 0.028125 0.0546875
3 0.5046875 0.4625 0.028125 0.0546875
2 0.6390625 0.44375 0.0390625 0.071875
3 0.6921875 0.4515625 0.0359375 0.0546875
11 0.24609375 0.36875 0.0671875 0.09375
2 0.3140625 0.3796875 0.040625 0.075
5 0.625 0.36875 0.0375 0.06875
3 0.38046875 0.3046875 0.0296875 0.05625
10 0.4421875 0.309375 0.028125 0.059375
7 0.68046875 0.284375 0.0421875 0.0859375
3 0.31875 0.2265625 0.03125 0.0609375
9 0.44140625 0.21796875 0.0359375 0.0796875
0 0.625 0.215625 0.0359375 0.0875
1 0.6859375 0.1875 0.05625 0.125
10 0.3265625 0.1625 0.028125 0.065625
12 0.38203125 0.15859375 0.0328125 0.0765625
10 0.44140625 0.159375 0.0265625 0.0609375
10 0.4984375 0.1640625 0.025 0.0625
3 0.66640625 0.1515625 0.0296875 0.0625