11 0.35859375 0.3234375 0.075 0.0828125
10 0.50546875 0.28671875 0.0390625 0.05625
1 0.58515625 0.29140625 0.065625 0.0921875
0 0.7125 0.284375 0.05625 0.0625
4 0.296875 0.4203125 0.08125 0.0953125
12 0.51171875 0.38125 0.046875 0.0671875
2 0.64375 0.3828125 0.0546875 0.0671875
3 0.71328125 0.36875 0.04375 0.05625
3 0.77734375 0.35703125 0.046875 0.05625
10 0.38359375 0.48203125 0.040625 0.059375
9 0.44765625 0.471875 0.046875 0.0640625
7 0.51171875 0.4890625 0.04375 0.075
10 0.57890625 0.46953125 0.0390625 0.0609375
10 0.7765625 0.44296875 0.046875 0.05625
10 0.38359375 0.559375 0.0453125 0.059375
10 0.45859375 0.56875 0.0390625 0.059375
0 0.63828125 0.5625 0.046875 0.0796875
2 0.7078125 0.54140625 0.0546875 0.0734375
9 0.39140625 0.64921875 0.05 0.0765625
3 0.634375 0.6234375 0.0375 0.0625
10 0.70546875 0.625 0.0421875 0.0640625
3 0.76484375 0.609375 0.0453125 0.0609375
3 0.396875 0.71953125 0.040625 0.0640625
10 0.525 0.70390625 0.0375 0.0640625
8 0.71015625 0.7203125 0.06875 0.125
5 0.76171875 0.69140625 0.0546875 0.0828125
5 0.40625 0.79296875 0.0484375 0.08125
7 0.46015625 0.80234375 0.046875 0.0921875
3 0.52890625 0.78203125 0.0375 0.0640625
12 0.70625 0.7671875 0.05 0.08125
3 0.35234375 0.85859375 0.0421875 0.0671875
3 0.75703125 0.82890625 0.04375 0.0671875