11 0.6171875 0.6828125 0.0671875 0.075
10 0.46953125 0.70390625 0.0328125 0.0515625
1 0.3921875 0.690625 0.05625 0.084375
0 0.2671875 0.684375 0.05 0.05625
4 0.6875 0.59453125 0.071875 0.0859375
12 0.47265625 0.6109375 0.0390625 0.0625
2 0.34375 0.5953125 0.046875 0.0625
3 0.275 0.60234375 0.0375 0.0515625
3 0.2109375 0.60703125 0.040625 0.0515625
10 0.609375 0.52421875 0.034375 0.0546875
9 0.5453125 0.528125 0.040625 0.059375
7 0.484375 0.5046875 0.0359375 0.0703125
10 0.41640625 0.5171875 0.0328125 0.05625
10 0.2203125 0.52265625 0.040625 0.0515625
10 0.6171875 0.44921875 0.0390625 0.0546875
10 0.54453125 0.43203125 0.0328125 0.0546875
0 0.36796875 0.4203125 0.0390625 0.075
2 0.29765625 0.4328125 0.046875 0.06875
9 0.61875 0.3609375 0.0421875 0.071875
3 0.37734375 0.3609375 0.03125 0.059375
10 0.30859375 0.3515625 0.0359375 0.059375
3 0.24921875 0.3609375 0.0390625 0.05625
3 0.6203125 0.290625 0.034375 0.059375
10 0.49296875 0.29296875 0.0296875 0.0609375
8 0.3140625 0.2578125 0.05625 0.11875
5 0.26015625 0.28046875 0.0453125 0.0765625
5 0.61953125 0.21875 0.040625 0.075
7 0.5671875 0.203125 0.0375 0.0875
3 0.49765625 0.21640625 0.0296875 0.0609375
12 0.32265625 0.2125 0.0421875 0.075
3 0.678125 0.159375 0.034375 0.0625
3 0.27890625 0.146875 0.0359375 0.0625