11 0.5296875 0.734375 0.1 0.1046875
10 0.37421875 0.6890625 0.05625 0.065625
1 0.30234375 0.6421875 0.09375 0.109375
0 0.18046875 0.5796875 0.075 0.078125
4 0.63984375 0.67734375 0.109375 0.1171875
12 0.41796875 0.59765625 0.0671875 0.0796875
2 0.296875 0.525 0.075 0.0828125
3 0.225 0.5015625 0.059375 0.0671875
3 0.15859375 0.478125 0.0640625 0.06875
10 0.59296875 0.571875 0.0578125 0.06875
9 0.52734375 0.5484375 0.0671875 0.078125
7 0.47734375 0.49765625 0.0671875 0.0859375
10 0.40390625 0.4796875 0.0578125 0.0703125
10 0.20546875 0.39765625 0.0640625 0.06875
10 0.63359375 0.50078125 0.0640625 0.071875
10 0.56953125 0.4515625 0.05625 0.06875
0 0.3984375 0.36171875 0.071875 0.0921875
2 0.32265625 0.3421875 0.078125 0.0890625
9 0.67421875 0.41328125 0.0734375 0.090625
3 0.43359375 0.30625 0.0578125 0.0734375
10 0.36953125 0.26640625 0.0625 0.075
3 0.30625 0.24921875 0.0640625 0.0734375
3 0.7078125 0.34375 0.0609375 0.075
10 0.5796875 0.28984375 0.05625 0.0734375
8 0.4171875 0.17578125 0.109375 0.14375
5 0.353125 0.1734375 0.0796875 0.096875
5 0.7390625 0.271875 0.0734375 0.09375
7 0.69296875 0.2328125 0.0765625 0.103125
3 0.61796875 0.215625 0.05625 0.0734375
12 0.44609375 0.13359375 0.075 0.09375
3 0.8234375 0.23828125 0.0625 0.078125
3 0.43046875 0.04921875 0.0640625 0.078125