10 0.18515625 0.5796875 0.06875 0.0703125
12 0.2265625 0.5171875 0.075 0.0765625
10 0.27109375 0.46484375 0.05625 0.0578125
3 0.33671875 0.42578125 0.0546875 0.05625
10 0.38515625 0.37265625 0.0609375 0.0625
3 0.41796875 0.321875 0.059375 0.0609375
5 0.478125 0.27734375 0.078125 0.0796875
10 0.3578125 0.5328125 0.0578125 0.059375
2 0.4875 0.3890625 0.08125 0.0828125
7 0.33203125 0.6984375 0.0875 0.090625
10 0.36328125 0.646875 0.0609375 0.0625
3 0.41328125 0.60390625 0.0625 0.0640625
3 0.46640625 0.54765625 0.0625 0.0640625
10 0.55703125 0.45234375 0.0609375 0.0625
3 0.603125 0.4 0.0671875 0.06875
12 0.48359375 0.66640625 0.075 0.078125
10 0.55390625 0.5578125 0.0609375 0.0640625
5 0.60390625 0.51328125 0.078125 0.08125
10 0.65703125 0.46171875 0.0703125 0.071875
3 0.54296875 0.71328125 0.0640625 0.0671875
8 0.63359375 0.6296875 0.1171875 0.125
7 0.67578125 0.57734375 0.0890625 0.09375
9 0.76875 0.478125 0.0921875 0.0953125
3 0.76875 0.578125 0.071875 0.0734375
0 0.809375 0.5390625 0.096875 0.1015625
1 0.5828125 0.92265625 0.1359375 0.1421875
11 0.6609375 0.83828125 0.1234375 0.13125
9 0.72578125 0.7265625 0.084375 0.0890625
0 0.7828125 0.69609375 0.0921875 0.096875
4 0.63125 0.9515625 0.125 0.096875
2 0.6625 0.903125 0.0875 0.0921875
3 0.86171875 0.6859375 0.0671875 0.0703125