10 0.17109375 0.578125 0.0703125 0.071875
12 0.21484375 0.5125 0.0765625 0.078125
10 0.259375 0.459375 0.0578125 0.059375
3 0.32734375 0.41796875 0.05625 0.0578125
10 0.3765625 0.36328125 0.0640625 0.065625
3 0.41171875 0.31015625 0.0609375 0.0625
5 0.4734375 0.265625 0.0796875 0.08125
10 0.34921875 0.52890625 0.059375 0.0609375
2 0.48203125 0.38046875 0.0828125 0.0859375
7 0.32265625 0.7 0.090625 0.09375
10 0.35390625 0.646875 0.0640625 0.065625
3 0.40625 0.6015625 0.0640625 0.0671875
3 0.4609375 0.54453125 0.0640625 0.0671875
10 0.5546875 0.44609375 0.0625 0.065625
3 0.6015625 0.3921875 0.0703125 0.071875
12 0.478125 0.6671875 0.078125 0.08125
10 0.55078125 0.5546875 0.0640625 0.065625
5 0.60234375 0.50859375 0.08125 0.0828125
10 0.6578125 0.45625 0.071875 0.0734375
3 0.5390625 0.715625 0.065625 0.06875
8 0.63359375 0.628125 0.121875 0.128125
7 0.6765625 0.575 0.0921875 0.096875
9 0.771875 0.471875 0.0953125 0.096875
3 0.77265625 0.57578125 0.0734375 0.0765625
0 0.81484375 0.534375 0.1 0.1046875
1 0.58046875 0.92890625 0.1390625 0.1421875
11 0.6609375 0.84375 0.1265625 0.134375
9 0.72890625 0.72890625 0.0875 0.0921875
0 0.78671875 0.696875 0.0953125 0.1
4 0.628125 0.95625 0.121875 0.0875
2 0.66328125 0.91015625 0.090625 0.0953125
3 0.86796875 0.6859375 0.06875 0.0734375