10 0.753125 0.646875 0.040625 0.053125
12 0.68359375 0.66640625 0.0421875 0.059375
10 0.61953125 0.67578125 0.034375 0.0421875
3 0.54765625 0.66328125 0.03125 0.04375
10 0.4796875 0.671875 0.034375 0.05
3 0.4234375 0.6875 0.034375 0.046875
5 0.353125 0.68125 0.046875 0.059375
10 0.59921875 0.5734375 0.0328125 0.046875
2 0.41640625 0.5953125 0.0421875 0.06875
7 0.721875 0.46953125 0.046875 0.0734375
10 0.6671875 0.4875 0.034375 0.05
3 0.60390625 0.4875 0.0328125 0.053125
3 0.53046875 0.49453125 0.03125 0.0546875
10 0.40546875 0.50625 0.0328125 0.0515625
3 0.33984375 0.515625 0.0390625 0.053125
12 0.59296875 0.3984375 0.0359375 0.06875
10 0.47421875 0.4328125 0.03125 0.053125
5 0.41015625 0.43359375 0.040625 0.0671875
10 0.33984375 0.43671875 0.0390625 0.05625
3 0.5796875 0.32734375 0.03125 0.0578125
8 0.46171875 0.33125 0.0484375 0.115625
7 0.3984375 0.3421875 0.040625 0.0828125
9 0.26953125 0.35625 0.0546875 0.071875
3 0.33203125 0.28359375 0.0390625 0.059375
0 0.278125 0.2859375 0.05 0.084375
1 0.68125 0.1515625 0.0625 0.125
11 0.57265625 0.1640625 0.05 0.121875
9 0.45546875 0.203125 0.0359375 0.08125
0 0.3953125 0.18984375 0.0390625 0.0890625
4 0.67578125 0.0828125 0.059375 0.121875
2 0.61171875 0.11640625 0.0359375 0.0859375
3 0.3328125 0.1484375 0.03125 0.0625