2 0.20234375 0.27109375 0.06875 0.065625
3 0.27421875 0.24765625 0.046875 0.059375
0 0.56171875 0.2109375 0.05 0.0671875
10 0.6359375 0.19296875 0.046875 0.0515625
5 0.71953125 0.2015625 0.0640625 0.071875
7 0.434375 0.34921875 0.05 0.08125
10 0.6546875 0.29453125 0.0484375 0.0625
9 0.2421875 0.4484375 0.0671875 0.078125
8 0.44921875 0.434375 0.0609375 0.115625
7 0.51953125 0.41953125 0.05 0.08125
12 0.58984375 0.4109375 0.05 0.075
3 0.7234375 0.3859375 0.0453125 0.0625
3 0.26328125 0.54296875 0.0484375 0.065625
10 0.390625 0.53203125 0.040625 0.0671875
3 0.4671875 0.5015625 0.040625 0.065625
3 0.59296875 0.48984375 0.040625 0.065625
3 0.66484375 0.48203125 0.046875 0.065625
9 0.2796875 0.62109375 0.053125 0.090625
10 0.3359375 0.609375 0.046875 0.065625
5 0.40859375 0.61328125 0.05 0.08125
4 0.54375 0.596875 0.0609375 0.1171875
0 0.66875 0.57890625 0.0546875 0.0953125
3 0.29375 0.69296875 0.0421875 0.06875
10 0.4234375 0.68203125 0.0390625 0.0671875
10 0.48984375 0.6640625 0.0390625 0.0671875
1 0.68359375 0.6734375 0.0765625 0.1265625
12 0.42890625 0.75703125 0.05 0.084375
10 0.68203125 0.7171875 0.040625 0.065625
2 0.39140625 0.8328125 0.0515625 0.084375
11 0.44375 0.8453125 0.059375 0.128125
3 0.62890625 0.80234375 0.0390625 0.0734375
10 0.69453125 0.78984375 0.0421875 0.06875