2 0.27265625 0.73671875 0.0578125 0.0546875
3 0.34375 0.74921875 0.0375 0.0515625
0 0.61796875 0.7453125 0.0390625 0.059375
10 0.68984375 0.753125 0.0390625 0.04375
5 0.76640625 0.73359375 0.0515625 0.0625
7 0.48046875 0.6328125 0.0375 0.071875
10 0.69453125 0.65546875 0.0390625 0.0546875
9 0.28671875 0.56484375 0.0546875 0.0671875
8 0.4828125 0.55078125 0.04375 0.1046875
7 0.55078125 0.55625 0.0375 0.071875
12 0.61796875 0.5546875 0.0390625 0.065625
3 0.746875 0.56015625 0.0359375 0.0546875
3 0.29375 0.47421875 0.0375 0.0578125
10 0.415625 0.4671875 0.03125 0.059375
3 0.490625 0.4859375 0.03125 0.0578125
3 0.6109375 0.4796875 0.03125 0.0578125
3 0.67890625 0.47734375 0.0359375 0.0578125
9 0.29921875 0.3984375 0.0390625 0.08125
10 0.35390625 0.40234375 0.0359375 0.0578125
5 0.42109375 0.3890625 0.0375 0.071875
4 0.55 0.3859375 0.04375 0.10625
0 0.66953125 0.38671875 0.040625 0.0859375
3 0.303125 0.32890625 0.0328125 0.0609375
10 0.4265625 0.32265625 0.028125 0.0609375
10 0.490625 0.33046875 0.028125 0.0609375
1 0.67109375 0.2953125 0.0578125 0.1125
12 0.42109375 0.2515625 0.0375 0.075
10 0.6640625 0.2546875 0.03125 0.0578125
2 0.37578125 0.184375 0.0390625 0.075
11 0.4234375 0.16640625 0.040625 0.1171875
3 0.603125 0.1828125 0.028125 0.065625
10 0.66640625 0.18515625 0.0328125 0.0609375