2 0.503125 0.11171875 0.084375 0.084375
3 0.56796875 0.1546875 0.0671875 0.06875
0 0.78046875 0.3578125 0.075 0.075
10 0.84296875 0.40390625 0.0625 0.0625
5 0.8890625 0.47578125 0.0859375 0.0875
7 0.590625 0.34609375 0.0828125 0.084375
10 0.775 0.48515625 0.0703125 0.071875
9 0.38828125 0.25703125 0.0921875 0.0921875
8 0.53203125 0.41171875 0.1109375 0.1140625
7 0.5890625 0.45703125 0.0828125 0.084375
12 0.64140625 0.5078125 0.078125 0.0796875
3 0.74609375 0.5984375 0.0671875 0.06875
3 0.32734375 0.33359375 0.071875 0.0734375
10 0.41796875 0.42734375 0.06875 0.0703125
3 0.48984375 0.46796875 0.0671875 0.06875
3 0.58046875 0.5609375 0.0671875 0.06875
3 0.63203125 0.6125 0.0703125 0.071875
9 0.27578125 0.396875 0.090625 0.0921875
10 0.32265625 0.43359375 0.0703125 0.071875
5 0.36484375 0.49375 0.0828125 0.084375
4 0.4640625 0.590625 0.1125 0.115625
0 0.5578125 0.67734375 0.0953125 0.096875
3 0.22890625 0.45390625 0.0703125 0.071875
10 0.3203125 0.54921875 0.0671875 0.06875
10 0.3765625 0.58984375 0.0671875 0.06875
1 0.49296875 0.75078125 0.128125 0.13125
12 0.2640625 0.6015625 0.084375 0.0859375
10 0.4578125 0.7765625 0.0671875 0.06875
2 0.1796875 0.62109375 0.0859375 0.0875
11 0.20390625 0.6703125 0.1171875 0.121875
3 0.35703125 0.78828125 0.0703125 0.071875
10 0.40859375 0.83359375 0.0703125 0.071875