5 0.04375 0.28984375 0.0875 0.1234375
3 0.4375 0.8578125 0.1125 0.128125
5 0.3515625 0.92265625 0.140625 0.1546875
10 0.8578125 0.5734375 0.1125 0.125
12 0.94375 0.5125 0.1125 0.15625
9 0.5265625 0.0453125 0.125 0.090625
2 0.07265625 0.346875 0.121875 0.1390625
10 0.46953125 0.0765625 0.090625 0.103125
3 0.14765625 0.3109375 0.0921875 0.1046875
7 0.5859375 0.07578125 0.121875 0.14375
0 0.1140625 0.4171875 0.115625 0.1359375
10 0.52265625 0.14765625 0.090625 0.1046875
3 0.1875 0.3890625 0.0890625 0.1046875
11 0.6375 0.140625 0.153125 0.18125
4 0.1375 0.5109375 0.153125 0.1765625
10 0.5796875 0.21640625 0.096875 0.1109375
3 0.228125 0.46328125 0.096875 0.1109375
8 0.70078125 0.203125 0.1734375 0.2046875
1 0.171875 0.578125 0.1734375 0.2
3 0.2734375 0.55234375 0.0984375 0.1125
10 0.63671875 0.3046875 0.0984375 0.1125
7 0.7859375 0.3 0.128125 0.146875
0 0.2359375 0.69453125 0.1328125 0.1515625
3 0.3265625 0.65 0.1 0.1125
10 0.7109375 0.38671875 0.1015625 0.115625
10 0.41953125 0.03125 0.0921875 0.0625
9 0.8515625 0.4046875 0.140625 0.159375
2 0.28828125 0.809375 0.140625 0.1546875
3 0.38203125 0.75078125 0.1078125 0.1203125
10 0.775 0.47578125 0.1046875 0.11875
3 0.103125 0.23515625 0.0921875 0.1078125