5 0.74296875 0.0671875 0.0484375 0.109375
3 0.73828125 0.73125 0.0515625 0.1140625
5 0.840625 0.734375 0.071875 0.1296875
10 0.2546875 0.7390625 0.05625 0.10625
12 0.14453125 0.7453125 0.0671875 0.134375
9 0.2109375 0.12578125 0.05625 0.1265625
2 0.74375 0.1328125 0.0546875 0.1234375
10 0.2859375 0.1390625 0.040625 0.090625
3 0.665625 0.1453125 0.040625 0.09375
7 0.19453125 0.2015625 0.0484375 0.134375
0 0.75 0.21015625 0.0453125 0.1265625
10 0.2828125 0.2234375 0.0390625 0.0953125
3 0.6765625 0.228125 0.0390625 0.09375
11 0.18984375 0.28046875 0.0609375 0.1671875
4 0.7828125 0.29609375 0.0671875 0.1578125
10 0.2765625 0.3078125 0.04375 0.0984375
3 0.6859375 0.30859375 0.04375 0.0984375
8 0.175 0.3640625 0.0671875 0.1921875
1 0.7921875 0.3671875 0.075 0.18125
3 0.69921875 0.40234375 0.0453125 0.0984375
10 0.2796875 0.40859375 0.0453125 0.0984375
7 0.1609375 0.4859375 0.05625 0.13125
0 0.80625 0.49375 0.0625 0.1328125
3 0.7109375 0.50859375 0.046875 0.0984375
10 0.2671875 0.5125 0.046875 0.1015625
12 0.21015625 0.0515625 0.0453125 0.103125
10 0.28828125 0.059375 0.0421875 0.09375
9 0.1671875 0.60390625 0.0671875 0.1390625
2 0.828125 0.61171875 0.075 0.1265625
3 0.7234375 0.6171875 0.053125 0.103125
10 0.265625 0.6171875 0.05 0.103125
3 0.659375 0.0625 0.0390625 0.0984375