5 0.0484375 0.71640625 0.096875 0.1265625
3 0.45546875 0.13515625 0.115625 0.1328125
5 0.3671875 0.07421875 0.14375 0.1484375
10 0.8859375 0.42578125 0.1140625 0.128125
12 0.95703125 0.4875 0.0859375 0.159375
9 0.54609375 0.959375 0.1265625 0.08125
2 0.0828125 0.6578125 0.1234375 0.1421875
10 0.48828125 0.934375 0.0921875 0.1046875
3 0.15859375 0.69453125 0.09375 0.1078125
7 0.6078125 0.93046875 0.125 0.1390625
0 0.12421875 0.5859375 0.1171875 0.1390625
10 0.54296875 0.86171875 0.09375 0.1078125
3 0.2 0.61484375 0.0921875 0.10625
11 0.66015625 0.86953125 0.15625 0.184375
4 0.1484375 0.48984375 0.15625 0.1796875
10 0.60078125 0.7921875 0.0984375 0.1140625
3 0.240625 0.5390625 0.0984375 0.1140625
8 0.725 0.80546875 0.1765625 0.2109375
1 0.18359375 0.421875 0.178125 0.20625
3 0.2875 0.4484375 0.1 0.1140625
10 0.6609375 0.70078125 0.1 0.1140625
7 0.8125 0.70625 0.1296875 0.15
0 0.25 0.3015625 0.1375 0.15625
3 0.3421875 0.34765625 0.1015625 0.115625
10 0.73515625 0.61796875 0.103125 0.11875
10 0.43671875 0.97421875 0.0953125 0.0515625
9 0.87890625 0.5984375 0.14375 0.1640625
2 0.303125 0.184375 0.14375 0.1578125
3 0.3984375 0.24453125 0.1109375 0.1234375
10 0.80078125 0.5265625 0.1078125 0.121875
3 0.11328125 0.771875 0.0953125 0.1109375