8 0.59609375 0.55546875 0.1 0.1328125
11 0.571875 0.59296875 0.084375 0.11875
9 0.43125 0.50234375 0.084375 0.0984375
12 0.38671875 0.3921875 0.0765625 0.09375
7 0.35 0.53046875 0.08125 0.10625
10 0.7015625 0.5078125 0.075 0.078125
10 0.6359375 0.58515625 0.0609375 0.06875
10 0.54921875 0.60546875 0.05625 0.0625
10 0.4875 0.5859375 0.059375 0.065625
10 0.2609375 0.5390625 0.0578125 0.0703125
10 0.36171875 0.44296875 0.065625 0.078125
10 0.5203125 0.565625 0.0453125 0.0625
1 0.50546875 0.55078125 0.0984375 0.1359375
4 0.2609375 0.515625 0.0953125 0.128125
2 0.2875 0.41953125 0.08125 0.0984375
0 0.53828125 0.5 0.0734375 0.1
0 0.6875 0.56484375 0.084375 0.1078125
5 0.45703125 0.4578125 0.0765625 0.09375
3 0.1921875 0.33125 0.078125 0.0828125
3 0.19921875 0.43515625 0.071875 0.0765625
3 0.2015625 0.48125 0.0609375 0.06875
3 0.28515625 0.4609375 0.0671875 0.0703125
3 0.37109375 0.48203125 0.0640625 0.0734375
3 0.425 0.54375 0.053125 0.0640625
3 0.55 0.4265625 0.0796875 0.0828125
3 0.62890625 0.48203125 0.0734375 0.078125