12 0.7171875 0.4375 0.0734375 0.1578125
8 0.7515625 0.4703125 0.1109375 0.2703125
7 0.47109375 0.45859375 0.0671875 0.184375
9 0.521875 0.30546875 0.05625 0.125
12 0.6140625 0.2125 0.04375 0.10625
10 0.559375 0.23125 0.034375 0.0875
10 0.5765625 0.2625 0.0390625 0.09375
10 0.578125 0.30390625 0.04375 0.0984375
10 0.634375 0.453125 0.0609375 0.128125
10 0.65703125 0.54296875 0.06875 0.1453125
10 0.68828125 0.64140625 0.075 0.1578125
3 0.29921875 0.6953125 0.0703125 0.153125
3 0.23203125 0.60546875 0.0625 0.1515625
3 0.26328125 0.45390625 0.0546875 0.1234375
3 0.28203125 0.3546875 0.040625 0.096875
3 0.290625 0.309375 0.0390625 0.0859375
3 0.30078125 0.2796875 0.0390625 0.090625
5 0.15859375 0.52578125 0.075 0.1578125
2 0.31640625 0.50546875 0.0734375 0.1625
1 0.1984375 0.63359375 0.1171875 0.2890625
0 0.3328125 0.42109375 0.0609375 0.16875
11 0.5578125 0.4359375 0.0828125 0.221875
2 0.3421875 0.32890625 0.0546875 0.1234375
5 0.20859375 0.3953125 0.0609375 0.134375