8 0.3859375 0.5765625 0.1328125 0.1359375
11 0.36796875 0.5359375 0.115625 0.11875
9 0.51953125 0.46796875 0.1046875 0.1046875
12 0.634375 0.49140625 0.096875 0.0984375
7 0.5390625 0.38515625 0.10625 0.1078125
10 0.36875 0.6890625 0.0875 0.0890625
10 0.340625 0.59296875 0.075 0.075
10 0.3703125 0.5109375 0.06875 0.06875
10 0.41953125 0.46953125 0.071875 0.071875
10 0.5796875 0.30703125 0.071875 0.0734375
10 0.6046875 0.44296875 0.08125 0.0828125
10 0.41875 0.50859375 0.0625 0.0625
1 0.43984375 0.50390625 0.1328125 0.1359375
4 0.6 0.3203125 0.1265625 0.1296875
2 0.6640625 0.39375 0.103125 0.1046875
0 0.46328125 0.5578125 0.0984375 0.1015625
0 0.3296875 0.646875 0.109375 0.1109375
5 0.54140625 0.51328125 0.096875 0.0984375
3 0.7875 0.36328125 0.0921875 0.0921875
3 0.69921875 0.3125 0.084375 0.0859375
3 0.66015625 0.2890625 0.075 0.075
3 0.63203125 0.36953125 0.078125 0.0796875
3 0.56796875 0.42890625 0.078125 0.0796875
3 0.48828125 0.440625 0.0671875 0.0671875
3 0.51796875 0.60703125 0.0921875 0.0921875
3 0.42890625 0.6421875 0.0875 0.0875