8 0.36328125 0.4765625 0.06875 0.109375
11 0.37734375 0.4375 0.0546875 0.1
9 0.52421875 0.4875 0.0609375 0.078125
12 0.58828125 0.5765625 0.0546875 0.075
7 0.590625 0.44375 0.0546875 0.0875
10 0.2796875 0.54296875 0.05625 0.0609375
10 0.321875 0.45859375 0.04375 0.0546875
10 0.39453125 0.42109375 0.0421875 0.0484375
10 0.4546875 0.42421875 0.04375 0.0515625
10 0.66875 0.415625 0.040625 0.05625
10 0.59921875 0.525 0.046875 0.0625
10 0.42890625 0.45078125 0.03125 0.0515625
1 0.446875 0.4609375 0.065625 0.1125
4 0.6734375 0.4375 0.0640625 0.10625
2 0.67109375 0.52890625 0.0578125 0.0796875
0 0.428125 0.51328125 0.05 0.0828125
0 0.2796875 0.4890625 0.059375 0.0875
5 0.51015625 0.5328125 0.0546875 0.075
3 0.77578125 0.58671875 0.0578125 0.0640625
3 0.746875 0.4953125 0.053125 0.059375
3 0.73515625 0.4546875 0.04375 0.0546875
3 0.6640625 0.49140625 0.05 0.0546875
3 0.5828125 0.49140625 0.046875 0.0578125
3 0.5203125 0.4484375 0.0375 0.0515625
3 0.434375 0.58203125 0.059375 0.0640625
3 0.35078125 0.54921875 0.0546875 0.0609375