12 0.26875 0.484375 0.053125 0.140625
8 0.240625 0.5171875 0.078125 0.24375
7 0.49765625 0.47890625 0.0453125 0.1671875
9 0.4359375 0.34296875 0.040625 0.1109375
12 0.3421875 0.26640625 0.03125 0.0953125
10 0.39375 0.27890625 0.0234375 0.0796875
10 0.38203125 0.309375 0.0265625 0.084375
10 0.38359375 0.34765625 0.03125 0.0890625
10 0.346875 0.48984375 0.04375 0.1140625
10 0.33515625 0.575 0.05 0.1296875
10 0.315625 0.66875 0.0546875 0.140625
3 0.67890625 0.68046875 0.0515625 0.1375
3 0.73125 0.59140625 0.04375 0.1359375
3 0.68828125 0.45546875 0.0390625 0.1109375
3 0.66171875 0.365625 0.028125 0.0875
3 0.64921875 0.32421875 0.028125 0.0765625
3 0.63671875 0.2984375 0.028125 0.08125
5 0.79140625 0.5109375 0.0546875 0.140625
2 0.64375 0.50703125 0.053125 0.1453125
1 0.765625 0.6140625 0.08125 0.2609375
0 0.62109375 0.43125 0.040625 0.153125
11 0.415625 0.4671875 0.05625 0.2
2 0.60390625 0.34765625 0.0390625 0.1109375
5 0.7328125 0.39609375 0.04375 0.1203125