9 0.7328125 0.6515625 0.096875 0.1046875
11 0.6984375 0.740625 0.1359375 0.1453125
8 0.61328125 0.7859375 0.1171875 0.1390625
7 0.50546875 0.7828125 0.096875 0.10625
12 0.5796875 0.7234375 0.0890625 0.0984375
10 0.80390625 0.5390625 0.0859375 0.0859375
10 0.675 0.528125 0.0796875 0.0796875
10 0.64375 0.68515625 0.0734375 0.075
10 0.55 0.684375 0.084375 0.08125
10 0.38984375 0.7625 0.0828125 0.0828125
2 0.64609375 0.20234375 0.1125 0.103125
0 0.54140625 0.27734375 0.0921875 0.084375
0 0.365625 0.55 0.1046875 0.1046875
4 0.45234375 0.3125 0.1328125 0.128125
1 0.359375 0.37109375 0.134375 0.1296875
5 0.40234375 0.453125 0.090625 0.0875
3 0.67265625 0.275 0.0875 0.08125
3 0.57421875 0.34921875 0.078125 0.0734375
3 0.49609375 0.39140625 0.0796875 0.0765625
3 0.425 0.49921875 0.078125 0.0734375
3 0.3046875 0.49140625 0.0734375 0.0703125
3 0.253125 0.415625 0.075 0.06875