9 0.37890625 0.2515625 0.0609375 0.084375
11 0.453125 0.19375 0.0875 0.1140625
8 0.54765625 0.19921875 0.0609375 0.1234375
7 0.6375 0.25625 0.059375 0.0875
12 0.54453125 0.26875 0.0546875 0.08125
10 0.2609375 0.3109375 0.0609375 0.0625
10 0.3640625 0.3859375 0.05625 0.0578125
10 0.4703125 0.26875 0.0515625 0.0546875
10 0.55 0.3171875 0.0625 0.05625
10 0.725 0.3328125 0.059375 0.059375
2 0.2234375 0.67578125 0.090625 0.0640625
0 0.35 0.665625 0.075 0.0515625
0 0.6375 0.525 0.075 0.075
4 0.44375 0.68125 0.1 0.0875
1 0.5515625 0.67890625 0.1015625 0.0890625
5 0.55703125 0.58828125 0.0703125 0.0578125
3 0.2375 0.60078125 0.0703125 0.0515625
3 0.35859375 0.58828125 0.0609375 0.0484375
3 0.446875 0.5921875 0.0625 0.05
3 0.56171875 0.53671875 0.0609375 0.0484375
3 0.659375 0.6046875 0.05625 0.046875
3 0.6640625 0.6953125 0.059375 0.04375