12 0.2640625 0.65625 0.1265625 0.1609375
8 0.25546875 0.7015625 0.2046875 0.2703125
7 0.47578125 0.5265625 0.1328125 0.18125
9 0.34375 0.4328125 0.0984375 0.1265625
12 0.215625 0.41171875 0.08125 0.10625
10 0.2703125 0.3953125 0.0640625 0.0875
10 0.27578125 0.43046875 0.0703125 0.09375
10 0.29765625 0.465625 0.0765625 0.1
10 0.33984375 0.61875 0.103125 0.13125
10 0.37578125 0.7046875 0.1171875 0.1484375
10 0.4078125 0.803125 0.128125 0.1609375
3 0.75390625 0.61796875 0.121875 0.15625
3 0.75546875 0.50625 0.1140625 0.1515625
3 0.64140625 0.40234375 0.096875 0.125
3 0.56796875 0.33203125 0.0734375 0.096875
3 0.53359375 0.3 0.0671875 0.0875
3 0.5078125 0.2828125 0.0703125 0.090625
5 0.76796875 0.39765625 0.128125 0.1609375
2 0.62734375 0.47421875 0.128125 0.165625
1 0.79921875 0.50859375 0.2171875 0.2875
0 0.56484375 0.415625 0.1203125 0.165625
11 0.3921875 0.56015625 0.1609375 0.2171875
2 0.50390625 0.34609375 0.096875 0.125
5 0.65078125 0.321875 0.10625 0.1359375