9 0.5671875 0.7578125 0.1046875 0.1078125
11 0.66484375 0.753125 0.1453125 0.1484375
8 0.73515625 0.68671875 0.1296875 0.1375
7 0.76875 0.58203125 0.1046875 0.1078125
12 0.68671875 0.63359375 0.096875 0.1
10 0.43515625 0.78828125 0.090625 0.090625
10 0.46640625 0.6609375 0.0828125 0.0828125
10 0.628125 0.6828125 0.0765625 0.0765625
10 0.659375 0.59140625 0.0875 0.0859375
10 0.7875 0.46328125 0.0859375 0.0859375
2 0.1625 0.525 0.1140625 0.1109375
0 0.26953125 0.44921875 0.09375 0.090625
0 0.58984375 0.36953125 0.109375 0.109375
4 0.33359375 0.37421875 0.1375 0.1359375
1 0.4203125 0.3046875 0.1390625 0.1375
5 0.48515625 0.37265625 0.09375 0.0921875
3 0.22421875 0.57421875 0.0890625 0.0875
3 0.328125 0.5046875 0.08125 0.0796875
3 0.3953125 0.44296875 0.0828125 0.08125
3 0.52265625 0.41015625 0.08125 0.0796875
3 0.5546875 0.2921875 0.075 0.075
3 0.4984375 0.2171875 0.0765625 0.0734375