12 0.353125 0.81171875 0.084375 0.1296875
11 0.35625 0.71171875 0.084375 0.1375
3 0.428125 0.34140625 0.05625 0.1015625
7 0.28671875 0.79140625 0.0796875 0.121875
3 0.50078125 0.4359375 0.0546875 0.1
8 0.259375 0.68125 0.10625 0.16875
0 0.75 0.6796875 0.078125 0.1359375
2 0.29609375 0.5 0.0734375 0.128125
9 0.4875 0.69375 0.0734375 0.1328125
2 0.4046875 0.43359375 0.0765625 0.125
1 0.44609375 0.61015625 0.0859375 0.1796875
3 0.54375 0.5125 0.0625 0.109375
0 0.65546875 0.58671875 0.0671875 0.1328125
9 0.57109375 0.75 0.0703125 0.134375
3 0.31796875 0.39375 0.0609375 0.103125
4 0.4203125 0.76640625 0.08125 0.1453125