12 0.50234375 0.1484375 0.134375 0.15625
11 0.4625 0.2421875 0.1375 0.1625
3 0.3703125 0.61328125 0.0953125 0.1171875
7 0.4328125 0.1390625 0.1265625 0.146875
3 0.47734375 0.5578125 0.09375 0.115625
8 0.36015625 0.228125 0.1703125 0.2
0 0.81171875 0.43984375 0.13125 0.159375
2 0.31640625 0.4109375 0.121875 0.15
9 0.57578125 0.31484375 0.125 0.153125
2 0.38828125 0.51875 0.125 0.1484375
1 0.5015625 0.37421875 0.15625 0.203125
3 0.55 0.50625 0.1046875 0.1265625
0 0.684375 0.48515625 0.11875 0.1515625
9 0.67734375 0.29921875 0.121875 0.1546875
3 0.290625 0.51796875 0.1 0.1203125
4 0.54453125 0.21953125 0.1375 0.16875