12 0.77421875 0.72421875 0.1390625 0.159375
11 0.72265625 0.634375 0.14375 0.165625
3 0.478125 0.33203125 0.1 0.1203125
7 0.825 0.6734375 0.13125 0.15
3 0.4578125 0.45390625 0.0984375 0.1171875
8 0.79609375 0.56015625 0.178125 0.2046875
0 0.3484375 0.79609375 0.1375 0.1625
2 0.675 0.41171875 0.128125 0.1515625
9 0.59453125 0.68125 0.13125 0.15625
2 0.54375 0.40390625 0.1296875 0.1515625
1 0.5921875 0.58515625 0.165625 0.2046875
3 0.45625 0.54375 0.1109375 0.1296875
0 0.38984375 0.665625 0.125 0.153125
9 0.5453125 0.77421875 0.1296875 0.15625
3 0.60390625 0.32578125 0.10625 0.1234375
4 0.69140625 0.71484375 0.14375 0.171875