12 0.371875 0.78671875 0.10625 0.228125
12 0.90390625 0.33125 0.059375 0.175
9 0.48046875 0.7125 0.0796875 0.2671875
9 0.85078125 0.36171875 0.0609375 0.2140625
7 0.79296875 0.41328125 0.0671875 0.2515625
7 0.57421875 0.63046875 0.0828125 0.315625
11 0.65234375 0.51953125 0.096875 0.384375
8 0.73203125 0.41953125 0.078125 0.4125
5 0.05390625 0.30625 0.08125 0.2125
5 0.48671875 0.0578125 0.0546875 0.115625
2 0.13125 0.2546875 0.0625 0.1671875
2 0.44296875 0.075 0.0546875 0.1484375
0 0.1953125 0.2 0.071875 0.215625
0 0.39140625 0.0984375 0.0546875 0.190625
4 0.25625 0.146875 0.0671875 0.278125
1 0.33984375 0.11484375 0.065625 0.2203125