12 0.7625 0.3 0.19375 0.2328125
12 0.09375 0.3765625 0.1328125 0.16875
9 0.63515625 0.30078125 0.1921875 0.2515625
9 0.15234375 0.38125 0.1515625 0.2
7 0.2265625 0.3703125 0.1734375 0.2328125
7 0.5171875 0.315625 0.21875 0.2921875
11 0.3953125 0.36171875 0.2625 0.353125
8 0.27734375 0.3984375 0.2609375 0.3671875
5 0.7578125 0.85390625 0.165625 0.2078125
5 0.271875 0.8265625 0.1140625 0.1421875
2 0.66875 0.853125 0.13125 0.1640625
2 0.3234375 0.828125 0.1171875 0.146875
0 0.58828125 0.8609375 0.1609375 0.20625
0 0.3765625 0.8375 0.1359375 0.1796875
4 0.51015625 0.871875 0.1875 0.25625
1 0.4125 0.8734375 0.190625 0.253125