10 0.6015625 0.51328125 0.0421875 0.03984375
10 0.54609375 0.48515625 0.03984375 0.03828125
10 0.50390625 0.46171875 0.03515625 0.03671875
10 0.45859375 0.4375 0.04140625 0.034375
10 0.41796875 0.4109375 0.03359375 0.03671875
10 0.37109375 0.39140625 0.0296875 0.03828125
10 0.3328125 0.36953125 0.03046875 0.040625
10 0.29921875 0.35 0.03125 0.034375
5 0.50234375 0.27890625 0.0359375 0.0359375
2 0.53984375 0.29453125 0.0359375 0.04296875
0 0.57421875 0.309375 0.03984375 0.04765625
4 0.61328125 0.31875 0.04921875 0.0609375
1 0.66015625 0.3328125 0.05546875 0.0671875
0 0.690625 0.3625 0.04296875 0.04453125
2 0.7296875 0.38359375 0.046875 0.04453125
3 0.73828125 0.42421875 0.0453125 0.0359375
3 0.696875 0.4078125 0.04296875 0.02734375
3 0.6546875 0.384375 0.03671875 0.03359375
3 0.61328125 0.36484375 0.0359375 0.03359375
3 0.57578125 0.346875 0.03203125 0.03515625
3 0.54375 0.3296875 0.0296875 0.03203125
3 0.50546875 0.31171875 0.03125 0.03359375
3 0.4734375 0.29375 0.02890625 0.034375
5 0.771875 0.40390625 0.046875 0.0375
12 0.25625 0.359375 0.0390625 0.04765625
9 0.29765625 0.38203125 0.0390625 0.04765625
7 0.3359375 0.40234375 0.034375 0.05234375
8 0.38359375 0.41484375 0.04765625 0.0765625
11 0.42265625 0.44375 0.053125 0.071875
7 0.46328125 0.4734375 0.0453125 0.05703125
9 0.50703125 0.503125 0.0453125 0.0515625
12 0.55859375 0.53359375 0.04921875 0.05078125