8 0.13067708333333333 0.67796875 0.0835532407407407 0.10989583333333322
11 0.1289872685185185 0.62046875 0.07312500000000002 0.08895833333333343
7 0.14127314814814812 0.7138541666666667 0.0677083333333333 0.07458333333333336
12 0.14467013888888888 0.7984895833333334 0.06401620370370371 0.06343750000000004
10 0.21920717592592592 0.41203124999999996 0.056956018518518545 0.047395833333333394
10 0.21605902777777777 0.4877604166666666 0.05062499999999996 0.04541666666666657
10 0.21721064814814817 0.540625 0.058680555555555534 0.05062499999999996
10 0.220625 0.5948958333333334 0.0682986111111111 0.05593749999999993
10 0.2193923611111111 0.6486979166666667 0.05267361111111111 0.054895833333333324
10 0.21675925925925926 0.6994791666666667 0.04962962962962969 0.05625
10 0.220943287037037 0.73890625 0.058518518518518546 0.04750000000000014
10 0.22434606481481484 0.7783854166666667 0.05703703703703704 0.048958333333333395
12 0.11761574074074074 0.434375 0.0801273148148148 0.07385416666666664
9 0.1219849537037037 0.5002604166666667 0.08020833333333335 0.07541666666666665
9 0.13838541666666665 0.75453125 0.06894675925925924 0.06843749999999993
7 0.12820023148148146 0.5605729166666666 0.0801273148148148 0.07385416666666664
3 0.6615972222222222 0.37864583333333335 0.059085648148148096 0.05843750000000005
3 0.6469618055555555 0.4356770833333334 0.06484953703703696 0.04947916666666678
3 0.6328645833333333 0.49734375000000003 0.0591666666666665 0.05999999999999996
3 0.6175289351851851 0.5528645833333334 0.04806712962962969 0.05614583333333343
3 0.605642361111111 0.6019270833333333 0.046342592592592526 0.05291666666666668
3 0.5994675925925926 0.6459374999999999 0.043055555555555534 0.049583333333333354
3 0.5893460648148148 0.6909895833333334 0.0528356481481481 0.05802083333333332
3 0.5855960648148149 0.7332812499999999 0.05094907407407412 0.05166666666666657
5 0.6548032407407407 0.7348958333333333 0.046828703703703664 0.062291666666666676
5 0.7638599537037036 0.3733854166666667 0.06862268518518526 0.06218750000000002
2 0.6671469907407407 0.69203125 0.05200231481481481 0.07197916666666657
2 0.740630787037037 0.4309895833333333 0.08112268518518526 0.06302083333333339
0 0.6803125 0.6483333333333333 0.058090277777777644 0.06927083333333339
0 0.7232465277777778 0.4959895833333333 0.06574074074074084 0.06666666666666661
4 0.6939351851851852 0.6108333333333333 0.07978009259259267 0.09718750000000007
1 0.7198842592592593 0.5608333333333333 0.09853009259259267 0.0984375