5 0.20611689814814813 0.18842013888888892 0.0645138888888889 0.06236111111111109
5 0.2170428240740741 0.5030729166666666 0.07076388888888889 0.0625
2 0.2165972222222222 0.44291666666666674 0.06768518518518522 0.0686805555555555
2 0.20870949074074074 0.22196180555555553 0.07077546296296297 0.0640625
0 0.2052835648148148 0.3923784722222222 0.08486111111111114 0.06750000000000007
0 0.20902777777777776 0.26493055555555556 0.06929398148148147 0.07496527777777776
4 0.20258101851851854 0.3439930555555556 0.09123842592592588 0.0848263888888889
1 0.19514467592592594 0.2894618055555555 0.09920138888888888 0.10531249999999996
3 0.2810474537037037 0.1773784722222222 0.05037037037037031 0.05111111111111111
3 0.28289930555555554 0.21640625 0.04409722222222214 0.047847222222222194
3 0.28475694444444444 0.2562152777777778 0.05035879629629632 0.049548611111111106
3 0.2889699074074074 0.2975347222222222 0.055046296296296225 0.04965277777777777
3 0.2947511574074074 0.3396006944444444 0.06134259259259256 0.05604166666666668
3 0.2903935185185185 0.3842361111111111 0.0628819444444444 0.05295138888888893
3 0.3001273148148148 0.43246527777777777 0.048819444444444395 0.05263888888888886
3 0.29429398148148145 0.4888541666666667 0.053449074074074066 0.044930555555555605
10 0.5906770833333332 0.09939236111111112 0.05821759259259274 0.05597222222222222
10 0.6074016203703703 0.14199652777777777 0.048784722222222146 0.047951388888888904
10 0.6209722222222223 0.1807638888888889 0.044085648148148235 0.0462847222222222
10 0.6290914351851852 0.22199652777777779 0.04098379629629641 0.04934027777777779
10 0.6473900462962963 0.26612847222222225 0.04568287037037031 0.051006944444444445
10 0.6664872685185186 0.3125868055555555 0.0503587962962964 0.049548611111111106
10 0.6777835648148148 0.36078125 0.04568287037037031 0.051006944444444445
10 0.69453125 0.4065104166666666 0.0628819444444444 0.05295138888888893
12 0.6593634259259259 0.08927083333333333 0.042615740740740725 0.05875000000000001
12 0.7803935185185186 0.3944444444444445 0.06141203703703688 0.06541666666666668
9 0.6767476851851851 0.11545138888888888 0.05516203703703706 0.06527777777777777
9 0.7549652777777778 0.33718750000000003 0.06451388888888872 0.06236111111111118
7 0.6895601851851852 0.15736111111111112 0.03800925925925931 0.06958333333333333
7 0.7334606481481482 0.28218750000000004 0.05831018518518523 0.06847222222222218
11 0.7014467592592593 0.17975694444444446 0.05687499999999997 0.08562500000000002
8 0.7173842592592592 0.22159722222222222 0.07103009259259263 0.0984375