10 0.4411631944444444 0.567042824074074 0.047638888888888786 0.05399305555555554
10 0.4812905092592593 0.6027430555555556 0.04640046296296294 0.07578703703703696
10 0.5221990740740741 0.6384837962962963 0.03996527777777779 0.06296296296296297
10 0.5638773148148148 0.6750462962962963 0.043043981481481454 0.060000000000000143
10 0.6774131944444445 0.7692824074074075 0.04134259259259245 0.050543981481481384
10 0.7121759259259258 0.7976678240740741 0.047638888888888786 0.05399305555555571
12 0.42392361111111115 0.6224421296296295 0.0637037037037036 0.08449074074074084
12 0.7120891203703703 0.8563020833333332 0.05409722222222228 0.06837962962962969
9 0.6766608796296296 0.8200636574074075 0.06204861111111111 0.07815972222222242
9 0.4726909722222222 0.6554629629629629 0.061979166666666786 0.07347222222222224
7 0.5167592592592593 0.6890219907407408 0.055891203703703596 0.08408564814814809
7 0.6410821759259259 0.7939814814814815 0.05726851851851862 0.0716666666666665
11 0.6150752314814815 0.7551041666666667 0.08112268518518526 0.10100694444444436
8 0.5765104166666667 0.7194849537037037 0.09224537037037024 0.11407407407407391
3 0.5027314814814815 0.36929976851851853 0.043020833333333286 0.05843749999999996
3 0.5327025462962963 0.40447337962962965 0.03989583333333328 0.05827546296296297
3 0.5705092592592592 0.4384895833333333 0.03824074074074062 0.05194444444444439
3 0.5982407407407407 0.46651041666666676 0.04136574074074062 0.05210648148148138
3 0.62671875 0.4969155092592592 0.04136574074074062 0.05210648148148138
3 0.6583449074074075 0.5259201388888889 0.044513888888888783 0.05383101851851855
3 0.6875694444444445 0.5587094907407407 0.038217592592592456 0.050381944444444396
3 0.7122569444444444 0.5810995370370371 0.04134259259259263 0.050543981481481384
5 0.5135011574074074 0.3284201388888889 0.044652777777777784 0.06320601851851855
5 0.7207060185185185 0.5385358796296297 0.039733796296296295 0.04733796296296298
2 0.5497222222222222 0.3639178240740741 0.046238425925925954 0.06484953703703704
2 0.695318287037037 0.510636574074074 0.03831018518518512 0.05663194444444457
0 0.5813483796296296 0.3929224537037037 0.046215277777777786 0.06328703703703704
0 0.6667939814814815 0.48335648148148147 0.05239583333333329 0.05892361111111111
4 0.6153761574074075 0.4181423611111111 0.06057870370370359 0.08432870370370367
1 0.650150462962963 0.44574652777777785 0.06850694444444443 0.0925462962962964