12 0.28387152777777774 0.7877314814814815 0.08589120370370366 0.061828703703703525
9 0.32390625 0.7701388888888889 0.0981481481481481 0.05751157407407419
11 0.4035185185185185 0.7286805555555556 0.13333333333333322 0.07415509259259263
7 0.520619212962963 0.6734664351851852 0.10159722222222226 0.06385416666666668
12 0.658449074074074 0.6259085648148147 0.09074074074074083 0.06509259259259252
9 0.5797280092592592 0.6501793981481482 0.08745370370370367 0.06187499999999986
8 0.44469907407407405 0.7040798611111111 0.1325810185185185 0.0897337962962963
7 0.36410300925925926 0.7494212962962964 0.09855324074074075 0.06532407407407419
10 0.23741319444444448 0.6877662037037038 0.0714236111111111 0.05359953703703688
10 0.24883101851851847 0.6184664351851852 0.06501157407407412 0.050289351851851904
10 0.32221064814814815 0.6519386574074074 0.07134259259259261 0.05203703703703688
10 0.35466435185185186 0.6145601851851852 0.07109953703703704 0.047349537037036885
10 0.41287037037037033 0.5935937499999999 0.07282407407407412 0.050520833333333216
10 0.4731597222222222 0.5022685185185185 0.0810416666666665 0.05856481481481488
10 0.5403645833333334 0.47374421296296293 0.07282407407407412 0.050520833333333216
3 0.19305555555555554 0.5925578703703704 0.0714236111111111 0.05359953703703706
3 0.20649305555555558 0.5295775462962963 0.07249999999999997 0.04427083333333339
3 0.2423263888888889 0.5024710648148147 0.06592592592592598 0.037835648148148236
3 0.28436921296296297 0.4763310185185185 0.07249999999999997 0.04427083333333339
3 0.32472800925925926 0.452488425925926 0.06896990740740741 0.036365740740740726
3 0.35912037037037037 0.42299189814814814 0.07085648148148156 0.04266203703703706
3 0.4091782407407408 0.39317708333333334 0.07578703703703696 0.04748842592592588
3 0.4900347222222223 0.4182638888888889 0.07158564814814809 0.05672453703703706
5 0.38108217592592597 0.2710648148148148 0.08368055555555554 0.04928240740740737
5 0.12384837962962962 0.4786168981481481 0.07241898148148147 0.042708333333333216
2 0.15277199074074072 0.4489583333333334 0.08023148148148147 0.04293981481481488
0 0.18297453703703703 0.42481481481481487 0.08952546296296297 0.04165509259259252
0 0.2968865740740741 0.3405555555555556 0.09930555555555554 0.04974537037037034
2 0.3425405092592593 0.30513310185185183 0.08861111111111111 0.05410879629629628
4 0.24324652777777778 0.36400462962962965 0.11813657407407403 0.051863425925925896
1 0.19791666666666669 0.39317708333333334 0.13244212962962965 0.05696759259259263
10 0.31837384259259255 0.5297627314814815 0.07258101851851854 0.04583333333333321