11 0.6622048611111111 0.54609375 0.06935185185185197 0.11793981481481489
8 0.6668171296296297 0.5077256944444445 0.08268518518518526 0.13246527777777786
7 0.6538773148148149 0.5682291666666666 0.05031250000000007 0.08605324074074083
7 0.6679050925925927 0.4367476851851852 0.0595949074074074 0.08483796296296298
9 0.6517476851851851 0.6041666666666666 0.05122685185185176 0.07517361111111107
12 0.6445138888888889 0.6473090277777778 0.04700231481481474 0.0828125
10 0.5989699074074074 0.6528935185185185 0.03302083333333332 0.057349537037037025
10 0.6037210648148148 0.612181712962963 0.034398148148148164 0.05428240740740744
10 0.604195601851852 0.5778645833333333 0.034398148148148164 0.05428240740740744
10 0.6018692129629629 0.5381944444444444 0.034398148148148164 0.05428240740740744
10 0.6060706018518518 0.49360532407407404 0.03964120370370381 0.06383101851851851
10 0.6100462962962963 0.43967013888888895 0.0444212962962963 0.06556712962962977
10 0.6101157407407408 0.3858796296296296 0.04616898148148145 0.06875
3 0.3874074074074074 0.7238715277777777 0.032928240740740654 0.055787037037037024
3 0.38057291666666665 0.6945023148148148 0.03302083333333332 0.057349537037037025
3 0.3678587962962963 0.6591145833333334 0.03614583333333332 0.05746527777777786
3 0.3598321759259259 0.6235532407407407 0.04120370370370372 0.06388888888888893
3 0.3482233796296296 0.582667824074074 0.04276620370370372 0.06394675925925916
1 0.306087962962963 0.6754340277777777 0.061273148148148146 0.13946759259259256
4 0.29043981481481485 0.6237847222222223 0.06043981481481477 0.12540509259259255
0 0.32069444444444445 0.692042824074074 0.038090277777777806 0.09027777777777786
0 0.27336805555555554 0.569849537037037 0.054456018518518515 0.1033564814814815
2 0.33368634259259256 0.7227430555555555 0.050127314814814736 0.08292824074074083
5 0.3376736111111111 0.7475405092592593 0.03513888888888887 0.06678240740740744
5 0.2281539351851852 0.45147569444444446 0.059965277777777715 0.09108796296296298
2 0.25560763888888893 0.514380787037037 0.0587731481481482 0.09728009259259256
3 0.2917650462962963 0.4304108796296296 0.044884259259259277 0.07337962962962977
3 0.31972800925925926 0.48472222222222217 0.04276620370370363 0.06394675925925916
3 0.33109953703703704 0.5427662037037037 0.04295138888888887 0.06707175925925916
10 0.6134027777777777 0.33041087962962956 0.05104166666666661 0.07204861111111108
12 0.6731539351851852 0.3087094907407407 0.06299768518518505 0.08964120370370372
9 0.6722048611111111 0.37734375 0.06418981481481474 0.08344907407407405