10 0.3762210648148148 0.48203125 0.052592592592592524 0.04375
10 0.43154513888888885 0.46640625 0.05231481481481488 0.0390625
10 0.4894444444444444 0.4546875 0.05093749999999986 0.0421875
10 0.554375 0.44296875 0.04965277777777786 0.046875
10 0.6122280092592594 0.43046875 0.04303240740740755 0.040625
10 0.6738483796296296 0.415625 0.04459490740740737 0.040625
10 0.7411689814814815 0.4046875 0.040000000000000036 0.0421875
10 0.7894618055555556 0.3890625 0.04009259259259253 0.04375
12 0.7792881944444445 0.34921875 0.05140046296296301 0.05
12 0.3580034722222222 0.43828125 0.0561805555555555 0.0515625
9 0.42366898148148147 0.42578125 0.05296296296296301 0.05
9 0.7165162037037037 0.3578125 0.04846064814814817 0.053125
7 0.48303819444444446 0.4125 0.05314814814814817 0.053125
7 0.6604108796296296 0.3734375 0.0546180555555555 0.0515625
11 0.6014525462962963 0.38046875 0.056921296296296296 0.0640625
8 0.5401967592592593 0.38828125 0.05600694444444443 0.075
3 0.4093171296296296 0.7109375 0.06031250000000003 0.0421875
3 0.47635995370370365 0.6953125 0.04560185185185191 0.03125
3 0.5434953703703703 0.68125 0.06674768518518519 0.0453125
3 0.6098032407407408 0.66640625 0.05893518518518519 0.0453125
3 0.6794675925925926 0.65546875 0.0561805555555555 0.0515625
3 0.7490856481481482 0.64375 0.04137731481481488 0.0390625
3 0.8244444444444445 0.6234375 0.0514930555555555 0.0515625
3 0.8931886574074074 0.61015625 0.05599537037037052 0.0484375
5 0.41288194444444437 0.77109375 0.06721064814814817 0.053125
5 0.9210590277777777 0.65859375 0.0624305555555555 0.0515625
2 0.8455613425925925 0.6765625 0.06702546296296319 0.05
2 0.4718344907407408 0.75078125 0.0561805555555555 0.0515625
0 0.5495833333333333 0.73125 0.059212962962962835 0.05
0 0.775300925925926 0.690625 0.06233796296296283 0.05
4 0.6184201388888889 0.71953125 0.06758101851851847 0.059375
1 0.7009953703703704 0.70234375 0.058113425925925985 0.0578125