5 0.65078125 0.271875 0.075 0.053125
5 0.66796875 0.72890625 0.0671875 0.05546875
2 0.65859375 0.34375 0.06640625 0.0484375
2 0.65703125 0.66796875 0.0765625 0.05234375
0 0.6578125 0.4078125 0.075 0.05078125
0 0.6609375 0.60078125 0.0671875 0.05
1 0.65859375 0.53828125 0.08203125 0.04765625
4 0.65390625 0.4703125 0.0703125 0.0515625
3 0.5765625 0.28828125 0.065625 0.046875
3 0.5671875 0.3484375 0.06328125 0.03359375
3 0.5671875 0.41953125 0.06328125 0.04453125
3 0.56953125 0.47578125 0.06328125 0.03203125
3 0.56953125 0.53359375 0.05625 0.0390625
3 0.57578125 0.6 0.05078125 0.03828125
3 0.56953125 0.665625 0.07421875 0.04140625
3 0.5765625 0.72109375 0.06796875 0.040625
10 0.228125 0.7109375 0.06171875 0.034375
10 0.2203125 0.64296875 0.05390625 0.03203125
10 0.22421875 0.590625 0.0625 0.03125
10 0.2203125 0.53671875 0.06640625 0.0265625
10 0.21875 0.48203125 0.06015625 0.03203125
10 0.21328125 0.421875 0.065625 0.0265625
10 0.2140625 0.36875 0.059375 0.0328125
10 0.20703125 0.315625 0.06171875 0.03984375
12 0.1421875 0.3140625 0.0734375 0.03828125
12 0.1578125 0.703125 0.0765625 0.04375
9 0.1390625 0.3734375 0.0890625 0.03359375
9 0.14453125 0.64609375 0.084375 0.02890625
7 0.14296875 0.590625 0.096875 0.03046875
7 0.13828125 0.42734375 0.09140625 0.0453125
8 0.1265625 0.48671875 0.1203125 0.03515625
11 0.13125 0.54296875 0.10703125 0.0265625