1 0.5877025462962964 0.45538194444444446 0.1056712962962962 0.03513888888888879
4 0.5788194444444444 0.5014351851851852 0.09484953703703702 0.03662037037037038
0 0.5772569444444444 0.41700231481481487 0.07239583333333321 0.028645833333333214
0 0.5625868055555555 0.5411805555555556 0.07575231481481488 0.03179398148148156
2 0.5796585648148148 0.3740277777777778 0.06915509259259256 0.027060185185185225
2 0.5532118055555555 0.5833217592592593 0.06828703703703702 0.03642361111111114
5 0.5823206018518519 0.3380902777777778 0.05978009259259274 0.026990740740740725
5 0.5475694444444444 0.6278356481481481 0.057349537037037025 0.03634259259259274
10 0.3499421296296296 0.27774305555555556 0.060243055555555536 0.033240740740740723
10 0.3383391203703704 0.3394097222222222 0.06325231481481479 0.03170138888888889
10 0.3299479166666667 0.38937499999999997 0.05688657407407405 0.03009259259259256
10 0.3243344907407407 0.4440509259259259 0.05688657407407405 0.03009259259259256
10 0.3028356481481481 0.5548900462962962 0.055324074074074046 0.030081018518518476
10 0.30063657407407407 0.6056828703703704 0.062152777777777855 0.03793981481481481
10 0.28978587962962965 0.6571932870370369 0.05891203703703703 0.036354166666666646
12 0.23735532407407406 0.6685300925925926 0.07870370370370364 0.050555555555555645
12 0.29510995370370374 0.2687384259259259 0.07644675925925934 0.04116898148148147
9 0.2518518518518519 0.610011574074074 0.0828125 0.04277777777777771
9 0.28770254629629627 0.32652777777777775 0.08090277777777777 0.03807870370370363
7 0.2640625 0.5506944444444445 0.08871527777777777 0.038136574074074045
7 0.2890625 0.38203703703703706 0.08402777777777777 0.038101851851851797
8 0.28900462962962964 0.4883449074074074 0.12233796296296298 0.04931712962962962
11 0.2923900462962963 0.4320891203703704 0.11394675925925926 0.04144675925925938
3 0.510011574074074 0.6283391203703703 0.05219907407407405 0.03005787037037031
3 0.5115162037037037 0.5869212962962964 0.05075231481481488 0.031608796296296406
3 0.5158854166666667 0.5384895833333333 0.05555555555555554 0.033206018518518475
3 0.5218460648148149 0.5002314814814814 0.05208333333333322 0.02849537037037031
3 0.5288773148148148 0.4580729166666666 0.053298611111111074 0.02381944444444457
3 0.5336805555555555 0.4143344907407407 0.05353009259259256 0.02694444444444457
3 0.536255787037037 0.3690162037037037 0.04583333333333339 0.028449074074074064
3 0.5436631944444444 0.3323321759259259 0.05173611111111107 0.02380787037037031