10 0.1859375 0.11079282407407406 0.15658564814814815 0.14189814814814813
10 0.07828703703703703 0.37354166666666666 0.09810185185185186 0.07621527777777785
10 0.6408796296296296 0.4970543981481482 0.08523148148148145 0.06959490740740755
10 0.22710069444444442 0.5027314814814815 0.09626157407407412 0.07148148148148152
10 0.3339641203703704 0.4372685185185185 0.09975694444444443 0.07782407407407402
12 0.9116666666666667 0.6446759259259259 0.08937500000000007 0.08687499999999986
10 0.5772569444444444 0.3446527777777778 0.10315972222222225 0.08260416666666667
10 0.8741203703703704 0.43221643518518515 0.09369212962962976 0.08076388888888886
11 0.9610908564814814 0.7986168981481481 0.07781828703703723 0.13724537037037035
12 0.799056712962963 0.8105729166666666 0.07503472222222207 0.08177083333333321
7 0.38524884259259257 0.6446759259259259 0.1088657407407407 0.0999305555555555
7 0.6043171296296296 0.7486516203703704 0.08993055555555554 0.09625000000000003
9 0.6402141203703704 0.6569097222222222 0.11180555555555553 0.09689814814814816