3 0.8317881944444444 0.517181712962963 0.045104166666666855 0.06812500000000003
3 0.7698263888888889 0.5263078703703703 0.046875 0.07290509259259252
3 0.705295138888889 0.5231192129629629 0.03687499999999986 0.05828703703703706
3 0.5958680555555556 0.5483043981481481 0.0531944444444445 0.07483796296296283
3 0.54203125 0.5499363425925926 0.05135416666666668 0.06849537037037053
5 0.42234375 0.5079398148148149 0.07093749999999996 0.08835648148148145
5 0.8343576388888888 0.45936921296296296 0.06795138888888914 0.09129629629629629
2 0.47125000000000006 0.5120543981481481 0.05652777777777764 0.07971064814814817
2 0.7646527777777777 0.46739583333333334 0.07597222222222229 0.09644675925925927
0 0.5299479166666666 0.5062384259259259 0.06659722222222228 0.09589120370370381
0 0.7080555555555555 0.47854166666666664 0.07291666666666678 0.09782407407407412
4 0.5851736111111111 0.5084201388888889 0.08319444444444439 0.11869212962962976
1 0.6500520833333333 0.5037962962962963 0.08722222222222235 0.13918981481481474
3 0.4440625000000001 0.5627546296296296 0.04965277777777786 0.06527777777777785
3 0.4920659722222222 0.5521180555555556 0.04149305555555553 0.05700231481481488
12 0.4998263888888889 0.8158043981481482 0.04482638888888886 0.06187499999999986
12 0.8313888888888888 0.7891435185185186 0.046875 0.07290509259259252
9 0.5508159722222222 0.8081076388888888 0.05645833333333332 0.07814814814814816
9 0.7788368055555556 0.7969328703703704 0.054895833333333324 0.0780555555555555
7 0.5943576388888889 0.8102025462962963 0.051979166666666646 0.08255787037037052
7 0.7333506944444445 0.8035243055555554 0.05204861111111114 0.08412037037037053
8 0.6449479166666666 0.8290219907407408 0.07736111111111121 0.1276967592592591
11 0.6900694444444444 0.8131018518518518 0.06756944444444439 0.1177662037037038
10 0.4980381944444444 0.7683796296296297 0.04482638888888886 0.06187499999999986
10 0.5401215277777778 0.7682233796296296 0.04163194444444436 0.06012731481481488
10 0.5855034722222221 0.7639756944444445 0.044965277777777854 0.06500000000000003
10 0.6324131944444444 0.7604166666666666 0.046388888888888855 0.061967592592592526
10 0.6808506944444443 0.7575462962962962 0.044965277777777854 0.06499999999999986
10 0.7293923611111112 0.7523321759259259 0.04020833333333336 0.06315972222222221
10 0.7817013888888888 0.750011574074074 0.04020833333333336 0.06315972222222221
10 0.8239236111111111 0.746730324074074 0.041562499999999857 0.05856481481481488