10 0.6491608796296295 0.5164525462962963 0.0549768518518519 0.05078703703703695
10 0.5849537037037037 0.5346006944444445 0.05335648148148149 0.04920138888888896
10 0.5370659722222222 0.550162037037037 0.04704861111111107 0.047546296296296295
10 0.48608217592592595 0.5665509259259259 0.05167824074074083 0.04605324074074062
10 0.4375578703703704 0.5860300925925925 0.045486111111111074 0.047523148148148134
10 0.3847800925925926 0.5961921296296296 0.04079861111111116 0.04745370370370381
10 0.3407986111111111 0.6116956018518518 0.042476851851851814 0.050601851851851974
10 0.30063657407407407 0.6247974537037038 0.043807870370370414 0.04437499999999996
5 0.5019097222222222 0.740630787037037 0.045370370370370415 0.04439814814814813
2 0.5438368055555556 0.732974537037037 0.048784722222222146 0.05225694444444429
0 0.5841724537037036 0.7245601851851852 0.05526620370370381 0.05859953703703695
4 0.6263020833333334 0.7223726851851853 0.06840277777777785 0.07597222222222229
1 0.6777199074074074 0.7177025462962963 0.07650462962962976 0.08390046296296312
0 0.7151041666666667 0.6929166666666667 0.058333333333333216 0.057083333333333285
2 0.7607060185185185 0.6789525462962963 0.06145833333333339 0.05712962962962962
3 0.7763888888888889 0.6380729166666667 0.05642361111111107 0.04768518518518512
3 0.7297743055555556 0.6457986111111111 0.053009259259259166 0.039826388888888786
3 0.6819444444444445 0.6629224537037037 0.046875 0.0428587962962963
3 0.634693287037037 0.6745659722222223 0.0453125 0.04283564814814813
3 0.5921006944444445 0.6853587962962963 0.043807870370370414 0.04437499999999996
3 0.5541956018518519 0.6960821759259259 0.039004629629629764 0.041180555555555644
3 0.5108506944444444 0.707667824074074 0.0421875 0.042789351851851974
3 0.473755787037037 0.7191608796296297 0.04068287037037042 0.04432870370370381
5 0.8086805555555555 0.6657349537037037 0.059664351851851906 0.050856481481481454
12 0.25775462962962964 0.6066724537037038 0.05370370370370372 0.05857638888888879
9 0.3064236111111111 0.5910995370370371 0.05214120370370372 0.05855324074074062
7 0.3497106481481481 0.577951388888889 0.05075231481481479 0.06321759259259245
8 0.40196759259259257 0.5748321759259258 0.06898148148148149 0.09159722222222229
11 0.44884259259259257 0.5530324074074074 0.07511574074074083 0.08856481481481478
7 0.49646990740740743 0.5304398148148148 0.061979166666666786 0.07119212962962962
9 0.5480034722222222 0.5077893518518518 0.06174768518518512 0.06494212962962961
12 0.6081886574074075 0.48657407407407405 0.06643518518518512 0.06501157407407412