12 0.6495023148148148 0.6605729166666666 0.082673611111111 0.10822916666666664
12 0.6799247685185185 0.23984375 0.05325231481481474 0.08447916666666666
9 0.6812384259259259 0.2838541666666667 0.06180555555555554 0.09749999999999996
9 0.6493113425925926 0.5711458333333332 0.07743055555555553 0.09854166666666657
7 0.6754282407407407 0.32895833333333335 0.06355324074074069 0.10072916666666662
7 0.6549942129629629 0.50171875 0.07605324074074069 0.1015625
11 0.673755787037037 0.37041666666666667 0.08075231481481478 0.12833333333333333
8 0.6753877314814816 0.4222916666666666 0.10061342592592588 0.14833333333333343
10 0.6332349537037036 0.23359375 0.05444444444444443 0.07833333333333332
10 0.6250405092592592 0.26598958333333333 0.05076388888888879 0.06875
10 0.6216608796296297 0.32302083333333337 0.04763888888888897 0.06854166666666668
10 0.6092303240740741 0.37395833333333334 0.052326388888888783 0.06885416666666666
10 0.6016203703703704 0.4361979166666667 0.05453703703703709 0.07989583333333332
10 0.598744212962963 0.49796874999999996 0.05931712962962976 0.08177083333333339
10 0.5885590277777778 0.5639583333333333 0.05738425925925909 0.07541666666666665
10 0.5742824074074073 0.6328125 0.05094907407407412 0.071875
3 0.3942997685185185 0.13609374999999999 0.04653935185185194 0.07625000000000001
3 0.3822858796296297 0.18 0.0459837962962963 0.06687500000000002
3 0.36222800925925924 0.22729166666666667 0.051412037037037006 0.0796875
3 0.3434548611111111 0.27937500000000004 0.05729166666666661 0.07385416666666664
3 0.3235300925925926 0.33765625 0.05407407407407412 0.07208333333333332
3 0.3028703703703704 0.3951041666666667 0.0444212962962963 0.06677083333333336
3 0.28280671296296295 0.45572916666666663 0.04966435185185185 0.07645833333333343
3 0.2558912037037037 0.52609375 0.05747685185185185 0.07697916666666664
5 0.3485821759259259 0.1134375 0.048657407407407406 0.08572916666666668
5 0.1819097222222222 0.50390625 0.06952546296296296 0.09645833333333335
2 0.32673611111111106 0.15119791666666665 0.05261574074074069 0.1
2 0.21351273148148148 0.4338541666666667 0.0677777777777778 0.09322916666666661
0 0.3123784722222222 0.1949479166666667 0.056932870370370384 0.09406249999999998
0 0.24888310185185186 0.36640625 0.06989583333333335 0.10270833333333336
1 0.28869791666666667 0.22395833333333334 0.08057870370370371 0.15166666666666667
4 0.2650925925925926 0.29140625 0.07956018518518526 0.13447916666666665