10 0.6467708333333333 0.6609375 0.06049768518518519 0.0453125
10 0.625925925925926 0.6171875 0.0655555555555555 0.0515625
10 0.6617361111111111 0.6984375 0.05700231481481488 0.0390625
10 0.6723784722222221 0.74296875 0.054155092592592526 0.04375
10 0.6246180555555556 0.56015625 0.06224537037037052 0.0484375
10 0.6120949074074075 0.5078125 0.06390046296296284 0.05
10 0.5992939814814815 0.46015625 0.0671180555555555 0.0515625
10 0.5844733796296296 0.40703125 0.05893518518518519 0.0453125
1 0.37636574074074075 0.55703125 0.09175925925925928 0.071875
4 0.3603009259259259 0.51171875 0.08982638888888887 0.065625
0 0.4059027777777778 0.5859375 0.0608680555555555 0.0515625
0 0.3603645833333333 0.47109375 0.0733680555555555 0.0515625
2 0.4217881944444445 0.62109375 0.0651851851851852 0.0453125
2 0.3484780092592593 0.434375 0.06537037037037034 0.0484375
5 0.43179398148148146 0.65 0.05875000000000004 0.0421875
5 0.3303009259259259 0.38515625 0.06206018518518519 0.0453125
3 0.3729456018518518 0.390625 0.06343750000000004 0.0421875
3 0.3884606481481482 0.43203125 0.05369212962962964 0.0359375
3 0.4061342592592593 0.4765625 0.06206018518518519 0.0453125
3 0.4187094907407408 0.51484375 0.05543981481481488 0.0390625
3 0.4328009259259259 0.55390625 0.05553240740740737 0.040625
3 0.44781250000000006 0.590625 0.04597222222222221 0.0375
3 0.46273148148148147 0.62890625 0.04137731481481488 0.0390625
3 0.4780671296296296 0.66015625 0.049097222222222216 0.0375
12 0.636724537037037 0.40859375 0.08366898148148146 0.0671875
12 0.7244849537037037 0.76015625 0.07364583333333333 0.05625
9 0.6488310185185184 0.46796875 0.08495370370370381 0.0625
9 0.7115451388888889 0.71484375 0.08385416666666679 0.0703125
7 0.6555613425925926 0.52578125 0.08366898148148146 0.0671875
7 0.6985590277777778 0.6703125 0.0873495370370371 0.0765625
8 0.6564525462962962 0.58984375 0.1181481481481482 0.0953125
11 0.67578125 0.6328125 0.09728009259259256 0.0859375