11 0.5773032407407408 0.3215451388888889 0.11886574074074083 0.0581134259259259
8 0.5393460648148147 0.31494212962962964 0.12898148148148145 0.07089120370370372
7 0.5987152777777778 0.33000578703703703 0.08521990740740755 0.0430787037037037
7 0.46756365740740746 0.31124999999999997 0.08412037037037053 0.050844907407407366
9 0.6337326388888889 0.33339120370370373 0.07437500000000004 0.04431712962962955
12 0.6762384259259259 0.34247685185185184 0.08181712962962955 0.038298611111111124
10 0.6742881944444445 0.38859374999999996 0.0561689814814816 0.026620370370370416
10 0.6331597222222222 0.3826793981481481 0.05322916666666657 0.02965277777777775
10 0.5996122685185185 0.38090277777777776 0.05322916666666657 0.02965277777777775
10 0.558894675925926 0.38126157407407407 0.05479166666666657 0.029699074074074083
10 0.5146875 0.3744733796296297 0.06288194444444457 0.03461805555555557
10 0.46023148148148146 0.36894675925925924 0.06315972222222221 0.03930555555555557
10 0.40710648148148143 0.3673726851851852 0.06637731481481488 0.04096064814814815
3 0.7108680555555555 0.6033333333333333 0.05469907407407408 0.028136574074074085
3 0.6792476851851852 0.6086574074074074 0.05616898148148142 0.02662037037037024
3 0.6417418981481482 0.6208506944444444 0.05635416666666675 0.029745370370370415
3 0.6046527777777777 0.6260127314814815 0.06297453703703688 0.03618055555555557
3 0.5617708333333333 0.6364814814814814 0.06462962962962955 0.03778935185185191
1 0.6474594907407407 0.6828472222222223 0.13853009259259252 0.04777777777777779
4 0.5934548611111111 0.6961168981481481 0.12456018518518519 0.04892361111111114
0 0.6670891203703704 0.6685590277777778 0.09063657407407408 0.029201388888888857
0 0.5362326388888888 0.7108564814814814 0.10396990740740755 0.043634259259259164
2 0.6998611111111112 0.6570081018518519 0.08043981481481488 0.04137731481481488
5 0.7259201388888888 0.6530844907407408 0.06572916666666657 0.030023148148148236
5 0.4094212962962963 0.750925925925926 0.09046296296296283 0.052592592592592524
2 0.4774016203703704 0.7263310185185186 0.09652777777777785 0.04965277777777786
3 0.3975925925925926 0.686400462962963 0.07244212962962963 0.03802083333333321
3 0.4577604166666667 0.6615740740740741 0.06462962962962955 0.03778935185185191
3 0.5178761574074073 0.6508333333333333 0.06775462962962955 0.03788194444444457
10 0.35108796296296296 0.36179976851851847 0.07125000000000004 0.04422453703703706
12 0.3390740740740741 0.3003993055555555 0.08752314814814817 0.055625000000000036
9 0.4077314814814814 0.3039988425925926 0.08292824074074083 0.057048611111111126