10 0.27578125 0.25703125 0.05859375 0.04296875
10 0.27421875 0.2953125 0.0609375 0.0421875
10 0.27109375 0.3390625 0.03828125 0.05703125
10 0.27734375 0.38671875 0.0546875 0.04453125
10 0.2765625 0.42734375 0.05078125 0.04921875
10 0.271875 0.48125 0.05390625 0.04765625
10 0.26953125 0.53359375 0.04296875 0.04609375
10 0.27109375 0.6015625 0.0625 0.04453125
12 0.2046875 0.24609375 0.053125 0.0546875
12 0.18125 0.59921875 0.05546875 0.05234375
9 0.1796875 0.53203125 0.07890625 0.05390625
9 0.196875 0.28125 0.0546875 0.046875
7 0.203125 0.32421875 0.046875 0.06015625
7 0.18359375 0.47421875 0.0796875 0.0625
11 0.18984375 0.41796875 0.06640625 0.07265625
8 0.1921875 0.3578125 0.0671875 0.08515625
3 0.6140625 0.2578125 0.0484375 0.04921875
3 0.615625 0.2953125 0.04453125 0.04140625
3 0.628125 0.34140625 0.05390625 0.04375
3 0.6328125 0.37734375 0.05 0.04765625
3 0.64375 0.4234375 0.07265625 0.0453125
3 0.659375 0.4734375 0.05 0.0453125
3 0.66953125 0.53203125 0.04140625 0.0359375
3 0.68359375 0.58203125 0.04453125 0.0453125
5 0.675 0.25078125 0.03671875 0.0453125
5 0.77734375 0.57421875 0.059375 0.0453125
2 0.7578125 0.5234375 0.0734375 0.05234375
2 0.6890625 0.2890625 0.04765625 0.05625
0 0.6984375 0.3296875 0.0546875 0.05703125
0 0.7421875 0.46796875 0.075 0.05078125
4 0.71484375 0.35859375 0.05625 0.07890625
1 0.73671875 0.4046875 0.078125 0.07421875