10 0.3122916666666667 0.1662326388888889 0.059965277777777715 0.051006944444444445
10 0.35609375 0.18065972222222224 0.05656249999999998 0.044618055555555536
10 0.3981944444444444 0.19828125000000002 0.05975694444444439 0.04631944444444445
11 0.5252430555555556 0.18171874999999998 0.10680555555555564 0.08739583333333334
8 0.47041666666666665 0.15218749999999998 0.11822916666666661 0.09881944444444443
7 0.4332986111111111 0.14526041666666667 0.08451388888888882 0.07704861111111114
7 0.5935590277777778 0.20597222222222222 0.08458333333333332 0.07861111111111115
9 0.3974479166666666 0.12736111111111112 0.06392361111111108 0.06989583333333335
12 0.34923611111111114 0.10689236111111111 0.07104166666666671 0.054618055555555545
4 0.10038194444444444 0.5132638888888889 0.1410763888888889 0.0514930555555555
0 0.09263888888888888 0.4769618055555556 0.11586805555555554 0.04569444444444457
2 0.06107638888888889 0.45029513888888884 0.0905902777777778 0.03833333333333329
5 0.036145833333333335 0.42729166666666674 0.07229166666666667 0.037638888888889
5 0.29423611111111114 0.6777430555555556 0.1036458333333334 0.05138888888888893
2 0.2323611111111111 0.6313715277777778 0.10336805555555557 0.04513888888888893
0 0.19979166666666665 0.5922743055555555 0.11288194444444444 0.048680555555555574
1 0.13078125 0.5485590277777778 0.15725694444444444 0.06468749999999997
3 0.3561111111111111 0.6188541666666667 0.07822916666666675 0.04090277777777782
3 0.31036458333333333 0.5780034722222223 0.07395833333333339 0.0500694444444445
3 0.25602430555555555 0.5375347222222222 0.07034722222222226 0.0389930555555555
3 0.22083333333333335 0.5047916666666666 0.07354166666666666 0.0406944444444445
3 0.1848611111111111 0.4720833333333333 0.07156250000000001 0.03125
3 0.15276041666666668 0.43998263888888883 0.07958333333333334 0.03628472222222214
3 0.11892361111111112 0.41185763888888893 0.07156250000000001 0.03125
3 0.09197916666666665 0.38654513888888886 0.07489583333333334 0.03607638888888891
12 0.7319791666666667 0.26687500000000003 0.08402777777777785 0.06611111111111115
9 0.6594270833333333 0.2326736111111111 0.0843055555555555 0.07236111111111114
10 0.6677256944444444 0.32664930555555555 0.06336805555555554 0.057395833333333354
10 0.6087152777777778 0.30354166666666665 0.06607638888888889 0.04815972222222218
10 0.5500868055555556 0.27184027777777775 0.06322916666666671 0.05427083333333336
10 0.49026041666666664 0.2495486111111111 0.0692013888888889 0.04829861111111109
10 0.43828125 0.22612847222222224 0.0691319444444444 0.04673611111111118