12 0.8020138888888889 0.8361574074074074 0.06730324074074083 0.055636574074074116
12 0.8675057870370371 0.4265509259259259 0.07483796296296283 0.05106481481481477
9 0.816232638888889 0.7731423611111111 0.07686342592592581 0.058900462962962766
9 0.8617418981481482 0.4873495370370371 0.07143518518518518 0.04633101851851862
7 0.8231944444444445 0.719386574074074 0.06877314814814817 0.05409722222222228
7 0.8494502314814815 0.5433680555555556 0.06849537037037053 0.049409722222222285
11 0.8341550925925926 0.6672511574074074 0.07998842592592581 0.058946759259259095
8 0.8440104166666667 0.6096354166666667 0.0889930555555555 0.0528356481481481
10 0.7888715277777778 0.41679976851851847 0.05930555555555568 0.05239583333333329
10 0.7781423611111111 0.4728414351851852 0.050844907407407366 0.04134259259259245
10 0.7689293981481482 0.528125 0.055624999999999855 0.04297453703703695
10 0.756730324074074 0.5857060185185186 0.06334490740740754 0.04152777777777779
10 0.7459085648148148 0.6401851851851852 0.055624999999999855 0.04297453703703695
10 0.7417071759259259 0.7010069444444444 0.05718750000000004 0.04299768518518512
10 0.7322627314814815 0.7523842592592592 0.05893518518518519 0.04614583333333329
10 0.7183217592592592 0.8200868055555557 0.054062500000000034 0.04295138888888914
5 0.3203125 0.3208738425925926 0.06877314814814817 0.0540972222222222
5 0.26340856481481484 0.717337962962963 0.07704861111111114 0.06202546296296294
2 0.3155150462962963 0.38480902777777776 0.0674884259259259 0.05876157407407412
2 0.2729456018518518 0.6675231481481482 0.08017361111111114 0.06207175925925927
0 0.3037268518518519 0.43615162037037036 0.06233796296296301 0.05087962962962962
0 0.28335069444444444 0.6060127314814815 0.07383101851851848 0.060416666666666605
4 0.29359375 0.4890798611111111 0.0815509259259259 0.05896990740740744
1 0.28879629629629633 0.5530150462962963 0.09810185185185186 0.07482638888888893
3 0.3963773148148148 0.3399537037037037 0.06353009259259261 0.044652777777777784
3 0.398287037037037 0.3985243055555555 0.05296296296296301 0.050740740740740795
3 0.3905034722222222 0.4647569444444445 0.05590277777777786 0.047662037037036954
3 0.38482638888888887 0.5138483796296296 0.05893518518518519 0.04614583333333329
3 0.37938078703703704 0.5668460648148148 0.046064814814814795 0.039710648148148134
3 0.36405671296296294 0.624380787037037 0.05093750000000004 0.04290509259259245
3 0.3542939814814815 0.6835590277777778 0.052870370370370345 0.04917824074074062
3 0.34710069444444447 0.7334085648148149 0.06371527777777777 0.04777777777777779