8 0.06403935185185186 0.36906249999999996 0.09270833333333335 0.14124999999999996
11 0.08577546296296296 0.366880787037037 0.13618055555555555 0.13688657407407404
10 0.48368055555555556 0.4135590277777778 0.1416087962962962 0.1494212962962962
10 0.4553182870370371 0.8178587962962963 0.12423611111111121 0.14616898148148144
10 0.3624884259259259 0.6086689814814814 0.11668981481481477 0.12424768518518511
10 0.31777199074074075 0.2889467592592593 0.11126157407407415 0.11171296296296296
10 0.2247800925925926 0.12973379629629628 0.10924768518518517 0.1304398148148148
10 0.10785300925925927 0.09372685185185185 0.07851851851851852 0.059930555555555556
10 0.2602777777777778 0.38613425925925926 0.10244212962962962 0.12101851851851855
10 0.36233796296296295 0.790619212962963 0.09618055555555553 0.0944212962962963
12 0.1595949074074074 0.29480324074074077 0.1032638888888889 0.10853009259259264
12 0.13181712962962963 0.5640104166666667 0.09471064814814811 0.09597222222222221
9 0.04585069444444444 0.18072916666666666 0.07725694444444445 0.11770833333333335
9 0.20938078703703705 0.5419386574074074 0.10923611111111109 0.10388888888888878
7 0.2648611111111111 0.7797453703703704 0.1181481481481482 0.09614583333333329
7 0.1907349537037037 0.6753356481481482 0.1311111111111111 0.10405092592592595