10 0.39730324074074075 0.7454282407407408 0.054467592592592595 0.04924768518518512
10 0.3823553240740741 0.6974247685185185 0.051296296296296263 0.04745370370370363
10 0.3544039351851852 0.6410300925925926 0.048078703703703686 0.04409722222222214
10 0.3397337962962963 0.5836516203703704 0.05267361111111111 0.041319444444444284
10 0.3124710648148148 0.530324074074074 0.05115740740740744 0.042766203703703806
10 0.2859664351851852 0.47771990740740744 0.05120370370370377 0.04432870370370381
10 0.2664699074074074 0.4253761574074074 0.05111111111111111 0.04120370370370381
10 0.24770833333333334 0.374537037037037 0.06237268518518517 0.05295138888888893
12 0.15682870370370372 0.38984375 0.08167824074074073 0.07309027777777785
12 0.32663773148148145 0.7888599537037037 0.06274305555555557 0.06545138888888893
9 0.3018113425925926 0.7322337962962963 0.0674768518518519 0.06736111111111107
9 0.19160300925925927 0.45274884259259257 0.06738425925925928 0.06423611111111108
7 0.21962384259259257 0.5067997685185185 0.05787037037037042 0.05885416666666661
7 0.2816724537037037 0.6752604166666666 0.06246527777777775 0.056076388888888926
11 0.2630266203703704 0.6205150462962963 0.07041666666666666 0.06134259259259256
8 0.23576388888888894 0.5671875 0.06412037037037041 0.05931712962962958
3 0.7357986111111112 0.5815972222222222 0.0639814814814816 0.054629629629629584
3 0.7161863425925926 0.5331597222222222 0.06710648148148142 0.05486111111111107
3 0.6966435185185185 0.48237847222222224 0.06393518518518526 0.05306712962962958
3 0.6785706018518518 0.4346064814814815 0.060671296296296265 0.04814814814814809
3 0.6557175925925927 0.390306712962963 0.0685300925925926 0.050289351851851904
3 0.6368402777777777 0.34337384259259257 0.06370370370370378 0.04525462962962958
3 0.6179398148148147 0.2972222222222222 0.06545138888888893 0.051620370370370414
3 0.59984375 0.2502314814814815 0.062418981481481596 0.05451388888888893
5 0.6646238425925926 0.22126736111111112 0.07193287037037041 0.0598958333333333
5 0.8005324074074075 0.5541956018518519 0.07349537037037024 0.06001157407407405
2 0.7818402777777778 0.5010127314814815 0.07657407407407409 0.058680555555555534
2 0.6798032407407406 0.26145833333333335 0.08783564814814823 0.07042824074074075
0 0.6985185185185185 0.31385995370370373 0.08277777777777776 0.05758101851851851
0 0.7675347222222222 0.4576388888888888 0.08268518518518526 0.054456018518518515
1 0.762054398148148 0.4058159722222222 0.1143518518518519 0.07083333333333339
4 0.7339641203703703 0.35410879629629627 0.10322916666666657 0.06377314814814809