12 0.29953124999999997 0.6769965277777777 0.11270833333333333 0.07581018518518512
11 0.35696180555555557 0.4579629629629629 0.1438888888888889 0.07447916666666679
8 0.3686111111111111 0.3861979166666667 0.15034722222222224 0.07921296296296294
7 0.3312152777777778 0.5288425925925926 0.11875 0.07116898148148146
7 0.3705729166666667 0.3073321759259259 0.1171180555555555 0.06959490740740737
9 0.3772916666666667 0.23006365740740745 0.11774305555555556 0.08365740740740737
9 0.31565972222222227 0.6005787037037036 0.10979166666666665 0.08047453703703696
12 0.3726215277777778 0.14255787037037035 0.11461805555555556 0.0836342592592593
10 0.46258680555555554 0.6907002314814814 0.09006944444444435 0.05846064814814813
10 0.5505729166666666 0.6319965277777777 0.08048611111111122 0.05370370370370381
10 0.4744791666666666 0.5541145833333333 0.07736111111111121 0.05368055555555564
10 0.5046527777777777 0.4949826388888889 0.08368055555555554 0.0552893518518518
10 0.50125 0.4184201388888889 0.08368055555555554 0.0552893518518518
10 0.58515625 0.3206365740740741 0.08225694444444435 0.0584027777777778
10 0.5887499999999999 0.24334490740740744 0.08871527777777785 0.06313657407407405
10 0.6214756944444444 0.5052199074074075 0.08062499999999986 0.05682870370370381
3 0.6040972222222223 0.6940914351851852 0.08538194444444436 0.05842592592592588
3 0.6718402777777778 0.6367997685185186 0.08524305555555553 0.05530092592592588
3 0.6819791666666667 0.583767361111111 0.08048611111111122 0.05370370370370381
3 0.6925520833333334 0.5229282407407407 0.07239583333333321 0.047395833333333214
3 0.6995312499999999 0.4690914351851852 0.07538194444444439 0.04429398148148138
3 0.7089583333333334 0.4176157407407407 0.07722222222222222 0.050555555555555645
3 0.7147048611111112 0.3536168981481481 0.07864583333333322 0.04744212962962964
3 0.6661979166666667 0.28140625 0.08538194444444436 0.05842592592592588
5 0.8337847222222223 0.34434606481481483 0.09006944444444435 0.05846064814814813
5 0.7656944444444445 0.7101273148148148 0.08680555555555554 0.055312499999999966
2 0.7819097222222222 0.6532349537037037 0.09638888888888886 0.06006944444444447
2 0.8257118055555555 0.3911458333333333 0.10270833333333336 0.0616782407407408
0 0.7947048611111112 0.6072511574074074 0.10718750000000003 0.05702546296296305
0 0.8147916666666667 0.4441724537037038 0.10881944444444436 0.05859953703703695
4 0.8265972222222222 0.4989293981481481 0.1436805555555555 0.06979166666666678
1 0.8238020833333334 0.5590451388888888 0.154548611111111 0.0683101851851852