10 0.46694444444444444 0.6992013888888889 0.030416666666666713 0.05302083333333343
10 0.4595659722222223 0.671412037037037 0.033611111111111217 0.054745370370370416
10 0.45984374999999994 0.6299247685185184 0.030694444444444358 0.059270833333333425
10 0.45454861111111117 0.5904976851851852 0.033611111111111217 0.054745370370370416
3 0.24418402777777776 0.7252372685185186 0.038576388888888855 0.06123842592592599
3 0.23480902777777776 0.6895138888888889 0.03572916666666668 0.06732638888888882
3 0.21680555555555556 0.6541261574074074 0.03878472222222218 0.06592592592592598
3 0.2037673611111111 0.6127314814814815 0.03892361111111118 0.06905092592592599
12 0.5043402777777778 0.7034895833333333 0.03993055555555554 0.05663194444444457
9 0.5069791666666668 0.6793518518518519 0.03354166666666671 0.053182870370370415
11 0.4998784722222222 0.6100752314814815 0.052881944444444426 0.10251157407407412
8 0.5071875 0.5689525462962963 0.052013888888888894 0.11805555555555554
7 0.5015798611111111 0.5013194444444444 0.04430555555555564 0.08491898148148139
3 0.19395833333333332 0.5691550925925926 0.04375 0.07241898148148138
3 0.17335069444444445 0.5218865740740741 0.040277777777777767 0.06444444444444439
3 0.15916666666666668 0.47103587962962956 0.04878472222222223 0.08047453703703696
5 0.1990625 0.7362094907407407 0.04538194444444441 0.07406250000000014
2 0.18024305555555556 0.7015625 0.04885416666666664 0.08203703703703695
0 0.16895833333333332 0.6735706018518519 0.04934027777777779 0.09297453703703695
1 0.14866319444444445 0.6545081018518518 0.06833333333333336 0.13449074074074083
4 0.13088541666666667 0.5964236111111111 0.06961805555555559 0.12832175925925923
0 0.11769097222222222 0.540925925925926 0.05885416666666665 0.0965856481481481
2 0.0937673611111111 0.4801736111111111 0.06020833333333333 0.09197916666666668
5 0.07133680555555555 0.4210648148148148 0.0551736111111111 0.0839236111111111
9 0.5017708333333333 0.44416666666666665 0.04572916666666664 0.08187500000000014
7 0.5092708333333333 0.6630266203703703 0.024270833333333287 0.019965277777777856
12 0.5066666666666666 0.36924768518518525 0.045798611111111144 0.08343749999999997
3 0.13979166666666668 0.4136516203703703 0.05190972222222223 0.08063657407407412
10 0.4387499999999999 0.3821701388888889 0.0453819444444445 0.07406249999999996
10 0.44861111111111107 0.44219328703703703 0.041770833333333354 0.06296296296296297
10 0.4526736111111111 0.4917361111111111 0.044965277777777854 0.06468749999999997
10 0.4526909722222222 0.5442013888888889 0.04170138888888886 0.061400462962962976