5 0.70625 0.7792129629629629 0.0828125 0.055914351851851764
5 0.92578125 0.5410590277777778 0.06875 0.03226851851851862
2 0.75546875 0.7354108796296297 0.0828125 0.049664351851851765
2 0.90234375 0.5649305555555555 0.08125 0.040266203703703596
0 0.78828125 0.6999594907407407 0.0921875 0.05136574074074076
0 0.88125 0.5919618055555556 0.084375 0.04031249999999993
1 0.84375 0.665625 0.1421875 0.06304398148148156
4 0.87109375 0.6269675925925926 0.121875 0.05961805555555557
3 0.8625 0.4213715277777778 0.0625 0.032175925925925955
3 0.8578125 0.4877083333333333 0.059375 0.03525462962962962
3 0.83125 0.5201273148148149 0.0609375 0.03215277777777779
3 0.80078125 0.5470196759259259 0.0609375 0.03215277777777779
3 0.76953125 0.5778067129629629 0.065625 0.03534722222222229
3 0.7328125 0.6155439814814815 0.0609375 0.038402777777777786
3 0.6953125 0.651707175925926 0.0625 0.038425925925925954
3 0.621875 0.649837962962963 0.06875 0.04476851851851862
12 0.4828125 0.4462152777777778 0.0921875 0.048240740740740765
12 0.79296875 0.2320601851851852 0.078125 0.04021990740740744
9 0.540625 0.40410300925925924 0.096875 0.043622685185185264
9 0.76171875 0.2620659722222222 0.0890625 0.03881944444444443
7 0.59765625 0.37213541666666666 0.096875 0.04206018518518517
7 0.7296875 0.2881539351851852 0.103125 0.03434027777777775
11 0.66015625 0.34103009259259254 0.1328125 0.05040509259259256
8 0.70859375 0.3089351851851852 0.1453125 0.0396527777777778
10 0.54609375 0.5541840277777779 0.078125 0.044907407407407264
10 0.63125 0.5648206018518518 0.075 0.047986111111111104
10 0.640625 0.47433449074074063 0.0671875 0.03693287037037045
10 0.74296875 0.5250694444444445 0.0625 0.03530092592592595
10 0.6890625 0.4539583333333333 0.0609375 0.03215277777777779
10 0.728125 0.4162557870370371 0.06875 0.03226851851851862
10 0.8109375 0.40420138888888885 0.0640625 0.032199074074074116
10 0.84296875 0.3679571759259259 0.06875 0.03695601851851853