10 0.4593344907407408 0.3158738425925926 0.02998842592592581 0.05859953703703695
10 0.6229282407407407 0.28989583333333335 0.032928240740740834 0.05556712962962962
3 0.5032928240740742 0.3709201388888889 0.03964120370370381 0.06356481481481477
3 0.4560011574074075 0.36527777777777776 0.034490740740740836 0.055613425925925955
5 0.28751157407407407 0.4407060185185186 0.0451620370370371 0.0777662037037036
2 0.34969328703703706 0.44668981481481485 0.044062500000000074 0.08553240740740727
0 0.39826967592592594 0.44759837962962956 0.03983796296296296 0.09320601851851862
1 0.45534143518518516 0.4333854166666667 0.05087962962962962 0.12160879629629626
4 0.5113657407407407 0.4411168981481482 0.050138888888889 0.10910879629629626
0 0.5619212962962963 0.4490104166666667 0.04222222222222225 0.08079861111111111
2 0.613443287037037 0.4600057870370371 0.0451620370370371 0.0777662037037036
5 0.6594502314814814 0.4703819444444444 0.04929398148148145 0.0685300925925926
3 0.30638888888888893 0.3102314814814815 0.03311342592592599 0.05869212962962962
3 0.35613425925925923 0.35728009259259264 0.031921296296296295 0.06489583333333329
3 0.40650462962962963 0.3620486111111111 0.030081018518518476 0.06016203703703704
3 0.5496643518518518 0.3742418981481482 0.03936342592592599 0.05887731481481477
3 0.5952083333333333 0.3768055555555555 0.035682870370370344 0.049409722222222195
3 0.6271296296296296 0.33438078703703705 0.03780092592592599 0.05883101851851853
10 0.5752256944444445 0.29052662037037036 0.03311342592592599 0.05869212962962962
10 0.49244212962962963 0.25384837962962964 0.032928240740740834 0.05556712962962962
10 0.4460706018518518 0.2505266203703704 0.030358796296296297 0.06484953703703704
10 0.4032349537037037 0.24083912037037036 0.029988425925925988 0.05859953703703704
10 0.35605324074074074 0.2766724537037037 0.03302083333333332 0.05712962962962962
10 0.30966435185185187 0.23343750000000002 0.029895833333333323 0.05703703703703704
12 0.3205266203703704 0.1658101851851852 0.027233796296296298 0.06475694444444446
9 0.36450810185185184 0.1684201388888889 0.036979166666666695 0.0712847222222222
9 0.5694386574074074 0.1928703703703704 0.04148148148148145 0.0682986111111111
12 0.6127314814814815 0.19706597222222222 0.03486111111111114 0.061863425925925905
7 0.5291782407407407 0.18701967592592594 0.037534722222222074 0.0806597222222222
7 0.4067881944444444 0.1687326388888889 0.03284722222222225 0.08052083333333333
11 0.44644675925925925 0.16442708333333333 0.03726851851851851 0.10248842592592591
8 0.48693287037037036 0.16087962962962962 0.04104166666666664 0.11351851851851853