10 0.50234375 0.3234375 0.0234375 0.04765625
10 0.50859375 0.35 0.0265625 0.0484375
10 0.50703125 0.38828125 0.02421875 0.05234375
10 0.51171875 0.42578125 0.0265625 0.0484375
3 0.71171875 0.303125 0.0296875 0.0546875
3 0.71953125 0.33671875 0.0265625 0.06015625
3 0.7359375 0.36953125 0.03046875 0.05859375
3 0.746875 0.40859375 0.02890625 0.06171875
12 0.4671875 0.31796875 0.03203125 0.04921875
9 0.46484375 0.340625 0.02578125 0.046875
11 0.46875 0.40625 0.03984375 0.090625
8 0.46171875 0.44453125 0.03671875 0.10546875
7 0.465625 0.5078125 0.0328125 0.0765625
3 0.75546875 0.45 0.03359375 0.06484375
3 0.7734375 0.49375 0.03046875 0.05703125
3 0.7859375 0.5421875 0.0375 0.06953125
5 0.75390625 0.29375 0.0359375 0.06328125
2 0.77109375 0.32578125 0.0390625 0.071875
0 0.78125 0.35234375 0.03671875 0.0828125
1 0.8 0.3703125 0.05078125 0.1203125
4 0.81484375 0.42578125 0.053125 0.11328125
0 0.82578125 0.47734375 0.0453125 0.08515625
2 0.846875 0.534375 0.04765625 0.08046875
5 0.86640625 0.58984375 0.04453125 0.07421875
9 0.4640625 0.56171875 0.03515625 0.071875
7 0.46171875 0.35625 0.01953125 0.01640625
12 0.45703125 0.63203125 0.03515625 0.071875
3 0.80234375 0.59609375 0.04140625 0.0703125
10 0.52109375 0.62109375 0.034375 0.06484375
10 0.5140625 0.56484375 0.03203125 0.05703125
10 0.5109375 0.51796875 0.03515625 0.05703125
10 0.5125 0.46875 0.03359375 0.05234375