5 0.6927835648148148 0.7063020833333333 0.07989583333333332 0.059652777777777645
5 0.6981423611111112 0.24156249999999999 0.07383101851851848 0.0625
2 0.6994155092592592 0.6331597222222223 0.0718055555555555 0.0546180555555555
2 0.6900347222222222 0.30302083333333335 0.08302083333333332 0.059791666666666646
0 0.6963078703703703 0.5675000000000001 0.08136574074074066 0.05815972222222214
0 0.6948900462962964 0.3717361111111111 0.07346064814814816 0.05625
1 0.6939062500000001 0.4344444444444445 0.0874305555555555 0.05531250000000014
4 0.6909953703703704 0.5042881944444444 0.07677083333333332 0.059513888888889
3 0.6166261574074074 0.6901041666666666 0.07005787037037034 0.051423611111111
3 0.6052025462962962 0.6295138888888889 0.06775462962962955 0.0388541666666665
3 0.6032407407407406 0.5567534722222222 0.06840277777777785 0.0497916666666665
3 0.6053298611111111 0.4994791666666667 0.06756944444444439 0.03572916666666668
3 0.6034201388888889 0.4408159722222223 0.06031249999999986 0.044756944444444356
3 0.6088599537037037 0.37399305555555556 0.055532407407407544 0.04298611111111113
3 0.600925925925926 0.3061979166666666 0.07924768518518518 0.04871527777777782
3 0.606232638888889 0.2503472222222222 0.07290509259259252 0.046875
10 0.2521875 0.26373263888888887 0.06619212962962964 0.03878472222222218
10 0.24537037037037038 0.33375000000000005 0.05819444444444448 0.03531250000000004
10 0.2508622685185185 0.3867708333333333 0.06756944444444439 0.03572916666666668
10 0.24863425925925925 0.4417013888888889 0.07050925925925924 0.0327430555555555
10 0.24796875 0.4965624999999999 0.06453703703703706 0.037152777777777854
10 0.24376736111111114 0.5578472222222223 0.06885416666666666 0.031111111111111
10 0.24618055555555554 0.6117881944444445 0.06453703703703706 0.037152777777777854
10 0.24000000000000005 0.6661111111111111 0.06656250000000004 0.04503472222222236
12 0.1743287037037037 0.6682465277777778 0.07906250000000004 0.045590277777777646
12 0.18068287037037037 0.2731770833333333 0.08246527777777776 0.050416666666666644
9 0.1699826388888889 0.608125 0.09440972222222221 0.041597222222222285
9 0.1684375 0.33090277777777777 0.08788194444444444 0.03663194444444447
7 0.16786458333333334 0.38732638888888893 0.10203703703703706 0.03881944444444443
7 0.16752314814814814 0.5534027777777778 0.09671296296296292 0.054166666666666786
8 0.15453703703703703 0.49288194444444444 0.12584490740740742 0.046111111111111214
11 0.1574074074074074 0.43557291666666664 0.11278935185185186 0.03618055555555557