5 0.18173032407407408 0.76640625 0.0692361111111111 0.07020833333333343
5 0.21999421296296298 0.4499479166666667 0.07392361111111115 0.0705208333333335
2 0.21329282407407407 0.5113020833333334 0.07240740740740739 0.07666666666666658
2 0.18666666666666668 0.7325 0.07706018518518513 0.07229166666666664
0 0.19808449074074075 0.5615104166666667 0.09115740740740744 0.07791666666666668
0 0.1900983796296296 0.6908854166666667 0.07401620370370372 0.08302083333333332
4 0.19068865740740742 0.6111979166666667 0.09753472222222222 0.09552083333333332
1 0.17857638888888888 0.6651041666666666 0.1070601851851852 0.11645833333333329
3 0.2550462962962963 0.7779166666666667 0.05509259259259256 0.058333333333333216
3 0.26001736111111107 0.7393229166666667 0.04724537037037031 0.053125
3 0.26578125 0.6991145833333333 0.05350694444444439 0.05510416666666664
3 0.273900462962963 0.6571875 0.058194444444444396 0.05541666666666671
3 0.2828125 0.6136458333333333 0.0645023148148148 0.06364583333333336
3 0.2823611111111111 0.5691666666666666 0.06760416666666665 0.06072916666666668
3 0.2967708333333333 0.5213541666666666 0.05196759259259256 0.05812500000000007
3 0.296412037037037 0.464375 0.05660879629629623 0.05218749999999996
10 0.5597858796296296 0.8559895833333332 0.06136574074074073 0.06187499999999986
10 0.5788425925925926 0.8133333333333332 0.05350694444444457 0.05510416666666664
10 0.5963078703703704 0.7746875 0.047233796296296225 0.0515625
10 0.6083333333333334 0.7324999999999999 0.04569444444444457 0.05458333333333343
10 0.6305208333333333 0.6888541666666667 0.048831018518518475 0.05635416666666657
10 0.6535127314814815 0.6420312499999999 0.05350694444444457 0.05510416666666664
10 0.6694965277777778 0.5925520833333333 0.048831018518518475 0.05635416666666657
10 0.6901446759259259 0.5458854166666667 0.06760416666666665 0.06072916666666668
12 0.6268634259259259 0.8663541666666668 0.04732638888888889 0.0640625
12 0.775943287037037 0.55890625 0.06613425925925931 0.07312499999999993
9 0.6465798611111111 0.8400520833333334 0.05988425925925931 0.07270833333333329
9 0.7442824074074074 0.6164583333333333 0.06923611111111114 0.07020833333333343
7 0.6632928240740741 0.7975520833333334 0.04270833333333339 0.07312499999999993
7 0.7173206018518519 0.6721354166666667 0.06302083333333322 0.07447916666666679
11 0.6767361111111111 0.7747916666666667 0.06314814814814831 0.09166666666666679
8 0.6965682870370371 0.7328645833333333 0.07888888888888879 0.10833333333333321