10 0.43956597222222216 0.2836458333333333 0.12844907407407397 0.11906249999999999
10 0.15710648148148149 0.4805208333333334 0.0977314814814815 0.0734375
10 0.9449652777777778 0.5134895833333333 0.0808217592592591 0.07697916666666664
10 0.7100057870370371 0.4530729166666667 0.08072916666666678 0.07541666666666665
10 0.4109490740740741 0.5286979166666667 0.07594907407407411 0.07354166666666657
10 0.6839062499999999 0.5685416666666667 0.07079861111111115 0.06541666666666668
10 0.24727430555555552 0.5858854166666667 0.08376157407407411 0.07406250000000014
7 0.339375 0.6973958333333333 0.09277777777777771 0.09489583333333336
7 0.5082060185185184 0.7669270833333334 0.07696759259259274 0.09072916666666657
12 0.6663599537037037 0.8018750000000001 0.06335648148148146 0.07114583333333328
9 0.605005787037037 0.6930208333333334 0.07503472222222225 0.084375
8 0.9128530092592593 0.8583854166666667 0.07799768518518527 0.134375
11 0.8591435185185186 0.7858854166666667 0.08203703703703695 0.12375000000000007
12 0.8671817129629631 0.6700520833333333 0.07797453703703709 0.08145833333333333