4 0.23683449074074076 0.33119791666666665 0.12390046296296298 0.06100694444444441
10 0.19019097222222223 0.6929224537037036 0.0625 0.045347222222222074
11 0.32986111111111105 0.7375925925925926 0.11892361111111108 0.09505787037037035
7 0.27855902777777775 0.7419502314814815 0.059664351851851906 0.05299768518518526
9 0.23721064814814818 0.7413657407407408 0.06614583333333339 0.05957175925925924
12 0.20060763888888888 0.7425868055555556 0.07390046296296297 0.058414351851851974
12 0.623292824074074 0.7231770833333333 0.08339120370370381 0.06202546296296294
9 0.53515625 0.722505787037037 0.08709490740740744 0.07781249999999992
7 0.4658854166666667 0.725931712962963 0.08373842592592595 0.07140046296296294
8 0.38666087962962964 0.7342997685185185 0.1208333333333333 0.10451388888888893
10 0.5783564814814814 0.6467708333333333 0.06741898148148148 0.05184027777777782
10 0.5148726851851851 0.6590740740740741 0.06597222222222214 0.05488425925925924
10 0.45578703703703705 0.6638078703703704 0.06608796296296297 0.05800925925925924
10 0.39667245370370374 0.6677604166666666 0.07071759259259255 0.05668981481481481
10 0.3360243055555555 0.6724131944444445 0.06753472222222215 0.05496527777777782
10 0.285619212962963 0.6799363425925926 0.06284722222222223 0.05472222222222225
10 0.23113425925925926 0.6825694444444445 0.05486111111111107 0.04962962962962969
3 0.4408564814814815 0.34489583333333335 0.06556712962962959 0.04394675925925924
3 0.3837673611111111 0.3614293981481481 0.06880787037037042 0.047233796296296315
3 0.33446180555555555 0.37758680555555557 0.059259259259259345 0.04206018518518517
3 0.2828125 0.3936226851851852 0.06388888888888893 0.040740740740740834
3 0.23321759259259256 0.40196759259259257 0.0668981481481481 0.03777777777777782
3 0.1884837962962963 0.41524305555555563 0.06846064814814815 0.037858796296296404
3 0.14701967592592594 0.43258680555555556 0.06701388888888889 0.04090277777777782
3 0.10610532407407407 0.44372106481481477 0.06533564814814814 0.037696759259259235
5 0.0841435185185185 0.3981365740740741 0.07476851851851851 0.03974537037037038
5 0.41276041666666663 0.2810590277777778 0.09097222222222215 0.0561805555555555
2 0.12092013888888889 0.3805497685185185 0.08587962962962963 0.04500000000000002
2 0.3596643518518518 0.3001388888888889 0.0940393518518519 0.054780092592592665
0 0.15306712962962962 0.3642824074074074 0.09369212962962963 0.04540509259259258
0 0.305150462962963 0.3230439814814815 0.0955439814814815 0.053298611111111074
1 0.17887731481481478 0.3453472222222222 0.13327546296296297 0.06149305555555555