5 0.78359375 0.5368287037037037 0.1578125 0.10546296296296305
0 0.7890625 0.6179976851851852 0.1265625 0.11437500000000007
5 0.30078125 0.6510127314814815 0.1140625 0.12356481481481474
2 0.7765625 0.45802662037037034 0.159375 0.12892361111111122
2 0.48046875 0.5569444444444445 0.15 0.12097222222222222
3 0.5296875 0.6359027777777777 0.1125 0.09072916666666657
3 0.12578125 0.5965740740740741 0.121875 0.11586805555555557
3 0.346875 0.49798611111111113 0.14375 0.10837962962962955
3 0.57578125 0.3891261574074074 0.1734375 0.13225694444444444
3 0.96640625 0.5216203703703703 0.0671875 0.08849537037037045
4 0.86328125 0.3028356481481481 0.2171875 0.2032175925925926
1 0.23984375 0.3394155092592593 0.228125 0.24400462962962965