10 0.3299652777777778 0.7711979166666667 0.056944444444444464 0.04937500000000004
10 0.3711168981481482 0.7558506944444444 0.052164351851851795 0.042916666666666714
10 0.40912037037037036 0.7388020833333334 0.053749999999999964 0.04454861111111121
11 0.5263888888888889 0.7494791666666667 0.09649305555555543 0.0839236111111111
8 0.4760821759259259 0.7792534722222223 0.11071759259259259 0.09548611111111108
7 0.4426157407407407 0.7863541666666667 0.07760416666666661 0.07371527777777782
7 0.5892650462962964 0.7249479166666667 0.07760416666666678 0.07371527777777764
9 0.40851851851851856 0.8035763888888889 0.05873842592592595 0.06506944444444436
12 0.36432291666666666 0.8242534722222222 0.06638888888888887 0.0544791666666665
4 0.13245949074074073 0.4563715277777778 0.12881944444444446 0.052569444444444356
0 0.12593749999999998 0.4904340277777778 0.1053125 0.04684027777777775
2 0.09742476851851853 0.5157118055555555 0.08334490740740741 0.03961805555555564
5 0.0735648148148148 0.5388541666666666 0.06769675925925926 0.037361111111111
5 0.31125578703703705 0.29880208333333336 0.09756944444444446 0.051180555555555604
2 0.2549189814814815 0.3431423611111111 0.0943518518518518 0.044791666666666695
0 0.2250289351851852 0.3808506944444444 0.10377314814814813 0.04833333333333334
1 0.16086805555555556 0.42406249999999995 0.1446064814814815 0.064201388888889
3 0.3690277777777778 0.3513368055555556 0.07084490740740738 0.0390625
3 0.3258912037037037 0.39079861111111114 0.06939814814814813 0.046805555555555586
3 0.27649305555555553 0.42920138888888887 0.06459490740740739 0.03878472222222236
3 0.24494791666666665 0.4605902777777778 0.06771990740740748 0.03892361111111118
3 0.21184027777777778 0.4919097222222222 0.06447916666666664 0.030972222222222356
3 0.1818460648148148 0.5225868055555555 0.07392361111111115 0.036076388888889
3 0.15180555555555558 0.550138888888889 0.06604166666666664 0.03104166666666668
3 0.12639467592592593 0.5739930555555556 0.0692361111111111 0.0358680555555555
12 0.71640625 0.664236111111111 0.07741898148148145 0.061215277777777646
9 0.6497627314814814 0.69796875 0.07907407407407412 0.06753472222222215
10 0.6570601851851852 0.6108506944444445 0.05701388888888879 0.054062500000000034
10 0.6027430555555556 0.6334201388888889 0.06002314814814831 0.046388888888888855
10 0.5493460648148148 0.6653993055555556 0.058553240740740795 0.052569444444444356
10 0.49424768518518525 0.6879340277777778 0.06471064814814831 0.04659722222222218
10 0.44697337962962963 0.7115972222222222 0.06314814814814813 0.046527777777777855