10 0.4403356481481481 0.3905381944444445 0.11238425925925917 0.12652777777777774
10 0.3148726851851852 0.6694560185185185 0.08206018518518521 0.09642361111111111
10 0.2746238425925926 0.46316550925925926 0.07621527777777777 0.0807291666666666
10 0.23431712962962964 0.6166435185185185 0.0796875 0.08546296296296294
10 0.3198784722222222 0.19009837962962964 0.0885416666666666 0.09964120370370373
10 0.23917824074074073 0.2342650462962963 0.08790509259259256 0.11211805555555551
7 0.15002893518518517 0.5614293981481481 0.10920138888888889 0.10462962962962977
7 0.0923611111111111 0.4213599537037037 0.10046296296296295 0.09201388888888892
9 0.1491898148148148 0.32991319444444445 0.09398148148148149 0.08879629629629626
12 0.06362847222222222 0.2918865740740741 0.09253472222222221 0.0903356481481481
12 0.16148726851851852 0.08998842592592593 0.0971643518518519 0.11069444444444443
11 0.06527777777777778 0.11124421296296297 0.1300925925925926 0.11274305555555557
8 0.04192708333333333 0.08891782407407407 0.08385416666666666 0.12158564814814814