1 0.3361111111111111 0.37109375 0.09090277777777782 0.08239583333333336
0 0.29574652777777777 0.38015625 0.05385416666666672 0.05499999999999998
2 0.2609548611111111 0.3872395833333333 0.06628472222222222 0.05427083333333336
5 0.21519097222222222 0.39437500000000003 0.05378472222222221 0.053437499999999985
12 0.7512326388888889 0.6745833333333333 0.06236111111111118 0.07114583333333328
12 0.38355902777777773 0.6610416666666666 0.04440972222222221 0.05281249999999993
9 0.4247916666666667 0.6677083333333333 0.054062500000000034 0.059687500000000074
9 0.6755208333333333 0.66796875 0.04979166666666668 0.06875
7 0.47027777777777774 0.6668229166666666 0.051006944444444355 0.06104166666666657
7 0.6222222222222222 0.6683333333333333 0.051145833333333356 0.06416666666666657
11 0.509982638888889 0.6726041666666667 0.0672569444444445 0.07614583333333336
8 0.5583506944444444 0.6773958333333333 0.06333333333333328 0.09302083333333329
10 0.33956597222222223 0.5930729166666666 0.03930555555555557 0.04312500000000004
10 0.3609375 0.55296875 0.05670138888888889 0.048958333333333215
10 0.43675347222222227 0.5925 0.03802083333333321 0.049270833333333285
10 0.44729166666666664 0.5140625 0.045486111111111074 0.04197916666666668
10 0.4748090277777777 0.5825 0.04569444444444457 0.046666666666666676
10 0.5341840277777777 0.5864583333333333 0.03923611111111107 0.04156250000000004
10 0.6151041666666666 0.5464062500000001 0.04746527777777772 0.051458333333333425
10 0.6894618055555556 0.5482291666666667 0.04760416666666671 0.05458333333333343
3 0.2991493055555555 0.5151562500000001 0.053576388888888896 0.04875000000000007
3 0.31909722222222225 0.4718229166666667 0.05079861111111113 0.05635416666666657
3 0.36723958333333334 0.4640625 0.048958333333333305 0.05
3 0.41833333333333333 0.4604166666666667 0.051875000000000074 0.04552083333333332
3 0.46796875 0.45432291666666663 0.04569444444444439 0.046666666666666676
3 0.5207638888888889 0.44765625 0.052013888888888894 0.04864583333333332
3 0.5805902777777778 0.4414583333333333 0.061388888888888896 0.049270833333333285
3 0.6567708333333334 0.49041666666666667 0.041145833333333215 0.04947916666666678
5 0.5881770833333333 0.3236458333333333 0.06357638888888886 0.06343750000000004
2 0.5270138888888889 0.34229166666666666 0.05697916666666671 0.055208333333333394
0 0.4691840277777778 0.3564583333333333 0.07003472222222218 0.06854166666666668
4 0.40392361111111114 0.36151041666666667 0.08878472222222218 0.06979166666666661