8 0.32925347222222223 0.11477430555555557 0.14553240740740742 0.16666666666666666
10 0.5448784722222222 0.7461284722222222 0.1644560185185185 0.11994212962962969
10 0.9280324074074073 0.6229513888888889 0.14115740740740748 0.12445601851851862
10 0.6896585648148148 0.516099537037037 0.12028935185185183 0.10555555555555554
10 0.8797974537037037 0.49828124999999995 0.09184027777777785 0.09440972222222221
10 0.3485763888888889 0.5295659722222222 0.12677083333333333 0.11341435185185186
10 0.14372685185185183 0.4201215277777777 0.13738425925925926 0.10255787037037045
10 0.4338252314814815 0.42656828703703703 0.12332175925925917 0.1024537037037037
9 0.5636979166666667 0.32636574074074076 0.10002314814814817 0.10696759259259263
7 0.8244386574074074 0.37053819444444447 0.10815972222222214 0.11796296296296305
7 0.6863425925925926 0.27232060185185186 0.09708333333333333 0.11319444444444446
12 0.54921875 0.20691550925925925 0.10604166666666667 0.09920138888888888
12 0.28855324074074074 0.2971469907407408 0.11721064814814816 0.10709490740740737
9 0.11367476851851852 0.11793402777777777 0.11532407407407405 0.09614583333333333
11 0.34225115740740747 0.18422453703703706 0.12163194444444443 0.15086805555555555