3 0.1359375 0.3859375 0.0453125 0.0359375
3 0.18828125 0.41015625 0.03984375 0.03125
3 0.23359375 0.43359375 0.0421875 0.03515625
3 0.2890625 0.4578125 0.034375 0.03671875
3 0.33828125 0.4828125 0.0328125 0.03515625
3 0.39453125 0.5125 0.0359375 0.03203125
3 0.453125 0.53515625 0.03828125 0.03515625
3 0.50703125 0.5625 0.034375 0.0375
5 0.47578125 0.60078125 0.04296875 0.0453125
5 0.08125 0.41953125 0.05 0.046875
2 0.128125 0.43671875 0.06015625 0.04609375
2 0.4046875 0.575 0.034375 0.0421875
0 0.35859375 0.54609375 0.04296875 0.04296875
0 0.18828125 0.46015625 0.04765625 0.04609375
4 0.2359375 0.48515625 0.0484375 0.0625
1 0.29765625 0.5140625 0.05234375 0.06796875
10 0.6703125 0.3859375 0.03828125 0.04140625
10 0.62421875 0.37109375 0.03203125 0.03828125
10 0.571875 0.34609375 0.0359375 0.03671875
10 0.5171875 0.325 0.03359375 0.0359375
10 0.4671875 0.30234375 0.02890625 0.03984375
10 0.42109375 0.2765625 0.025 0.03515625
10 0.3734375 0.25703125 0.025 0.03828125
10 0.3265625 0.23984375 0.03359375 0.03515625
12 0.353125 0.20234375 0.03203125 0.04296875
12 0.703125 0.3578125 0.04296875 0.04375
9 0.65234375 0.3328125 0.04140625 0.04765625
9 0.40546875 0.22734375 0.034375 0.05078125
7 0.4515625 0.24609375 0.03203125 0.04921875
7 0.6015625 0.309375 0.0421875 0.05234375
8 0.5046875 0.2546875 0.04140625 0.07578125
11 0.55390625 0.28203125 0.04375 0.06640625