5 0.16164351851851852 0.3527430555555556 0.0676273148148148 0.07207175925925924
2 0.19318287037037035 0.402025462962963 0.07436342592592596 0.08177083333333339
0 0.22360532407407407 0.4599826388888889 0.07428240740740746 0.08020833333333321
4 0.24765625 0.5159201388888889 0.09384259259259257 0.0968055555555555
5 0.37442129629629634 0.8305208333333333 0.09122685185185189 0.0764120370370371
2 0.3314814814814815 0.742662037037037 0.08818287037037038 0.07781249999999992
0 0.3066203703703704 0.671099537037037 0.0834143518518518 0.07600694444444436
1 0.2764236111111111 0.5872800925925926 0.10362268518518522 0.10510416666666664
3 0.6296527777777777 0.7522685185185185 0.08071759259259252 0.054050925925925954
3 0.5063425925925926 0.7006944444444445 0.07964120370370367 0.06334490740740736
3 0.4721064814814815 0.6296180555555555 0.07446759259259253 0.05372685185185198
3 0.4365914351851852 0.5640914351851852 0.0714236111111111 0.05512731481481481
3 0.4132002314814815 0.505769675925926 0.06878472222222225 0.06434027777777765
3 0.38532407407407404 0.45159722222222226 0.062291666666666676 0.05932870370370367
3 0.3599131944444444 0.3996469907407407 0.05571759259259253 0.05275462962962969
3 0.4184606481481482 0.3503935185185185 0.05604166666666668 0.0590046296296296
10 0.5320775462962963 0.5473900462962963 0.06837962962962969 0.05652777777777764
10 0.667667824074074 0.6696122685185186 0.07462962962962968 0.05685185185185197
10 0.783744212962963 0.717644675925926 0.07915509259259271 0.05396990740740737
10 0.7113541666666666 0.5905787037037037 0.06961805555555553 0.0503587962962964
10 0.6609027777777777 0.5391435185185186 0.06509259259259252 0.05324074074074083
10 0.628755787037037 0.478142361111111 0.06525462962962969 0.056365740740740834
10 0.5203935185185186 0.3975925925925926 0.0668981481481481 0.05800925925925924
10 0.4992650462962963 0.33758680555555554 0.07166666666666668 0.05981481481481481
12 0.665925925925926 0.31876157407407407 0.06870370370370367 0.06277777777777782
9 0.691875 0.3659837962962963 0.07495370370370366 0.0631018518518518
7 0.7262557870370371 0.4096354166666666 0.08144675925925923 0.06811342592592595
8 0.7814467592592592 0.446724537037037 0.12657407407407426 0.0969444444444445
11 0.8086631944444445 0.50328125 0.11646990740740719 0.08239583333333336
7 0.8320138888888888 0.5608217592592593 0.09666666666666686 0.061111111111111074
9 0.8700462962962963 0.6144675925925925 0.09074074074074083 0.06703703703703709
12 0.9047395833333333 0.6792534722222221 0.09206018518518491 0.0624305555555555