10 0.44366319444444446 0.7569444444444444 0.03774305555555557 0.040891203703703735
10 0.44711805555555556 0.7116724537037037 0.05003472222222225 0.0362962962962964
10 0.4430208333333333 0.6546296296296296 0.04677083333333343 0.03314814814814824
10 0.44612847222222224 0.6015451388888889 0.050104166666666575 0.037858796296296404
10 0.43921875000000005 0.5515104166666667 0.05281249999999993 0.02850694444444457
10 0.4337673611111111 0.49914351851851857 0.03746527777777793 0.034641203703703737
10 0.43239583333333337 0.4507118055555555 0.04201388888888893 0.03155092592592581
10 0.4341840277777778 0.4030844907407407 0.04215277777777775 0.034675925925925985
12 0.3799479166666667 0.7642824074074074 0.04107638888888889 0.04560185185185191
12 0.3593402777777778 0.3884722222222222 0.05812500000000007 0.042604166666666644
9 0.37840277777777775 0.7119444444444445 0.04569444444444448 0.044074074074074154
9 0.3714236111111111 0.4494791666666666 0.05180555555555557 0.04099537037037031
7 0.3776041666666667 0.6588310185185184 0.04684027777777775 0.03471064814814824
7 0.37368055555555557 0.5002604166666667 0.05138888888888893 0.03162037037037031
11 0.37527777777777777 0.6064872685185185 0.05506944444444448 0.04414351851851848
8 0.3707465277777778 0.5572511574074074 0.05145833333333334 0.03318287037037031
3 0.7623958333333334 0.7413425925925926 0.05458333333333325 0.033206018518518475
3 0.7627256944444445 0.6960474537037037 0.04996527777777775 0.0347337962962964
3 0.7621006944444444 0.6468402777777778 0.04812499999999993 0.028472222222222142
3 0.7614756944444444 0.5976331018518518 0.047986111111111104 0.025347222222222143
3 0.7555208333333333 0.5515104166666667 0.057222222222222285 0.022291666666666644
3 0.7542187499999999 0.5046412037037037 0.052881944444444426 0.030069444444444572
3 0.7498958333333333 0.4600925925925926 0.047986111111111104 0.025347222222222143
3 0.7463888888888889 0.41633101851851856 0.048263888888888926 0.031597222222222145
5 0.8258506944444445 0.7457175925925925 0.05493055555555557 0.041018518518518475
5 0.8142534722222223 0.4144907407407407 0.05465277777777757 0.034768518518518476
2 0.8297743055555555 0.6934201388888889 0.06743055555555558 0.04111111111111114
2 0.81765625 0.4559085648148148 0.07368055555555557 0.041157407407407476
0 0.8278645833333333 0.6504513888888889 0.06850694444444443 0.030185185185185225
0 0.8143055555555556 0.5035243055555556 0.06729166666666657 0.037986111111111144
1 0.8391666666666666 0.6060185185185185 0.09256944444444457 0.0444212962962963
4 0.8297743055555555 0.5528414351851852 0.08284722222222243 0.036539351851851976