5 0.40836226851851853 0.31557291666666665 0.07690972222222232 0.05656249999999998
2 0.4018518518518519 0.37124999999999997 0.07667824074074084 0.05031249999999998
0 0.39959490740740744 0.41552083333333334 0.08726851851851851 0.04166666666666661
1 0.3788194444444445 0.4647916666666667 0.1234375 0.05031250000000007
4 0.38165509259259256 0.5203125 0.1109375 0.04947916666666661
0 0.4023148148148148 0.573125 0.08570601851851851 0.04156250000000004
2 0.40054976851851853 0.6306770833333333 0.07957175925925934 0.04427083333333339
5 0.39840856481481485 0.6780729166666667 0.06996527777777777 0.03739583333333343
3 0.5676215277777777 0.30203125000000003 0.075 0.047083333333333324
3 0.513917824074074 0.36703125000000003 0.0671875 0.04656250000000002
3 0.5151041666666667 0.42010416666666667 0.0671875 0.04656249999999993
3 0.5125289351851852 0.4768229166666666 0.06087962962962958 0.04458333333333329
3 0.5128761574074074 0.52828125 0.06417824074074083 0.04947916666666678
3 0.5164351851851852 0.5822916666666667 0.0622106481481481 0.03843749999999986
3 0.5155092592592593 0.6414583333333332 0.07476851851851851 0.0408333333333335
3 0.5831597222222221 0.7005208333333334 0.060590277777777854 0.03677083333333329
10 0.5897858796296297 0.47963541666666665 0.071875 0.046875
10 0.634056712962963 0.34932291666666665 0.0578125 0.045937499999999964
10 0.7077256944444444 0.27630208333333334 0.06741898148148148 0.05281250000000002
10 0.71953125 0.4056770833333333 0.0674768518518519 0.05437499999999993
10 0.7030381944444445 0.4653645833333334 0.06707175925925916 0.04343749999999993
10 0.7188078703703704 0.5334375 0.0700810185185187 0.04052083333333343
10 0.662962962962963 0.6458333333333334 0.07355324074074084 0.050104166666666575
10 0.6657407407407407 0.7208333333333334 0.0703125 0.04677083333333343
12 0.8613425925925926 0.2577083333333333 0.07910879629629619 0.07385416666666664
9 0.8662037037037038 0.32583333333333336 0.08177083333333357 0.061562499999999964
7 0.8711516203703704 0.3963020833333334 0.08813657407407405 0.0651041666666667
11 0.8587094907407409 0.46015625 0.11626157407407404 0.06697916666666667
8 0.862008101851852 0.5281770833333332 0.11151620370370381 0.06510416666666678
7 0.8750868055555555 0.6077604166666667 0.07795138888888893 0.042604166666666644
9 0.884085648148148 0.6823958333333333 0.09565972222222215 0.0578125
12 0.9067418981481481 0.7680729166666667 0.0815393518518519 0.055312499999999966