12 0.5401909722222222 0.811574074074074 0.0703125 0.07234953703703724
12 0.7754687499999999 0.48293981481481485 0.07489583333333343 0.06780092592592588
9 0.7462152777777777 0.5345543981481481 0.07631944444444443 0.06159722222222221
9 0.5693923611111111 0.7623032407407407 0.06402777777777775 0.0706018518518519
7 0.6008506944444445 0.716869212962963 0.07659722222222207 0.07409722222222222
7 0.7107812499999999 0.5832291666666667 0.0860069444444445 0.07593749999999985
11 0.6823611111111111 0.6324768518518519 0.08784722222222215 0.08848379629629637
8 0.6586631944444445 0.6800231481481481 0.10229166666666671 0.10608796296296301
10 0.3930902777777778 0.7909490740740741 0.051180555555555604 0.054606481481481416
10 0.4184722222222222 0.7378877314814816 0.04180555555555543 0.054328703703703594
10 0.5319965277777777 0.6533275462962963 0.06045138888888886 0.05019675925925924
10 0.45907986111111115 0.5969328703703705 0.054340277777777855 0.05626157407407391
10 0.5652083333333333 0.5992534722222222 0.054305555555555426 0.05469907407407408
10 0.6106597222222222 0.5565277777777778 0.058958333333333356 0.053275462962962906
10 0.5862847222222222 0.4940104166666667 0.062152777777777855 0.056493055555555574
10 0.6816666666666666 0.4529282407407408 0.06364583333333336 0.05341435185185191
3 0.5635416666666666 0.42832175925925925 0.060381944444444356 0.04707175925925924
3 0.4571701388888888 0.47207175925925926 0.06527777777777785 0.05658564814814824
3 0.42010416666666667 0.5239178240740741 0.052743055555555605 0.05465277777777775
3 0.3835243055555556 0.5890219907407408 0.0578125 0.07197916666666657
3 0.35277777777777775 0.6375578703703704 0.04982638888888893 0.06393518518518526
3 0.31585069444444447 0.6831539351851852 0.05291666666666668 0.06246527777777775
3 0.27953124999999995 0.7365393518518518 0.052743055555555605 0.054652777777777925
3 0.32449652777777777 0.785954861111111 0.05145833333333334 0.0671064814814816
5 0.0996875 0.7840277777777779 0.06079861111111114 0.06582175925925923
5 0.37732638888888886 0.37606481481481485 0.0608680555555555 0.06894675925925924
2 0.13517361111111112 0.7330092592592592 0.06413194444444441 0.0752893518518519
2 0.3258506944444445 0.4439525462962964 0.07354166666666666 0.07712962962962955
0 0.29336805555555556 0.5003472222222223 0.0642013888888889 0.0784143518518519
0 0.17687499999999998 0.6833680555555556 0.05472222222222225 0.07344907407407408
4 0.21166666666666667 0.6284664351851852 0.0770138888888889 0.09284722222222222
1 0.2520833333333333 0.5663715277777778 0.08027777777777771 0.09918981481481488