1 0.69828125 0.34840277777777773 0.09651620370370359 0.08548611111111111
0 0.7378125000000001 0.3677256944444444 0.05549768518518512 0.05711805555555553
2 0.7703703703703704 0.3834548611111111 0.06797453703703696 0.05611111111111118
5 0.8138078703703704 0.4026041666666667 0.055474537037036954 0.05555555555555554
12 0.19075810185185185 0.5622395833333333 0.06356481481481482 0.07465277777777786
12 0.5682754629629629 0.6391493055555555 0.04453703703703695 0.055069444444444574
9 0.5238368055555556 0.6348784722222222 0.05556712962962962 0.06180555555555571
9 0.2694328703703704 0.5743576388888889 0.05104166666666661 0.07253472222222221
7 0.478744212962963 0.6220486111111111 0.054027777777777786 0.06329861111111121
7 0.3231076388888889 0.5875868055555555 0.05094907407407412 0.06628472222222222
11 0.43661458333333336 0.6200173611111112 0.06832175925925928 0.079548611111111
8 0.38676504629629627 0.6120833333333333 0.06545138888888884 0.09659722222222236
10 0.6331828703703704 0.5792708333333334 0.04283564814814813 0.04562500000000007
10 0.622181712962963 0.5313541666666668 0.058530092592592634 0.051006944444444355
10 0.5336226851851851 0.5540277777777778 0.03824074074074062 0.05166666666666657
10 0.5450289351851852 0.4692013888888889 0.04747685185185198 0.04270833333333339
10 0.4972164351851852 0.5345659722222222 0.04603009259259263 0.05045138888888889
10 0.43647569444444445 0.5239930555555555 0.0412268518518518 0.04243055555555557
10 0.36476851851851855 0.46315972222222224 0.04920138888888896 0.053715277777777716
10 0.28850694444444447 0.44625000000000004 0.04922453703703704 0.05527777777777772
3 0.695150462962963 0.50703125 0.05540509259259245 0.050868055555555534
3 0.6872974537037038 0.4574131944444444 0.05239583333333329 0.058541666666666714
3 0.6407581018518519 0.4368402777777778 0.04915509259259263 0.05059027777777771
3 0.5902314814814815 0.4219097222222222 0.055358796296296295 0.04774305555555554
3 0.5405439814814815 0.40303819444444444 0.04603009259259263 0.05045138888888889
3 0.48931712962962964 0.3826736111111111 0.05228009259259263 0.050729166666666714
3 0.4294965277777778 0.3626909722222222 0.06475694444444446 0.04972222222222218
3 0.3384548611111111 0.39484375 0.04292824074074071 0.051875000000000074
5 0.45554398148148145 0.23817708333333334 0.06655092592592596 0.06541666666666668
2 0.51203125 0.2723611111111111 0.05862268518518512 0.057256944444444444
0 0.5670486111111112 0.3003645833333334 0.07289351851851862 0.0719444444444445
4 0.6323148148148148 0.32166666666666666 0.09320601851851862 0.07284722222222229