4 0.5099421296296296 0.13998842592592592 0.06444444444444439 0.13171296296296298
10 0.12560185185185185 0.2506597222222222 0.04787037037037036 0.06753472222222223
11 0.15444444444444444 0.40436921296296297 0.10031250000000003 0.12729166666666672
7 0.12247685185185184 0.35616319444444444 0.055636574074074074 0.06446759259259256
9 0.10157407407407408 0.31646990740740744 0.061979166666666696 0.07076388888888889
12 0.08152199074074075 0.2814583333333333 0.06209490740740742 0.07857638888888889
12 0.32178819444444445 0.6773784722222222 0.06694444444444443 0.08954861111111115
9 0.27678819444444447 0.5933275462962962 0.07949074074074076 0.09276620370370381
7 0.2367650462962963 0.5287731481481481 0.07631944444444443 0.08961805555555565
8 0.18646990740740738 0.4564814814814815 0.10971064814814815 0.12892361111111103
10 0.3745717592592593 0.6011979166666667 0.055752314814814775 0.07228009259259256
10 0.3284490740740741 0.5468460648148148 0.05885416666666661 0.07074074074074073
10 0.2932638888888889 0.4924131944444444 0.062002314814814774 0.0723263888888889
10 0.25806712962962963 0.4371990740740741 0.05890046296296294 0.07386574074074073
10 0.22130787037037036 0.38199652777777776 0.0572916666666667 0.07072916666666665
10 0.18859375 0.3361400462962963 0.055636574074074074 0.06446759259259256
10 0.15737268518518518 0.2855844907407407 0.052418981481481455 0.058194444444444396
3 0.6027835648148148 0.3416666666666667 0.04633101851851844 0.06908564814814815
3 0.5567534722222222 0.29356481481481483 0.04950231481481495 0.07223379629629623
3 0.5131828703703704 0.2532581018518519 0.04469907407407412 0.06438657407407407
3 0.4719212962962963 0.21059027777777778 0.043206018518518616 0.06906249999999999
3 0.4361168981481482 0.16710069444444445 0.03695601851851862 0.06901620370370369
3 0.40040509259259255 0.12986111111111112 0.04012731481481495 0.07216435185185185
3 0.3616493055555555 0.09811342592592592 0.04327546296296294 0.07375000000000001
3 0.3283159722222222 0.06320023148148149 0.04010416666666661 0.07060185185185186
5 0.3662384259259259 0.038697916666666665 0.035092592592592634 0.048692129629629634
5 0.6519849537037038 0.2873900462962963 0.05768518518518526 0.09729166666666664
2 0.40004050925925927 0.05251157407407407 0.048240740740740765 0.09253472222222223
2 0.6044733796296297 0.24476851851851852 0.05773148148148142 0.10041666666666664
0 0.43239583333333337 0.07414930555555556 0.0483564814814816 0.10034722222222221
0 0.5530555555555555 0.20217592592592593 0.05619212962962976 0.10196759259259255
1 0.465462962962963 0.09109375 0.06304398148148138 0.1426388888888889