8 0.893431712962963 0.9414496527777778 0.15416666666666679 0.11710069444444429
10 0.5838831018518519 0.45913773148148146 0.1418981481481481 0.12587962962962962
10 0.9867476851851851 0.6420428240740741 0.02650462962962976 0.08524305555555571
10 0.2302372685185185 0.6794039351851853 0.09386574074074075 0.0921990740740739
10 0.47670717592592593 0.7023206018518519 0.08599537037037024 0.09023148148148152
10 0.806886574074074 0.6063773148148148 0.09699074074074084 0.09236111111111107
7 0.5215856481481482 0.924537037037037 0.08194444444444446 0.10717592592592595
10 0.7446759259259259 0.7162152777777777 0.08576388888888893 0.08398148148148152
7 0.36776620370370366 0.8767939814814815 0.09160879629629629 0.1154745370370371
10 0.28990162037037037 0.7745081018518519 0.08119212962962967 0.08686342592592596
9 0.6300925925925925 0.843611111111111 0.09600694444444428 0.10790509259259266
12 0.8979456018518519 0.7912210648148148 0.1368055555555557 0.11469907407407405
12 0.6632233796296296 0.938119212962963 0.09224537037037024 0.0905555555555555
11 0.86484375 0.9080266203703704 0.16168981481481487 0.1549768518518519