3 0.3281597222222222 0.7911226851851852 0.06333333333333328 0.040740740740740834
3 0.34562499999999996 0.7342824074074075 0.06958333333333329 0.04106481481481481
3 0.3748611111111111 0.6803935185185186 0.056909722222222216 0.03260416666666668
3 0.39826388888888886 0.5746990740740741 0.07124999999999995 0.04583333333333321
3 0.4190625 0.5273958333333333 0.06503472222222229 0.04707175925925924
5 0.5092013888888889 0.43998842592592596 0.0810416666666665 0.06506944444444436
5 0.3802256944444445 0.8164525462962964 0.08250000000000002 0.06046296296296276
2 0.4843576388888889 0.4808391203703704 0.07451388888888885 0.05224537037037038
2 0.4022222222222222 0.752824074074074 0.09052083333333343 0.0702430555555555
0 0.4652604166666666 0.5344733796296296 0.09187499999999993 0.060949074074074086
0 0.41585069444444445 0.6989062500000001 0.09197916666666668 0.06563657407407408
4 0.4405555555555556 0.5815740740740741 0.11090277777777775 0.0744212962962962
1 0.416875 0.6396527777777778 0.13128472222222226 0.07859953703703706
3 0.4482638888888889 0.4368287037037037 0.06187499999999986 0.04534722222222225
3 0.4383680555555555 0.48313657407407407 0.05236111111111121 0.03861111111111111
12 0.18805555555555556 0.38587962962962963 0.058645833333333376 0.04049768518518517
12 0.07293402777777777 0.6834664351851852 0.06798611111111112 0.039421296296296406
9 0.17350694444444445 0.4335069444444445 0.07288194444444444 0.04903935185185197
9 0.08746527777777778 0.6350578703703704 0.07447916666666668 0.05068287037037038
7 0.1524652777777778 0.4698726851851852 0.08062500000000003 0.04631944444444436
7 0.10057291666666668 0.5928182870370371 0.08062500000000003 0.04631944444444436
8 0.11425347222222222 0.5061284722222222 0.12326388888888888 0.0688194444444445
11 0.10979166666666666 0.5511574074074075 0.11211805555555557 0.05887731481481495
10 0.23213541666666665 0.4029918981481481 0.058645833333333286 0.04049768518518526
10 0.215 0.43956018518518525 0.05701388888888888 0.0372916666666665
10 0.20029513888888886 0.48015625 0.06177083333333329 0.04065972222222225
10 0.18329861111111112 0.522974537037037 0.05711805555555558 0.04197916666666668
10 0.16552083333333334 0.5657523148148148 0.06020833333333333 0.040578703703703665
10 0.1501215277777778 0.6102141203703704 0.05854166666666667 0.035810185185185264
10 0.13086805555555556 0.6568171296296297 0.060138888888888874 0.03745370370370367
10 0.11609375 0.6942881944444445 0.055486111111111125 0.0387731481481481