5 0.1893576388888889 0.3693865740740741 0.08680555555555554 0.0578125
2 0.21564236111111112 0.39736689814814813 0.09625000000000003 0.05972222222222223
0 0.24270833333333336 0.425318287037037 0.08680555555555554 0.0578125
1 0.26131944444444444 0.456712962962963 0.13263888888888892 0.10630787037037041
4 0.30743055555555554 0.5082175925925926 0.12760416666666669 0.09832175925925916
0 0.3505902777777778 0.563744212962963 0.10048611111111114 0.08483796296296298
2 0.3988715277777778 0.611255787037037 0.08777777777777782 0.0796875
3 0.26437499999999997 0.3493923611111111 0.06493055555555553 0.05700231481481479
3 0.29222222222222227 0.37731481481481477 0.05875000000000004 0.05833333333333339
3 0.32354166666666667 0.41293402777777777 0.06812500000000003 0.058680555555555534
3 0.3611111111111111 0.44832175925925927 0.06982638888888885 0.061863425925925954
3 0.3980381944444444 0.48686342592592596 0.06989583333333335 0.06342592592592596
12 0.9760069444444444 0.40089699074074076 0.047986111111111285 0.08211805555555554
9 0.912638888888889 0.35668402777777775 0.08045138888888914 0.0903356481481481
7 0.8468402777777777 0.319994212962963 0.06951388888888879 0.08993055555555554
8 0.7858159722222222 0.2674768518518518 0.08517361111111121 0.12638888888888894
11 0.7316493055555556 0.24600694444444446 0.08454861111111107 0.11232638888888893
7 0.6887326388888889 0.23116319444444447 0.05687499999999997 0.08634259259259255
9 0.64390625 0.2085648148148148 0.06270833333333332 0.07719907407407404
12 0.5977604166666667 0.19149305555555557 0.05916666666666668 0.06770833333333334
10 0.9140451388888888 0.4411458333333333 0.07506944444444415 0.07453703703703703
10 0.8504166666666666 0.40046296296296297 0.063784722222222 0.06631944444444446
10 0.7908333333333333 0.3627604166666667 0.05916666666666685 0.0677083333333334
10 0.7282291666666667 0.3275173611111111 0.054201388888888855 0.061284722222222233
10 0.67453125 0.29898726851851853 0.05725694444444436 0.059837962962962975
10 0.6309201388888889 0.2685185185185185 0.05250000000000003 0.058101851851851904
10 0.5899652777777777 0.24499421296296298 0.05236111111111121 0.0549768518518519
10 0.5402777777777777 0.21866319444444443 0.05399305555555554 0.05659722222222223
3 0.5293055555555555 0.6408564814814814 0.08572916666666668 0.06869212962962959
3 0.48678819444444443 0.5821759259259259 0.07322916666666668 0.06822916666666679
3 0.43506944444444445 0.5277488425925926 0.07295138888888886 0.061979166666666786
5 0.4489756944444444 0.6821759259259259 0.090763888888889 0.07667824074074084