3 0.5913483796296296 0.6610127314814814 0.07378472222222214 0.05582175925925927
3 0.5858796296296296 0.5979166666666667 0.06857638888888892 0.04148148148148145
3 0.588744212962963 0.5272800925925927 0.0627893518518519 0.053611111111111144
3 0.5921006944444445 0.4699247685185185 0.07193287037037041 0.04791666666666679
3 0.5889756944444444 0.4066898148148148 0.07199074074074083 0.04947916666666661
3 0.5961516203703704 0.34675925925925927 0.07673611111111107 0.05131944444444443
3 0.5990451388888889 0.2769039351851852 0.06273148148148149 0.05204861111111114
3 0.6054398148148149 0.21701967592592591 0.07517361111111107 0.05122685185185185
5 0.6935474537037037 0.20710069444444446 0.07094907407407405 0.06344907407407403
5 0.6756365740740741 0.6748090277777777 0.06440972222222215 0.05526620370370381
2 0.6753472222222222 0.6035763888888889 0.07563657407407405 0.06372685185185176
2 0.6794270833333333 0.2697916666666667 0.06134259259259274 0.056643518518518475
0 0.6775752314814815 0.536892361111111 0.07193287037037041 0.04791666666666679
0 0.6828125 0.3400578703703704 0.07662037037037042 0.04819444444444443
4 0.6776909722222222 0.4765972222222222 0.09386574074074083 0.05077546296296305
1 0.67578125 0.40389467592592593 0.08807870370370363 0.06290509259259255
10 0.24369212962962966 0.23767361111111113 0.05931712962962958 0.044050925925925896
10 0.2414351851851852 0.3035763888888889 0.07806712962962958 0.04516203703703701
10 0.23402777777777778 0.35725694444444445 0.06545138888888893 0.041296296296296296
10 0.24001736111111108 0.41327546296296297 0.07170138888888893 0.04166666666666661
10 0.23509837962962962 0.4707233796296296 0.07303240740740743 0.035509259259259275
10 0.22705439814814815 0.5283564814814815 0.06701388888888893 0.04138888888888896
10 0.22662037037037036 0.5800578703703703 0.059375 0.04561342592592581
10 0.22251157407407404 0.6382407407407408 0.06255787037037042 0.047361111111111145
12 0.1560185185185185 0.6398321759259259 0.07511574074074075 0.049664351851851765
12 0.17517361111111113 0.2479976851851852 0.08640046296296297 0.059687499999999984
9 0.16168981481481484 0.3067361111111111 0.08582175925925925 0.044062499999999984
9 0.15460069444444444 0.5804108796296297 0.08431712962962963 0.0455324074074074
7 0.15173611111111113 0.5242071759259259 0.08755787037037037 0.04884259259259256
7 0.1605324074074074 0.3600462962962963 0.090625 0.0474652777777778
8 0.137037037037037 0.4655729166666667 0.1346064814814815 0.05630787037037024
11 0.1474537037037037 0.40858217592592594 0.12216435185185186 0.05712962962962962