5 0.3164409722222222 0.159375 0.053182870370370415 0.0546875
2 0.3489583333333333 0.17578125 0.05800925925925924 0.059375
0 0.3903009259259259 0.2 0.06876157407407409 0.053125
4 0.42327546296296303 0.20546875 0.07694444444444457 0.065625
1 0.46684606481481483 0.22578125 0.08650462962962954 0.071875
0 0.5238831018518518 0.25234375 0.0564004629629629 0.0578125
12 0.2313310185185185 0.5828125 0.05593749999999993 0.0421875
7 0.30225115740740743 0.6296875 0.06255787037037042 0.0546875
8 0.32992476851851854 0.6671875 0.0847569444444444 0.065625
12 0.5083969907407407 0.784375 0.053460648148148236 0.0640625
9 0.4574479166666666 0.75234375 0.056493055555555574 0.0609375
7 0.4181712962962963 0.71875 0.05957175925925924 0.059375
7 0.372025462962963 0.690625 0.07855324074074073 0.0671875
9 0.27108796296296295 0.60625 0.05640046296296299 0.0578125
10 0.5204918981481482 0.71796875 0.04831018518518526 0.0484375
10 0.4843865740740741 0.6859375 0.043807870370370414 0.0546875
10 0.4381712962962963 0.65546875 0.043622685185185264 0.0484375
10 0.39664351851851853 0.625 0.0419675925925926 0.0453125
10 0.35679398148148145 0.5984375 0.043483796296296263 0.04375
10 0.319380787037037 0.575 0.040266203703703776 0.040625
10 0.2850694444444445 0.55078125 0.04325231481481477 0.0359375
10 0.2537673611111111 0.52265625 0.04334490740740744 0.0390625
3 0.609525462962963 0.37421875 0.04987268518518526 0.0484375
3 0.5588310185185186 0.35078125 0.04660879629629626 0.04375
3 0.5103414351851852 0.32265625 0.04366898148148159 0.05
3 0.4652314814814815 0.303125 0.04660879629629626 0.04375
3 0.42329282407407404 0.28515625 0.04343749999999993 0.0421875
3 0.3828009259259259 0.26328125 0.04513888888888893 0.046875
3 0.34488425925925925 0.24921875 0.04353009259259259 0.0453125
3 0.3090798611111111 0.22734375 0.04656250000000002 0.0421875
5 0.6276851851851852 0.3015625 0.053275462962962906 0.0578125
2 0.5697048611111111 0.26953125 0.051712962962962905 0.0578125