5 0.23515625 0.43203125 0.13671875 0.07265625
0 0.24296875 0.35703125 0.10625 0.08828125
5 0.69765625 0.4125 0.090625 0.1
2 0.22890625 0.50625 0.134375 0.09609375
2 0.5171875 0.4671875 0.12734375 0.09140625
3 0.48515625 0.3859375 0.09453125 0.06640625
3 0.85078125 0.49375 0.09921875 0.09140625
3 0.63046875 0.5453125 0.12265625 0.078125
3 0.403125 0.60546875 0.1484375 0.09609375
3 0.0453125 0.41328125 0.090625 0.071875
4 0.12421875 0.634375 0.178125 0.1578125
1 0.70390625 0.7109375 0.18046875 0.19765625