10 0.4652025462962963 0.6234895833333333 0.08489583333333339 0.07572916666666671
10 0.5667939814814815 0.6458333333333333 0.08292824074074083 0.06781249999999997
10 0.6566145833333333 0.68140625 0.07996527777777765 0.07072916666666665
10 0.7549768518518519 0.6264583333333333 0.08292824074074083 0.06781249999999997
10 0.8456134259259258 0.7228125000000001 0.08826388888888914 0.08062499999999986
10 0.5703877314814815 0.5199479166666666 0.08950231481481481 0.07447916666666679
10 0.30190972222222223 0.5222916666666666 0.0879398148148148 0.07437500000000004
10 0.18567708333333335 0.5028645833333334 0.10281250000000001 0.09093750000000007
3 0.85546875 0.5825520833333334 0.09090277777777764 0.07145833333333336
3 0.76515625 0.4924479166666666 0.07996527777777782 0.07072916666666665
3 0.6750405092592593 0.46619791666666666 0.09550925925925924 0.07020833333333343
3 0.580318287037037 0.4411979166666667 0.0879398148148148 0.07437500000000004
3 0.4882233796296296 0.4218229166666667 0.0784837962962964 0.07218750000000007
3 0.4004108796296296 0.3949479166666666 0.07996527777777782 0.07072916666666665
3 0.300625 0.3773958333333333 0.0896643518518518 0.0776041666666667
3 0.20839120370370373 0.4304166666666667 0.08950231481481481 0.07447916666666679
12 0.82125 0.8535416666666666 0.09499999999999993 0.09041666666666685
12 0.14210069444444445 0.6984895833333333 0.10289351851851851 0.09250000000000007
9 0.2480960648148148 0.7156770833333332 0.10914351851851851 0.09291666666666672
9 0.728738425925926 0.8411458333333333 0.10289351851851851 0.09249999999999972
7 0.6357002314814816 0.8185937500000001 0.08915509259259266 0.09781249999999986
7 0.3427777777777778 0.7398958333333333 0.08883101851851852 0.09156249999999985
8 0.4470659722222222 0.78421875 0.09998842592592591 0.1265625
11 0.541880787037037 0.7959895833333333 0.10386574074074062 0.11125000000000007
5 0.8992592592592594 0.37604166666666666 0.10914351851851833 0.09291666666666662
5 0.22029513888888888 0.19453125 0.09788194444444445 0.0859375
2 0.30744791666666665 0.22369791666666666 0.09031249999999993 0.0901041666666667
2 0.7987847222222222 0.34520833333333334 0.10157407407407408 0.09708333333333333
0 0.7088715277777778 0.32286458333333334 0.09532407407407391 0.09666666666666668
0 0.4061168981481481 0.24973958333333335 0.09376157407407408 0.09656250000000002
4 0.5050810185185185 0.26645833333333335 0.09284722222222222 0.10895833333333335
1 0.6151041666666667 0.28625 0.10378472222222221 0.10968750000000008