5 0.7879166666666666 0.20370370370370366 0.09250000000000007 0.09108796296296298
3 0.9214236111111112 0.4083043981481481 0.1381944444444443 0.11163194444444446
3 0.9727777777777777 0.3085648148148148 0.039583333333333214 0.09652777777777785
3 0.5613541666666666 0.25558449074074074 0.10364583333333321 0.1012731481481481
3 0.1015451388888889 0.41443865740740743 0.13006944444444443 0.09699074074074084
3 0.2206076388888889 0.496875 0.1457638888888889 0.1012731481481481
3 0.3975173611111111 0.5383680555555556 0.13972222222222222 0.11018518518518512
5 0.40472222222222226 0.3545428240740741 0.13329861111111113 0.10190972222222223
2 0.7548784722222222 0.2864872685185185 0.11486111111111104 0.1145833333333333
0 0.2360243055555556 0.2945023148148148 0.13357638888888887 0.11440972222222215
2 0.5526562500000001 0.4013020833333334 0.12777777777777785 0.13425925925925916
4 0.7703125 0.5045138888888888 0.17597222222222228 0.1971064814814815