12 0.278125 0.59453125 0.05546875 0.08671875
12 0.3546875 0.2046875 0.03203125 0.07109375
9 0.34296875 0.24375 0.03671875 0.08203125
9 0.3 0.51328125 0.05234375 0.07890625
7 0.33671875 0.28671875 0.0390625 0.0859375
7 0.3125 0.4484375 0.05 0.08203125
11 0.328125 0.325 0.046875 0.109375
8 0.3140625 0.371875 0.0625 0.12421875
10 0.3984375 0.2109375 0.034375 0.0640625
10 0.3984375 0.24296875 0.03359375 0.05625
10 0.38671875 0.29453125 0.03125 0.05625
10 0.3859375 0.34453125 0.03671875 0.05625
10 0.378125 0.40390625 0.034375 0.06640625
10 0.3640625 0.46015625 0.0390625 0.06796875
10 0.35703125 0.521875 0.0390625 0.06015625
10 0.353125 0.58828125 0.0328125 0.059375
3 0.63984375 0.18359375 0.02734375 0.065625
3 0.63984375 0.22734375 0.0296875 0.05625
3 0.646875 0.275 0.03046875 0.06796875
3 0.65 0.3265625 0.0390625 0.06015625
3 0.65390625 0.384375 0.03515625 0.05859375
3 0.6578125 0.44296875 0.0265625 0.0546875
3 0.6609375 0.503125 0.0296875 0.065625
3 0.6671875 0.57421875 0.03828125 0.06328125
5 0.6875 0.175 0.02734375 0.075
5 0.740625 0.571875 0.04375 0.0796875
2 0.69765625 0.2140625 0.02734375 0.08828125
2 0.7296875 0.50078125 0.04375 0.07734375
0 0.69921875 0.2578125 0.0328125 0.08046875
0 0.7140625 0.43046875 0.04453125 0.08515625
1 0.71328125 0.290625 0.040625 0.1328125
4 0.71796875 0.35859375 0.04296875 0.115625