1 0.625 0.3375 0.06640625 0.0796875
0 0.61015625 0.29921875 0.0453125 0.04609375
2 0.596875 0.26796875 0.04296875 0.0578125
5 0.5828125 0.225 0.04453125 0.04609375
12 0.4015625 0.78203125 0.06015625 0.05234375
12 0.353125 0.42578125 0.046875 0.0359375
9 0.35390625 0.46640625 0.05 0.04609375
9 0.3953125 0.7078125 0.06015625 0.040625
7 0.3625 0.51015625 0.0515625 0.04296875
7 0.38515625 0.65703125 0.0546875 0.040625
11 0.3625 0.54921875 0.06484375 0.05625
8 0.3671875 0.59609375 0.08203125 0.05078125
10 0.4109375 0.37265625 0.03671875 0.034375
10 0.4546875 0.3875 0.03984375 0.0484375
10 0.428125 0.46640625 0.0421875 0.03046875
10 0.50625 0.465625 0.0328125 0.03984375
10 0.44453125 0.50234375 0.040625 0.03828125
10 0.45 0.56015625 0.03515625 0.03359375
10 0.50234375 0.6328125 0.0421875 0.040625
10 0.51328125 0.70390625 0.04453125 0.040625
3 0.4796875 0.32265625 0.03984375 0.04609375
3 0.52578125 0.3359375 0.046875 0.04296875
3 0.540625 0.38125 0.04140625 0.040625
3 0.55234375 0.4296875 0.0375 0.046875
3 0.5671875 0.4765625 0.03984375 0.03828125
3 0.5828125 0.5265625 0.040625 0.04453125
3 0.59765625 0.58359375 0.03828125 0.05390625
3 0.56328125 0.6640625 0.04296875 0.034375
5 0.71328125 0.5734375 0.053125 0.05546875
2 0.68515625 0.51796875 0.04609375 0.04921875
0 0.66171875 0.4640625 0.05703125 0.059375
4 0.64609375 0.4015625 0.05546875 0.07890625