10 0.8321875000000001 0.12755787037037036 0.13953703703703688 0.07127314814814811
10 0.49071759259259257 0.4349768518518518 0.09283564814814813 0.09228009259259266
10 0.8234375 0.4647337962962963 0.10697916666666671 0.1039467592592592
10 0.47944444444444445 0.2687037037037037 0.10697916666666671 0.1039467592592593
10 0.20111689814814815 0.28162615740740743 0.11165509259259263 0.10262731481481477
7 0.657974537037037 0.7507986111111111 0.10240740740740754 0.11932870370370363
12 0.4774652777777778 0.7469097222222223 0.08505787037037038 0.09656249999999993
9 0.01587962962962963 0.6149942129629629 0.03175925925925926 0.10186342592592582
12 0.2705034722222222 0.5157812500000001 0.1007407407407408 0.10518518518518505
7 0.8692650462962963 0.714079861111111 0.12747685185185204 0.13000000000000006
9 0.5604398148148148 0.6238194444444444 0.10079861111111121 0.11299768518518505
8 0.1930787037037037 0.7337268518518518 0.10584490740740744 0.1616782407407406
11 0.26 0.6676388888888889 0.1386921296296296 0.1680671296296296