10 0.3265625 0.48515625 0.03984375 0.0328125
10 0.38046875 0.4796875 0.04140625 0.0296875
10 0.43515625 0.47890625 0.03984375 0.03203125
10 0.49609375 0.478125 0.03671875 0.0375
10 0.5515625 0.4765625 0.0328125 0.03125
10 0.61015625 0.4734375 0.03359375 0.03125
10 0.67265625 0.47421875 0.0296875 0.03515625
10 0.7203125 0.46796875 0.028125 0.03515625
12 0.71953125 0.4296875 0.03828125 0.0390625
12 0.3203125 0.44375 0.0421875 0.040625
9 0.38125 0.44296875 0.03984375 0.03984375
9 0.6609375 0.428125 0.03515625 0.04375
7 0.43828125 0.43984375 0.0390625 0.04296875
7 0.60625 0.4328125 0.0390625 0.04140625
11 0.5515625 0.43046875 0.03984375 0.053125
8 0.49453125 0.42734375 0.03671875 0.06171875
3 0.30859375 0.69453125 0.04765625 0.03046875
3 0.371875 0.69140625 0.03828125 0.02265625
3 0.4359375 0.68984375 0.05390625 0.0328125
3 0.49921875 0.68671875 0.0453125 0.03359375
3 0.5640625 0.68828125 0.04375 0.040625
3 0.62890625 0.68828125 0.03203125 0.03203125
3 0.7015625 0.6828125 0.0375 0.04140625
3 0.76640625 0.68203125 0.04296875 0.0375
5 0.2984375 0.74921875 0.053125 0.0390625
5 0.78046875 0.7296875 0.0484375 0.03984375
2 0.709375 0.73359375 0.05234375 0.0375
2 0.35703125 0.740625 0.04296875 0.040625
0 0.43046875 0.7359375 0.0453125 0.0390625
0 0.64296875 0.73515625 0.04765625 0.0375
4 0.4953125 0.7359375 0.05078125 0.0453125
1 0.5734375 0.73359375 0.04296875 0.046875