12 0.3057523148148148 0.33239583333333333 0.059247685185185174 0.061562499999999964
9 0.3075520833333333 0.37328125 0.06253472222222226 0.06489583333333337
7 0.30174189814814817 0.4097395833333334 0.06442129629629631 0.07125000000000004
8 0.28980324074074076 0.44343750000000004 0.08438657407407409 0.09593749999999997
11 0.2881539351851852 0.4903645833333334 0.08546296296296294 0.08666666666666671
5 0.7483796296296296 0.2929166666666666 0.059247685185185264 0.061562499999999964
2 0.7522280092592593 0.32453125 0.07223379629629623 0.07177083333333326
0 0.757355324074074 0.36171875 0.06902777777777783 0.07000000000000002
4 0.7769502314814816 0.39203125 0.08398148148148152 0.08812500000000005
1 0.7887847222222222 0.4359375 0.09392361111111107 0.09968749999999993
0 0.7989872685185185 0.4961979166666667 0.07996527777777765 0.07072916666666665
10 0.3531944444444444 0.6420833333333333 0.05900462962962969 0.05687499999999997
10 0.36039351851851853 0.5939583333333334 0.06212962962962969 0.057083333333333285
10 0.35755787037037035 0.5428124999999999 0.06056712962962969 0.05697916666666671
10 0.36549768518518516 0.4955208333333333 0.05719907407407412 0.05208333333333339
10 0.36624421296296295 0.45088541666666665 0.04930555555555553 0.05
10 0.3667881944444445 0.41015625 0.05251157407407412 0.05177083333333332
10 0.3642071759259259 0.36921875000000004 0.04922453703703704 0.0484375
10 0.37388310185185186 0.33380208333333333 0.05612268518518526 0.06135416666666664
3 0.7367824074074074 0.6072916666666666 0.0653356481481481 0.058854166666666784
3 0.7252719907407407 0.5571354166666667 0.0622106481481481 0.058645833333333286
3 0.7208738425925926 0.5058854166666666 0.05719907407407412 0.05208333333333322
3 0.713107638888889 0.4591145833333334 0.057361111111111286 0.055208333333333214
3 0.6995891203703704 0.4174479166666666 0.05103009259259252 0.05322916666666657
3 0.6953645833333333 0.37796874999999996 0.04930555555555571 0.05
3 0.68625 0.34208333333333335 0.05234953703703695 0.04864583333333332
3 0.6795196759259259 0.30557291666666664 0.04930555555555571 0.05
5 0.8178182870370371 0.6017187500000001 0.07503472222222243 0.06572916666666657
2 0.8092592592592591 0.54 0.07347222222222242 0.065625
12 0.2798495370370371 0.6505208333333333 0.06714120370370366 0.06364583333333336
9 0.28214699074074073 0.59109375 0.062453703703703664 0.06333333333333328
7 0.28774305555555557 0.5436458333333333 0.07207175925925924 0.06864583333333343