1 0.51796875 0.36484375 0.02265625 0.09296875
4 0.4765625 0.37265625 0.02578125 0.08359375
0 0.55390625 0.3734375 0.01953125 0.06328125
0 0.44140625 0.38828125 0.021875 0.06640625
2 0.59296875 0.37109375 0.01875 0.059375
2 0.403125 0.396875 0.02890625 0.05703125
5 0.62578125 0.3671875 0.01953125 0.05234375
5 0.3625 0.403125 0.028125 0.046875
10 0.6984375 0.57890625 0.025 0.05234375
10 0.6421875 0.590625 0.02421875 0.0546875
10 0.59765625 0.5984375 0.02265625 0.04765625
10 0.54765625 0.6046875 0.0234375 0.0484375
10 0.44765625 0.62578125 0.02265625 0.046875
10 0.4015625 0.628125 0.0296875 0.05078125
10 0.3546875 0.63828125 0.028125 0.0484375
12 0.34765625 0.68671875 0.03984375 0.065625
12 0.71171875 0.62890625 0.03203125 0.06484375
9 0.40078125 0.67265625 0.0328125 0.0703125
9 0.65859375 0.6359375 0.0296875 0.06953125
7 0.45390625 0.66015625 0.02734375 0.0765625
7 0.60703125 0.6359375 0.028125 0.07109375
8 0.509375 0.6375 0.03515625 0.10625
11 0.5609375 0.6328125 0.0296875 0.10078125
3 0.3640625 0.4375 0.02265625 0.04453125
3 0.403125 0.4359375 0.02421875 0.0421875
3 0.446875 0.43046875 0.0265625 0.046875
3 0.48125 0.425 0.021875 0.04453125
3 0.5203125 0.41796875 0.01796875 0.04609375
3 0.559375 0.4125 0.01953125 0.04453125
3 0.60078125 0.41015625 0.0234375 0.0390625
3 0.634375 0.403125 0.01796875 0.04453125