5 0.26385416666666667 0.6856076388888889 0.06430555555555557 0.0831018518518519
5 0.7301909722222222 0.6673726851851851 0.06416666666666657 0.07685185185185191
2 0.33727430555555554 0.6885648148148148 0.05784722222222225 0.07354166666666657
2 0.6669791666666667 0.6623726851851852 0.06277777777777782 0.08461805555555557
0 0.4022916666666666 0.6826736111111111 0.06121527777777782 0.08457175925925924
0 0.5995659722222222 0.6705381944444444 0.0578819444444445 0.07510416666666675
1 0.5354166666666667 0.6725462962962963 0.058229166666666644 0.09072916666666657
4 0.46581597222222226 0.673611111111111 0.062638888888889 0.07836805555555557
3 0.27416666666666667 0.6085185185185186 0.05472222222222225 0.07344907407407408
3 0.33467013888888886 0.594675925925926 0.0421180555555555 0.06839120370370359
3 0.40671875 0.5889930555555555 0.05309027777777775 0.07027777777777793
3 0.4646006944444444 0.5875810185185185 0.0389930555555555 0.0682986111111111
3 0.5225520833333334 0.5830439814814815 0.048263888888888926 0.06388888888888893
3 0.5913020833333332 0.5850810185185186 0.044965277777777854 0.05598379629629626
3 0.6572395833333333 0.5729629629629629 0.05177083333333332 0.08116898148148159
3 0.7150347222222222 0.5754571759259259 0.04847222222222225 0.07326388888888893
10 0.6744270833333333 0.22167824074074077 0.04208333333333343 0.06682870370370378
10 0.6057118055555556 0.2180787037037037 0.03881944444444443 0.06048611111111111
10 0.5523611111111111 0.2266608796296296 0.0389930555555555 0.0682986111111111
10 0.49762152777777774 0.22738425925925926 0.0359375 0.07133101851851853
10 0.4412847222222222 0.22962384259259258 0.04052083333333343 0.06678240740740744
10 0.3795659722222222 0.2277951388888889 0.034375 0.0712847222222222
10 0.32548611111111114 0.23401041666666664 0.04048611111111118 0.06521990740740743
10 0.27085069444444443 0.2300462962962963 0.04833333333333334 0.06701388888888893
12 0.26371527777777776 0.16416666666666666 0.04861111111111107 0.07951388888888893
12 0.6611631944444445 0.1501446759259259 0.05340277777777782 0.08434027777777775
9 0.3248611111111111 0.15659722222222222 0.04583333333333339 0.09504629629629627
9 0.6011631944444444 0.14133101851851854 0.04104166666666664 0.0902199074074074
7 0.5448263888888889 0.14357060185185183 0.044479166666666715 0.10437500000000002
7 0.37890625 0.15194444444444444 0.05843749999999996 0.10010416666666666
8 0.4379166666666666 0.13493055555555555 0.05121527777777786 0.12643518518518518
11 0.4957465277777778 0.13586226851851851 0.04152777777777779 0.1120949074074074