10 0.42354166666666665 0.7666666666666667 0.045902777777777716 0.05135416666666668
10 0.43555555555555553 0.7215104166666666 0.05826388888888889 0.04906249999999997
10 0.43916666666666676 0.6625520833333333 0.05500000000000007 0.04572916666666664
10 0.45157986111111115 0.6088541666666666 0.05826388888888889 0.04906250000000014
10 0.4530902777777778 0.5552083333333334 0.061111111111111074 0.043020833333333286
10 0.4561631944444445 0.5016666666666667 0.04399305555555557 0.04343749999999993
10 0.46246527777777774 0.45067708333333334 0.04861111111111107 0.0421875
10 0.47203125 0.40302083333333333 0.04881944444444457 0.046875
12 0.3547222222222222 0.7605208333333333 0.049236111111111126 0.05625
12 0.3958159722222222 0.3706770833333334 0.06798611111111112 0.057499999999999926
9 0.3616666666666667 0.7064583333333333 0.053923611111111124 0.05656250000000007
9 0.3987326388888889 0.43630208333333337 0.06166666666666672 0.05552083333333328
7 0.3701388888888889 0.65171875 0.05350694444444448 0.04718750000000007
7 0.3916840277777778 0.4880208333333333 0.05812499999999998 0.045937499999999964
11 0.3763020833333333 0.5976041666666667 0.06493055555555553 0.058854166666666784
8 0.3795138888888889 0.5471874999999999 0.05812499999999998 0.045937499999999964
3 0.7610416666666667 0.82421875 0.06281250000000008 0.04624999999999986
3 0.7690798611111112 0.7772395833333333 0.056631944444444395 0.047395833333333394
3 0.7769444444444444 0.7263541666666666 0.05642361111111107 0.042708333333333216
3 0.7848437500000001 0.67625 0.05472222222222225 0.03947916666666664
3 0.7858159722222222 0.6280208333333334 0.06388888888888893 0.03541666666666661
3 0.7930034722222222 0.5794270833333334 0.05954861111111107 0.042916666666666714
3 0.7956423611111111 0.5336458333333333 0.054722222222222075 0.03947916666666664
3 0.7990277777777777 0.48713541666666665 0.056493055555555574 0.04427083333333322
5 0.8280381944444445 0.8419270833333332 0.06472222222222221 0.05416666666666643
5 0.8712847222222223 0.5005208333333333 0.06281249999999972 0.046250000000000034
2 0.8413020833333335 0.78984375 0.07743055555555571 0.059687500000000074
2 0.8677604166666667 0.54390625 0.08517361111111121 0.058645833333333286
0 0.8463541666666667 0.7457812500000001 0.07843749999999972 0.04729166666666664
0 0.8558506944444444 0.59140625 0.07885416666666671 0.05666666666666664
1 0.8646874999999999 0.7026041666666666 0.10427083333333335 0.06770833333333322
4 0.8637152777777779 0.6456770833333334 0.09440972222222221 0.05614583333333343