3 0.4594444444444445 0.24765625 0.029652777777777927 0.034375
3 0.4893229166666667 0.26953125 0.03121527777777775 0.034375
3 0.5311284722222223 0.29609375 0.03121527777777775 0.034375
3 0.5640625 0.31640625 0.03440972222222225 0.0359375
3 0.6019618055555556 0.34296875 0.03611111111111107 0.0390625
3 0.6452951388888889 0.36875 0.03440972222222225 0.0359375
3 0.6872395833333333 0.3984375 0.03284722222222225 0.0359375
3 0.7249305555555556 0.4203125 0.04399305555555557 0.040625
5 0.4878645833333334 0.23671875 0.03291666666666657 0.0375
5 0.7625868055555556 0.40625 0.04263888888888889 0.0453125
2 0.5263715277777777 0.259375 0.039583333333333214 0.046875
2 0.7224479166666666 0.38203125 0.04597222222222221 0.05
0 0.5631423611111112 0.278125 0.03822916666666672 0.0515625
0 0.678125 0.3515625 0.04611111111111103 0.053125
4 0.6021875 0.2953125 0.05 0.0703125
1 0.6469444444444445 0.31796875 0.06291666666666665 0.0796875
12 0.21953125 0.28125 0.044340277777777805 0.0484375
12 0.5295659722222222 0.50703125 0.05250000000000003 0.05625
9 0.2606597222222222 0.31015625 0.042916666666666624 0.0515625
9 0.4762673611111111 0.46796875 0.05093749999999986 0.05625
7 0.30243055555555554 0.3359375 0.04951388888888886 0.059375
7 0.4292881944444444 0.43046875 0.05440972222222236 0.0640625
8 0.34868055555555555 0.35703125 0.05538194444444446 0.0859375
11 0.39328124999999997 0.39375 0.06291666666666665 0.0796875
10 0.5744270833333334 0.496875 0.04583333333333339 0.046875
10 0.51484375 0.45703125 0.044201388888888894 0.0453125
10 0.4720138888888889 0.425 0.03774305555555557 0.040625
10 0.43074652777777783 0.39296875 0.03937500000000007 0.0421875
10 0.3840798611111111 0.3625 0.036249999999999984 0.0421875
10 0.3398263888888889 0.33359375 0.02673611111111107 0.0390625
10 0.3042361111111111 0.30625 0.03937499999999998 0.0421875
10 0.2669097222222222 0.275 0.037395833333333336 0.0328125