8 0.800457175925926 0.32252314814814814 0.18434027777777756 0.1338657407407407
10 0.15399884259259258 0.636099537037037 0.12837962962962965 0.16425925925925924
10 0.22825810185185186 0.3085821759259259 0.10760416666666668 0.15614583333333334
10 0.3618576388888889 0.6399594907407408 0.11155092592592589 0.14371527777777776
10 0.3335648148148148 0.9899016203703702 0.11388888888888893 0.02019675925925952
10 0.4766724537037037 0.04843171296296296 0.13771990740740742 0.08478009259259259
12 0.5103240740740741 0.3923784722222222 0.1286458333333332 0.1424074074074074
12 0.751568287037037 0.6566608796296297 0.11585648148148149 0.11099537037037024
9 0.7046701388888889 0.07600694444444445 0.12184027777777776 0.13293981481481482
9 0.5807928240740741 0.7517013888888889 0.14950231481481477 0.12554398148148155
7 0.7206365740740741 0.8591493055555557 0.14288194444444446 0.11920138888888872
11 0.6878067129629629 0.397349537037037 0.16181712962962963 0.12260416666666663