10 0.37046875 0.3521701388888889 0.12979166666666667 0.09805555555555552
10 0.629375 0.40024305555555556 0.08614583333333332 0.07524305555555558
10 0.08776041666666667 0.46220486111111114 0.10177083333333332 0.07559027777777771
10 0.06484375 0.18578125 0.12895833333333334 0.08555555555555552
10 0.3813020833333334 0.48220486111111105 0.08885416666666668 0.06906250000000007
12 0.5823437499999999 0.5791493055555555 0.08812499999999997 0.08152777777777782
10 0.8666145833333333 0.5509895833333334 0.07958333333333342 0.07041666666666657
7 0.05994791666666667 0.6493576388888889 0.11989583333333334 0.09802083333333336
12 0.4096875 0.7351041666666667 0.07979166666666675 0.07354166666666657
7 0.24354166666666668 0.7114930555555556 0.10135416666666668 0.09274305555555565
9 0.8594270833333333 0.7056076388888888 0.07885416666666671 0.0828819444444445
9 0.32421875 0.6246701388888889 0.09781250000000004 0.08642361111111115
11 0.5905208333333334 0.7022222222222222 0.09375 0.11909722222222215
8 0.6489583333333333 0.7734722222222222 0.09312500000000004 0.13312500000000008