12 0.49375 0.803125 0.19375 0.2359375
12 0.25546875 0.16640625 0.13125 0.1703125
9 0.4359375 0.6890625 0.190625 0.25625
9 0.28671875 0.21640625 0.15 0.203125
7 0.3109375 0.28828125 0.1734375 0.2359375
7 0.3953125 0.57578125 0.2171875 0.296875
11 0.38125 0.44453125 0.2609375 0.359375
8 0.36015625 0.321875 0.259375 0.3734375
5 0.953125 0.54453125 0.09375 0.2109375
5 0.73828125 0.128125 0.103125 0.1265625
2 0.9421875 0.46484375 0.115625 0.1671875
2 0.7671875 0.165625 0.1171875 0.15
0 0.91953125 0.3890625 0.1609375 0.209375
0 0.80078125 0.209375 0.1359375 0.1828125
4 0.89296875 0.31328125 0.1859375 0.259375
1 0.83828125 0.246875 0.1609375 0.215625