12 0.22890625 0.27890625 0.1875 0.25
12 0.92265625 0.44609375 0.125 0.1828125
9 0.3625 0.29609375 0.178125 0.275
9 0.86015625 0.44296875 0.140625 0.21875
7 0.78359375 0.42265625 0.1609375 0.2546875
7 0.48515625 0.3265625 0.2015625 0.3203125
11 0.60703125 0.39140625 0.2421875 0.3875
8 0.7265625 0.4453125 0.2359375 0.40625
5 0.1625 0.86171875 0.1578125 0.225
5 0.67578125 0.89375 0.1046875 0.1453125
2 0.25625 0.8734375 0.1234375 0.178125
2 0.6234375 0.89140625 0.1109375 0.159375
0 0.33984375 0.88984375 0.1515625 0.2203125
0 0.565625 0.89453125 0.1265625 0.196875
4 0.4203125 0.8859375 0.171875 0.228125
1 0.5140625 0.89453125 0.15625 0.2109375