12 0.3765625 0.775 0.090625 0.20703125
12 0.88125 0.37265625 0.05 0.15859375
9 0.47890625 0.71015625 0.06484375 0.24375
9 0.83125 0.39921875 0.05 0.1953125
7 0.7765625 0.4453125 0.053125 0.22890625
7 0.56796875 0.6375 0.06640625 0.28828125
11 0.64375 0.53828125 0.07734375 0.35
8 0.7203125 0.44921875 0.059375 0.37734375
5 0.09921875 0.32265625 0.06796875 0.1921875
5 0.5078125 0.0984375 0.046875 0.13125
2 0.171875 0.278125 0.05234375 0.15234375
2 0.465625 0.12265625 0.04609375 0.13671875
0 0.2328125 0.23046875 0.059375 0.19609375
0 0.4171875 0.1421875 0.04453125 0.17578125
4 0.29140625 0.18203125 0.05234375 0.25625
1 0.36875 0.12890625 0.05390625 0.2578125