12 0.40546875 0.790625 0.1125 0.215625
12 0.86875 0.3359375 0.065625 0.1640625
9 0.5015625 0.71484375 0.090625 0.25
9 0.82109375 0.3671875 0.0703125 0.2
7 0.77109375 0.41875 0.0765625 0.234375
7 0.58203125 0.63359375 0.096875 0.2953125
11 0.6484375 0.52578125 0.1140625 0.3578125
8 0.715625 0.42890625 0.0984375 0.384375
5 0.08046875 0.36796875 0.0875 0.1984375
5 0.465625 0.1 0.0609375 0.1359375
2 0.1484375 0.315625 0.06875 0.1578125
2 0.42578125 0.12890625 0.0609375 0.1421875
0 0.2046875 0.26171875 0.0796875 0.2015625
0 0.38046875 0.15390625 0.0625 0.1796875
4 0.25859375 0.20625 0.0796875 0.2625
1 0.3296875 0.1453125 0.08125 0.2640625