12 0.33984375 0.24453125 0.11875 0.2171875
12 0.8953125 0.57265625 0.071875 0.1640625
9 0.45 0.29453125 0.0984375 0.25
9 0.8421875 0.55390625 0.0765625 0.2
7 0.78125 0.515625 0.084375 0.234375
7 0.5484375 0.3546875 0.10625 0.2953125
11 0.63671875 0.4421875 0.125 0.3578125
8 0.725 0.51953125 0.1109375 0.38125
5 0.128125 0.73125 0.09375 0.2
5 0.56328125 0.896875 0.0640625 0.1359375
2 0.20625 0.765625 0.0734375 0.1578125
2 0.51875 0.878125 0.0640625 0.1421875
0 0.27265625 0.80390625 0.0859375 0.203125
0 0.46796875 0.865625 0.06875 0.1796875
4 0.3375 0.84375 0.0875 0.2609375
1 0.42109375 0.87734375 0.0890625 0.2453125