10 0.2833043981481482 0.2782986111111111 0.05798611111111107 0.05020833333333332
10 0.32586805555555554 0.2917824074074074 0.054629629629629584 0.043773148148148165
10 0.3667824074074074 0.3075173611111111 0.05630787037037042 0.04699074074074074
11 0.48399884259259257 0.2925405092592593 0.10144675925925917 0.08708333333333336
8 0.4294270833333333 0.2650347222222222 0.11273148148148149 0.09710648148148149
7 0.3944155092592593 0.2590451388888889 0.07916666666666661 0.07484953703703709
7 0.5512731481481481 0.31531828703703707 0.08078703703703702 0.07650462962962959
9 0.3590277777777778 0.24207175925925925 0.061689814814814795 0.06601851851851848
12 0.3119502314814815 0.2236226851851852 0.06753472222222223 0.055451388888888876
4 0.12094907407407407 0.6030034722222222 0.13142361111111112 0.05456018518518526
0 0.10969328703703703 0.5686689814814815 0.1078125 0.04848379629629633
2 0.07771990740740739 0.544068287037037 0.0841435185185185 0.040844907407407406
5 0.05112847222222222 0.5221354166666666 0.06846064814814815 0.03835648148148145
5 0.32045717592592593 0.7549768518518519 0.09861111111111107 0.05261574074074069
2 0.2578125 0.7128993055555556 0.09681712962962959 0.04627314814814802
0 0.2231770833333333 0.6756134259259259 0.10630787037037041 0.04995370370370367
1 0.15344328703703702 0.6346817129629629 0.14907407407407405 0.0680787037037037
3 0.37178819444444444 0.7008622685185186 0.07170138888888893 0.04166666666666678
3 0.324681712962963 0.6620543981481481 0.07042824074074075 0.04938657407407412
3 0.26967592592592593 0.6251273148148149 0.06545138888888893 0.041296296296296296
3 0.23324652777777777 0.5939988425925926 0.0685185185185185 0.03991898148148145
3 0.19678819444444445 0.5636516203703703 0.06666666666666665 0.032013888888888786
3 0.1626446759259259 0.5342245370370371 0.07465277777777776 0.03716435185185176
3 0.12838541666666664 0.5079224537037037 0.0682291666666667 0.03210648148148145
3 0.10028935185185187 0.4843344907407408 0.07152777777777777 0.036979166666666785
12 0.6869791666666666 0.3719039351851852 0.08032407407407405 0.06400462962962958
9 0.614554398148148 0.34020833333333333 0.08206018518518512 0.06878472222222225
10 0.6324363425925925 0.42817708333333326 0.05978009259259274 0.05655092592592581
10 0.5752893518518519 0.4067824074074074 0.06261574074074083 0.04892361111111114
10 0.516898148148148 0.37670138888888893 0.06122685185185191 0.05351851851851848
10 0.45894097222222213 0.3560416666666667 0.06730324074074083 0.04920138888888896
10 0.4080729166666666 0.33423611111111107 0.06412037037037024 0.04745370370370363