12 0.540625 0.8594791666666666 0.040625 0.06520833333333301
9 0.49921875 0.8059375 0.0375 0.06812499999999985
7 0.45859375 0.7633854166666667 0.0390625 0.0651041666666666
8 0.4078125 0.72875 0.046875 0.075
11 0.36796875 0.68625 0.046875 0.071875
7 0.32734375 0.6483854166666667 0.04375 0.0654166666666665
9 0.28515625 0.6111979166666667 0.046875 0.05
12 0.24296875 0.5693229166666667 0.046875 0.05
10 0.30234375 0.45921874999999995 0.040625 0.04489583333333336
10 0.37578125 0.4422395833333333 0.0375 0.047812499999999855
10 0.3828125 0.5442708333333334 0.0375 0.04468749999999986
10 0.43125 0.56703125 0.03125 0.042708333333333216
10 0.47265625 0.6182291666666666 0.0328125 0.045937500000000145
10 0.57421875 0.64296875 0.0328125 0.045937499999999964
10 0.61875 0.6928124999999999 0.0421875 0.05281249999999993
3 0.65234375 0.6263020833333333 0.040625 0.04802083333333336
3 0.64765625 0.5338020833333333 0.0375 0.046250000000000034
3 0.60546875 0.4880208333333334 0.034375 0.042916666666666714
3 0.56640625 0.4541666666666666 0.0359375 0.04614583333333329
3 0.52578125 0.41317708333333336 0.03125 0.041145833333333395
3 0.48125 0.3734895833333334 0.0375 0.047812500000000036
3 0.4390625 0.33786458333333336 0.0375 0.055625000000000036
3 0.3640625 0.34848958333333335 0.0421875 0.05281250000000002
5 0.7546875 0.44640625000000006 0.0421875 0.05906249999999993
5 0.44765625 0.17828125 0.0453125 0.06239583333333334
2 0.49609375 0.22057291666666665 0.04375 0.07166666666666668
2 0.7140625 0.4163541666666667 0.0390625 0.06354166666666679
0 0.66640625 0.38114583333333335 0.0484375 0.05947916666666657
0 0.53515625 0.2528645833333333 0.0375 0.06656250000000004
1 0.58203125 0.2864583333333333 0.05 0.07208333333333332
4 0.62890625 0.3333333333333333 0.053125 0.07072916666666665