10 0.4359375 0.57109375 0.0390625 0.0453125
10 0.47890625 0.59609375 0.03359375 0.06484375
10 0.521875 0.62265625 0.0296875 0.0546875
10 0.56640625 0.6484375 0.0328125 0.05078125
10 0.684375 0.71640625 0.03125 0.040625
10 0.721875 0.73671875 0.03828125 0.04375
12 0.42890625 0.62578125 0.05078125 0.071875
12 0.7296875 0.79140625 0.0421875 0.0546875
9 0.69140625 0.7640625 0.04921875 0.065625
9 0.47890625 0.64765625 0.05078125 0.06015625
7 0.52421875 0.6703125 0.04296875 0.07109375
7 0.65390625 0.74609375 0.0453125 0.059375
11 0.625 0.7140625 0.065625 0.08359375
8 0.584375 0.68828125 0.07421875 0.09375
3 0.465625 0.37578125 0.03359375 0.04921875
3 0.4984375 0.403125 0.028125 0.04921875
3 0.53828125 0.42734375 0.028125 0.04375
3 0.5671875 0.4484375 0.0328125 0.0421875
3 0.5984375 0.47265625 0.0328125 0.0421875
3 0.63125 0.49375 0.03671875 0.04375
3 0.6640625 0.51875 0.028125 0.040625
3 0.68984375 0.534375 0.03203125 0.0421875
5 0.46875 0.33515625 0.03359375 0.05390625
5 0.690625 0.49296875 0.03203125 0.0375
2 0.5078125 0.36171875 0.03515625 0.0546875
2 0.6640625 0.47265625 0.03046875 0.0484375
0 0.540625 0.3828125 0.0359375 0.05234375
0 0.63359375 0.45234375 0.04296875 0.046875
4 0.5765625 0.40078125 0.046875 0.0703125
1 0.6125 0.41953125 0.05234375 0.0765625