5 0.21934027777777776 0.09317708333333334 0.06677083333333336 0.06378472222222223
5 0.2028125 0.42303819444444446 0.07302083333333335 0.0640625
2 0.20625 0.3600347222222222 0.07017361111111109 0.07017361111111109
2 0.2185590277777778 0.12822916666666667 0.07465277777777776 0.06569444444444446
0 0.19991319444444441 0.30517361111111113 0.08885416666666668 0.06944444444444446
0 0.21428819444444444 0.17248263888888887 0.0720138888888889 0.07649305555555559
4 0.20074652777777774 0.25375 0.09736111111111115 0.08541666666666661
1 0.1981423611111111 0.19515625 0.10302083333333334 0.10750000000000001
3 0.2982465277777778 0.09668402777777778 0.052291666666666715 0.05378472222222221
3 0.2976736111111111 0.1364236111111111 0.04746527777777772 0.05045138888888889
3 0.2956423611111111 0.1784375 0.053715277777777806 0.05072916666666667
3 0.2968402777777778 0.22293402777777777 0.05684027777777771 0.050868055555555534
3 0.29807291666666663 0.26821180555555557 0.06336805555555554 0.057395833333333354
3 0.2891840277777778 0.31381944444444443 0.06628472222222222 0.05284722222222218
3 0.29541666666666666 0.3663368055555556 0.04916666666666671 0.05364583333333339
3 0.2854861111111111 0.42359375000000005 0.05499999999999998 0.04454861111111121
10 0.6325868055555556 0.07567708333333334 0.060243055555555536 0.057256944444444444
10 0.6456423611111111 0.12381944444444444 0.052152777777777715 0.05065972222222222
10 0.6561111111111111 0.1663888888888889 0.045763888888888896 0.047256944444444435
10 0.6612847222222222 0.2126215277777778 0.044340277777777715 0.05031249999999998
10 0.6766840277777778 0.26086805555555553 0.04760416666666671 0.053576388888888896
10 0.6922569444444445 0.31302083333333336 0.05208333333333322 0.049097222222222216
10 0.7008333333333333 0.36564236111111115 0.04760416666666671 0.053576388888888896
10 0.7140625 0.4176909722222222 0.06635416666666671 0.05440972222222236
12 0.7044965277777778 0.07965277777777778 0.04326388888888886 0.06118055555555555
12 0.8054340277777777 0.4209722222222222 0.06378472222222235 0.06677083333333336
9 0.72140625 0.10925347222222222 0.05760416666666668 0.06805555555555554
9 0.7838715277777778 0.35685763888888894 0.06677083333333336 0.06378472222222217
7 0.7313020833333332 0.15647569444444445 0.0375694444444445 0.07340277777777775
7 0.7655034722222223 0.29444444444444445 0.06079861111111118 0.06975694444444444
11 0.7417881944444444 0.18189236111111112 0.058506944444444285 0.08836805555555557
8 0.7547743055555556 0.22847222222222224 0.07312499999999993 0.1014930555555555