10 0.5573090277777778 0.3391898148148148 0.12978009259259266 0.09589120370370371
10 0.2989583333333333 0.44747106481481486 0.08489583333333339 0.07271990740740755
10 0.8490046296296295 0.38515046296296296 0.10052083333333357 0.07318287037037034
10 0.8559780092592593 0.10022569444444444 0.12756944444444435 0.08334490740740738
10 0.5535069444444444 0.4726909722222222 0.08613425925925924 0.0665162037037037
12 0.3557523148148148 0.6158391203703705 0.08365740740740737 0.07892361111111121
10 0.06675347222222222 0.6532638888888889 0.0769212962962963 0.06936342592592588
7 0.8910474537037036 0.5672164351851852 0.12665509259259267 0.09579861111111114
12 0.5398958333333332 0.7351909722222223 0.08020833333333321 0.07258101851851854
7 0.7061747685185186 0.6725405092592593 0.09828703703703709 0.09027777777777786
9 0.08373263888888889 0.8072106481481482 0.07600694444444445 0.08181712962962955
9 0.6192766203703703 0.6033506944444444 0.09499999999999993 0.08706018518518518
11 0.3546585648148148 0.7422395833333334 0.08888888888888893 0.11964120370370371
8 0.2995023148148148 0.8281192129629631 0.08641203703703706 0.13204861111111085