10 0.3675347222222222 0.5064351851851852 0.04890046296296298 0.039409722222222145
10 0.4256423611111112 0.49749421296296303 0.05030092592592581 0.0362962962962964
10 0.4863368055555556 0.4932581018518519 0.047256944444444574 0.037835648148148236
10 0.5541030092592593 0.48985532407407406 0.04437499999999996 0.04250000000000007
10 0.6163599537037037 0.48563078703703705 0.04092592592592581 0.036226851851851906
10 0.6815798611111111 0.4783043981481482 0.04092592592592599 0.036226851851851906
10 0.7509895833333333 0.4764756944444445 0.03648148148148138 0.040879629629629655
10 0.802806712962963 0.4667071759259259 0.03500000000000014 0.04243055555555557
12 0.797494212962963 0.4244965277777778 0.047662037037036954 0.045648148148148236
12 0.3549479166666667 0.4594849537037037 0.05094907407407412 0.04879629629629623
9 0.42349537037037044 0.456087962962963 0.04774305555555554 0.04721064814814824
9 0.7319907407407408 0.4263541666666667 0.044780092592592524 0.05031250000000007
7 0.48563078703703705 0.449519675925926 0.04946759259259252 0.05034722222222214
7 0.6722395833333333 0.43372106481481476 0.04938657407407412 0.048784722222222146
11 0.6105208333333334 0.4332638888888889 0.05159722222222225 0.061296296296296224
8 0.5472395833333333 0.4327951388888889 0.047395833333333214 0.07063657407407416
3 0.3711342592592593 0.7415277777777778 0.056631944444444395 0.03790509259259256
3 0.44104166666666667 0.7342361111111112 0.04512731481481467 0.026886574074073976
3 0.5118518518518519 0.7292939814814815 0.06304398148148138 0.04107638888888872
3 0.5825810185185185 0.7227893518518519 0.05366898148148138 0.041006944444444395
3 0.6558969907407407 0.7209895833333333 0.05407407407407412 0.048819444444444395
3 0.7276099537037037 0.7183969907407407 0.039444444444444574 0.03777777777777782
3 0.807511574074074 0.7080555555555555 0.047824074074074116 0.04877314814814824
3 0.8798842592592593 0.703125 0.05226851851851855 0.04412037037037031
5 0.36570023148148145 0.8024016203703702 0.06336805555555554 0.04732638888888872
5 0.900607638888889 0.7563831018518519 0.05876157407407412 0.04885416666666664
2 0.8221875000000001 0.7651736111111112 0.06320601851851855 0.044201388888888894
2 0.4298553240740741 0.7896006944444445 0.054155092592592526 0.05038194444444457
0 0.5113599537037037 0.7800520833333333 0.05399305555555554 0.047256944444444574
0 0.7481712962962963 0.7685300925925926 0.056956018518518545 0.04415509259259256
4 0.583894675925926 0.7782465277777778 0.06212962962962969 0.05356481481481481
1 0.6709895833333334 0.7710821759259259 0.054479166666666676 0.056631944444444395