11 0.6930266203703703 0.4886979166666666 0.07164351851851851 0.12479166666666668
8 0.6923611111111111 0.5278124999999999 0.08616898148148149 0.1382291666666667
7 0.6883969907407408 0.4656770833333333 0.053182870370370415 0.0892708333333335
7 0.6818287037037037 0.6007291666666668 0.060995370370370415 0.08979166666666671
9 0.6921006944444444 0.4291145833333333 0.0543981481481481 0.08000000000000007
12 0.690625 0.384375 0.048379629629629585 0.08583333333333325
10 0.6447916666666667 0.37427083333333333 0.033333333333333215 0.058333333333333307
10 0.6432291666666667 0.41645833333333326 0.036400462962962975 0.05697916666666671
10 0.6380497685185185 0.45057291666666666 0.03634259259259256 0.05541666666666671
10 0.6294849537037036 0.49151041666666667 0.03645833333333322 0.058541666666666714
10 0.6277777777777778 0.5376041666666667 0.04149305555555553 0.0682291666666666
10 0.6234085648148148 0.5921354166666667 0.04774305555555554 0.06864583333333343
10 0.6151331018518519 0.6464062500000001 0.047800925925925955 0.07020833333333343
3 0.43897569444444445 0.2853645833333333 0.03645833333333322 0.058541666666666714
3 0.42693865740740744 0.3143229166666667 0.03657407407407405 0.06166666666666672
3 0.40839120370370374 0.34989583333333335 0.03807870370370363 0.06020833333333329
3 0.39615162037037044 0.3843229166666666 0.043055555555555534 0.06833333333333336
3 0.37664930555555554 0.4245312500000001 0.04467592592592595 0.06999999999999992
1 0.3473090277777778 0.32859375 0.06620370370370372 0.14625000000000005
4 0.32352430555555556 0.3786979166666667 0.0640625 0.13052083333333328
0 0.3651331018518518 0.31255208333333334 0.042476851851851904 0.09479166666666669
0 0.29806134259259254 0.43182291666666667 0.05700231481481488 0.10822916666666664
2 0.3826967592592593 0.28239583333333335 0.05306712962962958 0.08614583333333332
5 0.3914641203703703 0.25713541666666667 0.039988425925925955 0.06968750000000004
5 0.23423032407407404 0.5481770833333334 0.06435185185185191 0.09624999999999986
2 0.27175925925925926 0.4864583333333334 0.061400462962962976 0.10072916666666672
3 0.2958622685185185 0.57578125 0.04646990740740744 0.07635416666666668
3 0.3323206018518518 0.5218229166666667 0.046238425925925954 0.0701041666666665
3 0.35402199074074076 0.46453125 0.046354166666666696 0.07322916666666668
10 0.6098958333333333 0.7032291666666667 0.05422453703703702 0.07531250000000007
12 0.668431712962963 0.72984375 0.06423611111111108 0.09312499999999986
9 0.6780381944444445 0.66078125 0.06724537037037023 0.09020833333333336