10 0.4727083333333333 0.5779398148148148 0.052430555555555716 0.05505787037037031
10 0.5217708333333333 0.5916435185185185 0.0531944444444445 0.07224537037037031
10 0.5716493055555556 0.6061226851851853 0.046527777777777855 0.06282407407407398
10 0.6223090277777777 0.6205960648148148 0.047951388888888856 0.059710648148148235
10 0.7568229166666667 0.6578935185185186 0.04270833333333339 0.04717592592592581
10 0.7994965277777778 0.6685185185185185 0.04916666666666671 0.05190972222222214
12 0.4814236111111111 0.6333622685185185 0.07086805555555564 0.08331018518518522
12 0.8228819444444444 0.7199247685185185 0.05916666666666685 0.06604166666666664
9 0.7775868055555556 0.7030671296296296 0.06746527777777764 0.07703703703703688
9 0.5364930555555556 0.641550925925926 0.0672569444444445 0.07234953703703706
7 0.5877951388888889 0.6528935185185185 0.06291666666666665 0.0801273148148148
7 0.736545138888889 0.6939930555555556 0.0640625 0.07076388888888889
11 0.6987500000000001 0.6700462962962963 0.08874999999999993 0.09906250000000014
8 0.6519618055555556 0.6547627314814815 0.10024305555555557 0.11164351851851854
3 0.44428819444444445 0.37808449074074074 0.047812500000000036 0.05658564814814815
3 0.48571180555555554 0.3957523148148148 0.04149305555555553 0.0549768518518519
3 0.5309027777777777 0.4102662037037037 0.039722222222222214 0.050277777777777824
3 0.5651215277777778 0.42407986111111107 0.04440972222222221 0.05031250000000007
3 0.6033159722222222 0.43942708333333336 0.04440972222222221 0.05031250000000007
3 0.64140625 0.45243055555555556 0.04916666666666671 0.05190972222222214
3 0.6804166666666667 0.4685532407407408 0.039583333333333214 0.04715277777777782
3 0.7097395833333333 0.4777141203703703 0.044340277777777715 0.04875000000000007
5 0.4361979166666667 0.33672453703703703 0.049583333333333354 0.061284722222222233
5 0.6993055555555555 0.43637152777777777 0.04256944444444457 0.044050925925925986
2 0.48227430555555556 0.35357638888888887 0.05121527777777786 0.06285879629629632
2 0.6666493055555556 0.4225462962962963 0.04468750000000003 0.05656250000000007
0 0.5203298611111111 0.3657986111111111 0.051145833333333356 0.061296296296296314
0 0.6309722222222222 0.411087962962963 0.055624999999999855 0.056643518518518475
4 0.5605902777777778 0.3748784722222222 0.06611111111111115 0.08171296296296297
1 0.6016319444444445 0.38395254629629627 0.07427083333333329 0.0895833333333333