10 0.5760300925925926 0.6262847222222222 0.0997800925925926 0.09572916666666664
10 0.2546990740740741 0.7517013888888888 0.11402777777777776 0.10895833333333335
10 0.6665451388888888 0.7816435185185184 0.11241898148148159 0.10575231481481495
10 0.9150347222222223 0.6399594907407408 0.11554398148148123 0.10591435185185194
7 0.26817129629629627 0.39642361111111113 0.10800925925925924 0.12425925925925921
12 0.43638310185185186 0.31615162037037037 0.08888888888888893 0.09828703703703709
9 0.9290972222222222 0.21913773148148147 0.048263888888888926 0.09618055555555553
12 0.7396122685185185 0.44428819444444445 0.10465277777777775 0.10847222222222222
7 0.09138310185185185 0.5301157407407407 0.13468750000000002 0.13344907407407405
9 0.41922453703703705 0.47529513888888886 0.10635416666666657 0.11792824074074063
8 0.7039351851851852 0.19653356481481482 0.10868055555555553 0.1695717592592593
11 0.6741319444444445 0.29256944444444444 0.14310185185185187 0.17447916666666669