3 0.6114293981481482 0.11116319444444445 0.071875 0.04375
3 0.6177951388888889 0.17765625000000002 0.07667824074074084 0.04697916666666666
3 0.6101273148148149 0.24461805555555555 0.0606481481481481 0.03569444444444443
3 0.6301215277777777 0.3629340277777778 0.0784143518518519 0.051701388888888825
3 0.6291087962962963 0.41989583333333336 0.0706018518518519 0.05152777777777775
5 0.5768229166666666 0.5467534722222223 0.09010416666666679 0.07225694444444439
5 0.5504050925925925 0.10746527777777777 0.09305555555555553 0.06763888888888889
2 0.5842592592592593 0.49461805555555555 0.08327546296296298 0.056493055555555574
2 0.5555266203703704 0.1825173611111111 0.09959490740740726 0.0755902777777778
0 0.5819155092592593 0.43133680555555554 0.10081018518518511 0.06624999999999996
0 0.5640046296296296 0.24281250000000001 0.10260416666666679 0.07253472222222221
4 0.5868055555555556 0.37368055555555557 0.12170138888888893 0.08232638888888885
1 0.586574074074074 0.30420138888888887 0.14525462962962976 0.08597222222222226
3 0.6368634259259259 0.5238888888888888 0.06903935185185191 0.0514930555555555
3 0.6279224537037037 0.47217013888888887 0.059375 0.043472222222222356
12 0.9095775462962964 0.46828125 0.0625 0.04354166666666668
12 0.8981192129629629 0.11675347222222224 0.06556712962962977 0.04204861111111109
9 0.9059895833333332 0.4135590277777778 0.08009259259259238 0.05486111111111107
9 0.907175925925926 0.17159722222222223 0.07847222222222214 0.05326388888888891
7 0.9113425925925925 0.36840277777777775 0.08778935185185191 0.05190972222222223
7 0.9113136574074072 0.22008680555555554 0.08773148148148166 0.05034722222222223
8 0.92421875 0.3156076388888889 0.1166087962962962 0.07128472222222229
11 0.9138310185185186 0.26697916666666666 0.11157407407407405 0.06180555555555554
10 0.8596354166666667 0.4687326388888889 0.0625 0.04354166666666668
10 0.8626736111111111 0.42430555555555555 0.06238425925925952 0.04041666666666668
10 0.8601273148148149 0.3766319444444445 0.06724537037037023 0.045208333333333336
10 0.8590277777777778 0.32586805555555554 0.06417824074074048 0.04670138888888893
10 0.8602430555555556 0.274375 0.065625 0.04361111111111109
10 0.8567997685185185 0.22355902777777778 0.06556712962962977 0.04204861111111109
10 0.8570891203703702 0.1681423611111111 0.06556712962962977 0.04204861111111109
10 0.8561921296296298 0.12284722222222225 0.062442129629629764 0.04197916666666668