3 0.3862847222222222 0.30864583333333334 0.027835648148148096 0.03614583333333332
3 0.42118055555555556 0.325 0.03101851851851851 0.03791666666666664
3 0.4692708333333334 0.33989583333333334 0.030960648148148095 0.036354166666666646
3 0.5071469907407408 0.3525520833333333 0.03414351851851851 0.038124999999999964
3 0.5513888888888889 0.36875 0.03425925925925917 0.04124999999999997
3 0.5995081018518518 0.38442708333333336 0.03414351851851851 0.038124999999999964
3 0.6492766203703704 0.4025520833333333 0.03252314814814809 0.03645833333333339
3 0.6918402777777779 0.41552083333333334 0.043634259259259164 0.041874999999999926
5 0.4098090277777778 0.29151041666666666 0.031076388888888928 0.03947916666666664
5 0.7229456018518519 0.39265625000000004 0.040740740740740834 0.04791666666666661
2 0.4531539351851852 0.30453125 0.03923611111111107 0.04937500000000004
2 0.677951388888889 0.37718749999999995 0.04554398148148149 0.05135416666666668
0 0.4940104166666666 0.3134895833333333 0.036226851851851906 0.052291666666666715
0 0.6266203703703704 0.3589583333333334 0.04565972222222214 0.054479166666666676
4 0.537181712962963 0.3218229166666667 0.04947916666666661 0.0734375
1 0.5859085648148148 0.33286458333333335 0.06070601851851851 0.08197916666666663
12 0.16840277777777776 0.40166666666666667 0.04241898148148149 0.051145833333333356
12 0.5323784722222222 0.54984375 0.05046296296296297 0.057916666666666575
9 0.21666666666666665 0.42125 0.04097222222222223 0.054166666666666606
9 0.469849537037037 0.5238541666666666 0.04890046296296298 0.0578125
7 0.2647569444444445 0.43614583333333334 0.04589120370370363 0.06072916666666668
7 0.4143518518518519 0.49833333333333335 0.05231481481481488 0.06583333333333333
8 0.3142071759259259 0.44567708333333333 0.05167824074074075 0.09072916666666657
11 0.3689236111111111 0.47114583333333326 0.05914351851851851 0.08187500000000014
10 0.5712962962962964 0.5275000000000001 0.04542824074074083 0.048229166666666504
10 0.5033854166666666 0.5034895833333334 0.04224537037037024 0.04645833333333336
10 0.45274884259259257 0.48296875000000006 0.0375 0.04458333333333329
10 0.40358796296296295 0.4602083333333333 0.0375 0.04458333333333329
10 0.34997106481481477 0.44338541666666664 0.034317129629629586 0.04281249999999996
10 0.29939236111111106 0.42442708333333334 0.026504629629629583 0.042291666666666575
10 0.2573784722222222 0.4052604166666667 0.0375 0.04458333333333329
10 0.21140046296296297 0.38427083333333334 0.03559027777777777 0.035104166666666714