12 0.2012615740740741 0.3555960648148148 0.06046296296296294 0.08208333333333329
9 0.2211921296296296 0.3934201388888889 0.05494212962962965 0.0960532407407408
11 0.26495949074074077 0.46912615740740743 0.07070601851851847 0.12907407407407412
7 0.3232696759259259 0.5810127314814815 0.061273148148148146 0.09770833333333329
12 0.37419560185185186 0.714681712962963 0.06383101851851851 0.08681712962962962
9 0.3476967592592593 0.6376678240740741 0.060543981481481525 0.08364583333333328
8 0.29027777777777775 0.50859375 0.08624999999999998 0.1277430555555556
7 0.24260416666666665 0.4328298611111111 0.06415509259259267 0.09306712962962962
10 0.29953124999999997 0.29997685185185186 0.05192129629629623 0.06790509259259263
10 0.3688599537037037 0.3049131944444444 0.04847222222222225 0.0616087962962963
10 0.33906828703703706 0.38187499999999996 0.05035879629629632 0.06788194444444447
10 0.3774537037037037 0.4105902777777778 0.045671296296296224 0.06781249999999997
10 0.399537037037037 0.46721064814814817 0.04887731481481481 0.0694212962962963
10 0.4930787037037037 0.5178530092592593 0.05553240740740737 0.07732638888888896
10 0.5233506944444445 0.5824131944444445 0.04887731481481481 0.0694212962962963
3 0.39369212962962963 0.2482060185185185 0.05192129629629631 0.06790509259259263
3 0.4574710648148148 0.2546238425925926 0.04262731481481481 0.06932870370370373
3 0.4854571759259259 0.28787615740740746 0.03613425925925924 0.06454861111111114
3 0.5122974537037037 0.3281481481481482 0.04262731481481481 0.06932870370370363
3 0.5377372685185184 0.36527199074074074 0.0347337962962964 0.06765046296296298
3 0.5680671296296296 0.3985590277777778 0.04098379629629641 0.06774305555555546
3 0.6000520833333333 0.4451620370370371 0.04591435185185198 0.07250000000000015
3 0.5762673611111111 0.5269039351851852 0.055046296296296406 0.06795138888888896
5 0.7209085648148148 0.4062962962962963 0.04788194444444436 0.08033564814814813
5 0.5057175925925926 0.16855324074074077 0.04106481481481481 0.06930555555555555
2 0.5356712962962963 0.1940162037037037 0.04155092592592595 0.07868055555555556
0 0.5615567129629631 0.2225462962962963 0.03891203703703709 0.08800925925925922
0 0.6483564814814815 0.3278182870370371 0.04712962962962965 0.09593749999999997
2 0.6860127314814815 0.3705960648148148 0.05133101851851851 0.08663194444444447
4 0.6244270833333333 0.2766435185185185 0.04974537037037034 0.11627314814814813
1 0.5938020833333333 0.2339699074074074 0.05359953703703688 0.13038194444444445
10 0.4610532407407407 0.3664814814814815 0.04418981481481481 0.06935185185185189