10 0.560792824074074 0.4932291666666666 0.0484375 0.04252314814814824
10 0.5011284722222221 0.5186574074074073 0.045196759259259166 0.04093750000000007
10 0.45581597222222225 0.5400752314814815 0.04039351851851851 0.03934027777777782
10 0.4064236111111111 0.5638657407407408 0.04641203703703702 0.036261574074073974
10 0.36244212962962963 0.5883969907407407 0.038831018518518515 0.03932870370370374
10 0.3111111111111111 0.6067361111111111 0.03425925925925925 0.04085648148148149
10 0.26982060185185186 0.6265625 0.0359375 0.04243055555555557
10 0.23327546296296298 0.6455729166666667 0.03547453703703703 0.03618055555555557
5 0.430324074074074 0.726099537037037 0.04195601851851851 0.0393518518518519
2 0.4703125 0.7133101851851851 0.04241898148148149 0.04560185185185191
0 0.5072916666666666 0.6989814814814815 0.04745370370370381 0.05032407407407398
4 0.5484375 0.6916493055555556 0.05798611111111107 0.06601851851851848
1 0.5977430555555555 0.6795717592592593 0.06469907407407405 0.0723148148148148
0 0.6326967592592592 0.6504224537037038 0.048784722222222146 0.04721064814814824
2 0.6747685185185185 0.6305902777777778 0.052025462962962975 0.04879629629629623
3 0.6887152777777777 0.5898842592592592 0.051446759259259345 0.04098379629629641
3 0.644704861111111 0.6042650462962962 0.047511574074074046 0.030023148148148236
3 0.5985532407407408 0.6264699074074074 0.041724537037037025 0.036226851851851906
3 0.5542534722222222 0.6447569444444444 0.041724537037037025 0.036226851851851906
3 0.5139756944444445 0.6614525462962962 0.037152777777777854 0.03775462962962948
3 0.47928240740740746 0.6765451388888889 0.03379629629629619 0.03460648148148149
3 0.4373842592592593 0.6940335648148148 0.03547453703703703 0.03618055555555557
3 0.4034143518518518 0.7099016203703703 0.033912037037037025 0.03616898148148149
5 0.720630787037037 0.6122916666666667 0.051446759259259164 0.04098379629629641
12 0.19039351851851852 0.6341782407407408 0.04756944444444446 0.051886574074073974
9 0.23570601851851852 0.6127604166666666 0.04756944444444446 0.051886574074073974
7 0.2769386574074074 0.5937152777777778 0.04155092592592595 0.05496527777777764
8 0.32763310185185185 0.5839699074074074 0.05914351851851851 0.08164351851851848
11 0.37112268518518515 0.5555381944444445 0.06192129629629628 0.07697916666666664
7 0.41617476851851853 0.5270949074074075 0.054629629629629584 0.06287037037037031
9 0.4635706018518519 0.49863425925925925 0.054166666666666786 0.05662037037037031
12 0.5203414351851852 0.47010416666666666 0.05729166666666678 0.056643518518518475