12 0.4803182870370371 0.21681134259259255 0.06464120370370381 0.06701388888888893
12 0.7755555555555556 0.48680555555555555 0.06905092592592599 0.06267361111111107
9 0.735648148148148 0.44340277777777787 0.0702430555555555 0.0565393518518519
9 0.5193518518518518 0.25859375 0.05829861111111114 0.06498842592592595
7 0.5588425925925926 0.29496527777777776 0.0709837962962963 0.06903935185185191
7 0.6920196759259258 0.4028356481481481 0.08035879629629612 0.0697337962962962
11 0.6537673611111111 0.36111111111111116 0.07944444444444443 0.08055555555555553
8 0.6202488425925926 0.3205150462962963 0.09461805555555572 0.10034722222222214
10 0.35309027777777774 0.2618344907407407 0.04662037037037035 0.05167824074074075
10 0.3892303240740741 0.3072916666666667 0.03715277777777777 0.049421296296296366
10 0.5125520833333332 0.3669849537037037 0.057094907407407545 0.04467592592592595
10 0.4612037037037037 0.43240740740740746 0.049837962962962834 0.05347222222222214
10 0.5557233796296297 0.412962962962963 0.04965277777777786 0.05034722222222214
10 0.6073900462962963 0.4447916666666666 0.05581018518518519 0.04924768518518512
10 0.6018576388888889 0.5089409722222222 0.05902777777777786 0.05104166666666661
10 0.6980960648148148 0.5316261574074075 0.05893518518518519 0.04947916666666678
3 0.5971527777777779 0.5739293981481481 0.055347222222222214 0.04143518518518512
3 0.49006944444444434 0.5519965277777777 0.060590277777777854 0.05115740740740744
3 0.44391203703703697 0.5081307870370371 0.04965277777777786 0.05034722222222214
3 0.3939814814814815 0.4530960648148148 0.0522337962962963 0.06765046296296298
3 0.35508680555555555 0.4136574074074074 0.04395833333333332 0.059259259259259164
3 0.3093460648148148 0.3768229166666667 0.047083333333333324 0.05949074074074075
3 0.26396990740740744 0.3330150462962963 0.04965277777777786 0.05034722222222214
3 0.2925752314814815 0.2775752314814815 0.04414351851851848 0.06238425925925926
5 0.0889236111111111 0.3192708333333333 0.054895833333333324 0.06006944444444447
5 0.44177083333333333 0.6557581018518519 0.055081018518518474 0.06319444444444429
2 0.13420717592592593 0.36151620370370374 0.05857638888888887 0.06967592592592595
2 0.3786053240740741 0.6005208333333334 0.06804398148148146 0.07193287037037024
0 0.33456018518518515 0.5529224537037037 0.058668981481481454 0.07123842592592596
0 0.18399305555555556 0.40098379629629627 0.04920138888888888 0.06898148148148149
4 0.22946180555555556 0.4463541666666666 0.06887731481481482 0.08599537037037024
1 0.28150462962962963 0.49765625 0.07393518518518523 0.09259259259259256