10 0.56640625 0.33125 0.025 0.05625
10 0.40234375 0.30390625 0.02890625 0.053125
3 0.5234375 0.3859375 0.034375 0.0609375
3 0.5703125 0.38046875 0.0296875 0.05234375
5 0.740625 0.45703125 0.03828125 0.07421875
2 0.67890625 0.4625 0.0359375 0.0828125
0 0.63046875 0.46328125 0.03125 0.08984375
1 0.57265625 0.4484375 0.0390625 0.11875
4 0.5171875 0.45625 0.040625 0.10703125
0 0.4671875 0.4640625 0.03359375 0.07890625
2 0.415625 0.47421875 0.0375 0.07421875
5 0.3703125 0.484375 0.04296875 0.065625
3 0.71875 0.3265625 0.028125 0.05703125
3 0.6703125 0.3734375 0.0265625 0.0625
3 0.6203125 0.37734375 0.025 0.0578125
3 0.47734375 0.3890625 0.03359375 0.05703125
3 0.43203125 0.39140625 0.03046875 0.04609375
3 0.39921875 0.3484375 0.0328125 0.05546875
10 0.45 0.30546875 0.028125 0.05703125
10 0.53125 0.26875 0.02890625 0.05390625
10 0.578125 0.265625 0.02421875 0.06171875
10 0.6203125 0.25625 0.025 0.05625
10 0.66796875 0.2921875 0.02734375 0.0546875
10 0.71328125 0.24921875 0.02421875 0.0546875
12 0.70078125 0.18203125 0.021875 0.0640625
9 0.65703125 0.184375 0.0296875 0.06953125
9 0.453125 0.2078125 0.0359375 0.06640625
12 0.41015625 0.21171875 0.0296875 0.05859375
7 0.49296875 0.2015625 0.0296875 0.07734375
7 0.61484375 0.184375 0.02421875 0.078125
11 0.575 0.1796875 0.028125 0.1
8 0.53515625 0.17578125 0.03125 0.1109375