8 0.7359664351851851 0.9237094907407407 0.13651620370370382 0.14315972222222229
10 0.4077835648148148 0.29159143518518515 0.16493055555555552 0.10900462962962969
10 0.05222800925925926 0.48177662037037033 0.07285879629629628 0.11144675925925931
10 0.289525462962963 0.5589467592592593 0.11765046296296297 0.09771990740740737
10 0.09045138888888889 0.6065277777777778 0.08929398148148149 0.09126157407407405
10 0.6497106481481482 0.49376157407407406 0.12274305555555554 0.10869212962962962
10 0.8842013888888889 0.5795486111111112 0.1377893518518519 0.09318287037037046
10 0.576099537037037 0.6162152777777778 0.12228009259259257 0.09619212962962961
9 0.453443287037037 0.7437210648148148 0.09450231481481489 0.1053587962962963
7 0.16944444444444445 0.7348842592592593 0.1027199074074074 0.11635416666666672
7 0.33119212962962963 0.8188657407407408 0.09155092592592595 0.11002314814814795
12 0.48697916666666663 0.8685069444444444 0.10503472222222214 0.09450231481481489
12 0.75 0.7329282407407407 0.11464120370370381 0.10082175925925921
9 0.9534432870370371 0.8985706018518519 0.09311342592592595 0.08989583333333329
11 0.7118055555555556 0.8621527777777779 0.11336805555555554 0.15079861111111087