8 0.6772916666666667 0.6663541666666667 0.1570833333333333 0.18409722222222236
10 0.31557291666666665 0.1362326388888889 0.17437500000000003 0.13983796296296297
10 0.6251041666666667 0.15288194444444442 0.16229166666666667 0.12208333333333332
10 0.33510416666666665 0.32207175925925924 0.15145833333333333 0.12307870370370377
10 0.015729166666666666 0.35881944444444447 0.03145833333333333 0.11986111111111111
10 0.9082812499999999 0.3312789351851852 0.13427083333333342 0.14554398148148148
12 0.579375 0.4184027777777778 0.15239583333333329 0.13714120370370378
12 0.3638541666666667 0.6732638888888889 0.12333333333333325 0.12162037037037052
9 0.8929166666666667 0.5383912037037037 0.14458333333333329 0.13673611111111122
9 0.25703125 0.5355497685185184 0.14260416666666664 0.15376157407407404
7 0.17286458333333332 0.6769386574074074 0.1359375 0.14718750000000008
11 0.5952604166666667 0.5771817129629631 0.1432291666666668 0.16313657407407406