12 0.6320486111111111 0.76875 0.06269675925925924 0.0640625
9 0.6440856481481482 0.7296875 0.06910879629629622 0.0671875
7 0.6619560185185185 0.69765625 0.06787037037037039 0.0734375
8 0.6855381944444445 0.6703125 0.09087962962962966 0.0953125
11 0.7028414351851853 0.62734375 0.0919560185185185 0.0859375
5 0.1876215277777778 0.63515625 0.06261574074074075 0.0625
2 0.1953761574074074 0.60390625 0.0755208333333333 0.0703125
0 0.20362847222222222 0.5671875 0.0739583333333333 0.0703125
4 0.1954340277777778 0.5296875 0.09063657407407408 0.090625
1 0.1985127314814815 0.48359375 0.10057870370370373 0.1015625
0 0.21023726851851848 0.4234375 0.08489583333333339 0.0703125
10 0.6941319444444444 0.459375 0.06393518518518526 0.0578125
10 0.6704976851851852 0.50078125 0.06549768518518526 0.0578125
10 0.6551215277777779 0.55078125 0.06393518518518526 0.0578125
10 0.6307060185185185 0.5921875 0.06204861111111111 0.0515625
10 0.6141435185185184 0.634375 0.05423611111111111 0.0515625
10 0.5997222222222223 0.67265625 0.055798611111111104 0.0515625
10 0.5869444444444445 0.7125 0.050868055555555534 0.046875
10 0.5658275462962963 0.7421875 0.05940972222222225 0.0609375
3 0.30914930555555553 0.3421875 0.07026620370370366 0.059375
3 0.30331018518518515 0.3953125 0.06714120370370366 0.059375
3 0.28867476851851853 0.44453125 0.062129629629629604 0.053125
3 0.2809895833333333 0.4921875 0.059085648148148096 0.0546875
3 0.27857060185185184 0.5359375 0.054317129629629604 0.053125
3 0.2696585648148148 0.575 0.05423611111111111 0.0515625
3 0.26535300925925925 0.6125 0.05399305555555554 0.046875
3 0.2587037037037037 0.65 0.054155092592592616 0.05
5 0.22894675925925925 0.3171875 0.08004629629629631 0.0671875
2 0.21491898148148145 0.378125 0.07684027777777783 0.065625
12 0.7678414351851852 0.4796875 0.07371527777777782 0.065625
9 0.7456770833333334 0.534375 0.06738425925925924 0.0640625
7 0.7229050925925926 0.57734375 0.0754398148148148 0.06875