10 0.628125 0.39284722222222224 0.13138888888888883 0.11336805555555554
10 0.36037037037037034 0.3353993055555556 0.09847222222222225 0.0838541666666666
10 0.5506597222222223 0.2536979166666667 0.08403935185185177 0.07697916666666664
10 0.40447916666666667 0.2485069444444444 0.09056712962962958 0.08194444444444446
10 0.8102199074074073 0.23904513888888887 0.10343750000000007 0.08875000000000002
10 0.7642013888888889 0.17407986111111112 0.11418981481481491 0.08611111111111111
7 0.45180555555555557 0.15991319444444443 0.11245370370370367 0.10940972222222226
7 0.5790914351851851 0.07633680555555555 0.09783564814814802 0.09940972222222225
9 0.6690104166666667 0.11052083333333333 0.09599537037037038 0.09465277777777778
12 0.6991493055555555 0.03424479166666666 0.09737268518518505 0.06848958333333333
12 0.888599537037037 0.07348958333333333 0.10546296296296305 0.09663194444444442
11 0.8669386574074075 0.025694444444444443 0.11924768518518505 0.05138888888888889
8 0.8730150462962964 0.001979166666666665 0.10084490740740719 0.00395833333333333