12 0.6350173611111111 0.86453125 0.05291666666666668 0.06208333333333336
12 0.24961805555555552 0.7965625 0.0483680555555555 0.06822916666666679
9 0.5749826388888889 0.8577256944444445 0.0561805555555555 0.06840277777777785
9 0.3055902777777778 0.8103125 0.04361111111111109 0.06499999999999986
7 0.523611111111111 0.8479861111111113 0.05138888888888893 0.06361111111111128
7 0.36015625 0.8169965277777778 0.04670138888888893 0.06350694444444471
11 0.47451388888888885 0.8414236111111112 0.05628472222222207 0.07309027777777785
8 0.42000000000000004 0.8323958333333333 0.05020833333333332 0.08076388888888886
10 0.2691493055555555 0.7266493055555555 0.04961805555555561 0.054201388888888855
10 0.32291666666666663 0.7340972222222222 0.04006944444444445 0.04618055555555571
10 0.3758680555555555 0.7430902777777778 0.040173611111111104 0.050868055555555534
10 0.43043402777777773 0.7497743055555556 0.040347222222222354 0.058680555555555534
10 0.4834027777777778 0.757986111111111 0.040173611111111104 0.050868055555555715
10 0.5385763888888888 0.7725 0.04020833333333336 0.052430555555555716
10 0.586875 0.7798263888888889 0.04336805555555543 0.054062500000000034
10 0.6515625 0.7882986111111111 0.040138888888888856 0.04930555555555553
5 0.3568923611111111 0.29557291666666663 0.05135416666666668 0.06204861111111111
5 0.7281597222222222 0.36635416666666665 0.05934027777777775 0.07003472222222226
2 0.4144097222222222 0.31013888888888885 0.05604166666666668 0.062152777777777765
2 0.680625 0.3598263888888889 0.059375 0.07159722222222217
0 0.4650868055555556 0.3159548611111111 0.04812499999999993 0.0572916666666667
0 0.6222222222222222 0.3499305555555556 0.0593055555555555 0.06847222222222218
4 0.5157291666666667 0.32333333333333336 0.0563194444444445 0.07465277777777776
1 0.5740104166666666 0.33869791666666665 0.0706944444444444 0.08902777777777775
3 0.34593749999999995 0.36645833333333333 0.04190972222222218 0.05871527777777778
3 0.39710069444444446 0.3855729166666667 0.04791666666666661 0.0479166666666667
3 0.4577604166666666 0.3994270833333333 0.04486111111111111 0.05097222222222229
3 0.5028819444444445 0.40902777777777777 0.043368055555555604 0.054062500000000034
3 0.55265625 0.42029513888888886 0.038402777777777786 0.041458333333333285
3 0.6096180555555556 0.4246875 0.04170138888888886 0.04934027777777779
3 0.6649131944444445 0.4337326388888888 0.04791666666666679 0.04791666666666679
3 0.7115972222222222 0.4433680555555556 0.04499999999999993 0.057222222222222285