10 0.4614872685185185 0.35234375 0.09311342592592595 0.109375
10 0.3549479166666667 0.59765625 0.06712962962962958 0.0828125
10 0.3127314814814815 0.40703125 0.06354166666666669 0.0703125
10 0.28035300925925927 0.5453125 0.06678240740740744 0.0734375
10 0.34892939814814816 0.1609375 0.07349537037037042 0.0859375
10 0.2767939814814815 0.19609375 0.0708333333333333 0.0984375
7 0.20245949074074074 0.48828125 0.09241898148148149 0.090625
7 0.14684606481481483 0.3578125 0.08576388888888889 0.0796875
9 0.19701967592592592 0.278125 0.07939814814814813 0.0765625
12 0.1181712962962963 0.2375 0.07638888888888888 0.0796875
12 0.20300925925925925 0.06015625 0.08009259259259256 0.0953125
11 0.11519097222222223 0.07265625 0.11134259259259256 0.0953125
8 0.06669560185185185 0.05 0.1208912037037037 0.1