12 0.7407349537037037 0.5549652777777778 0.08599537037037042 0.11312500000000014
12 0.5465393518518519 0.16411458333333334 0.05437499999999993 0.08673611111111112
9 0.5713368055555555 0.20210069444444442 0.06239583333333343 0.10114583333333335
9 0.6941956018518518 0.47416666666666674 0.07802083333333325 0.10184027777777764
7 0.5891724537037037 0.24508680555555556 0.06717592592592592 0.10760416666666668
7 0.6619849537037037 0.41071180555555553 0.07806712962962976 0.10496527777777782
11 0.6100636574074074 0.28324652777777776 0.08319444444444439 0.13486111111111115
8 0.6388715277777778 0.3280902777777778 0.10222222222222221 0.15444444444444444
10 0.5022627314814815 0.18328125 0.05428240740740744 0.08048611111111108
10 0.5113773148148149 0.21805555555555553 0.052604166666666605 0.07260416666666672
10 0.5379456018518518 0.27003472222222225 0.04945601851851844 0.0709027777777778
10 0.5535763888888889 0.32249999999999995 0.05572916666666661 0.07274305555555553
10 0.5787094907407407 0.3831423611111111 0.05586805555555543 0.08211805555555554
10 0.6092418981481481 0.43885416666666666 0.06216435185185176 0.08552083333333335
10 0.6352025462962964 0.5025868055555556 0.06048611111111111 0.07763888888888885
10 0.6581192129629629 0.5719270833333333 0.05265046296296294 0.07572916666666671
3 0.23559606481481482 0.2303125 0.049571759259259274 0.0787152777777778
3 0.24723958333333335 0.2774826388888889 0.04789351851851844 0.07083333333333339
3 0.25428819444444445 0.3311111111111111 0.05276620370370368 0.08354166666666671
3 0.26449652777777777 0.3869444444444444 0.05892361111111111 0.07756944444444436
3 0.2771527777777778 0.44970486111111113 0.05421296296296294 0.07579861111111122
3 0.2890393518518518 0.51328125 0.04472222222222229 0.06756944444444439
3 0.3032928240740741 0.5783159722222222 0.05115740740740744 0.08034722222222221
3 0.3161689814814815 0.6559201388888889 0.06053240740740744 0.08076388888888886
5 0.1817476851851852 0.23661458333333335 0.04973379629629626 0.0896527777777778
5 0.2367476851851852 0.6774305555555555 0.07020833333333325 0.1014930555555555
2 0.18241898148148147 0.28192708333333333 0.05621527777777775 0.10555555555555554
2 0.22931712962962963 0.5980208333333333 0.068599537037037 0.098298611111111
0 0.1925 0.3291666666666667 0.057685185185185214 0.09937500000000003
0 0.22501157407407407 0.5184722222222222 0.07340277777777775 0.1063194444444445
1 0.1868287037037037 0.36850694444444443 0.08195601851851855 0.15666666666666665
4 0.2012210648148148 0.4429166666666666 0.07857638888888889 0.13934027777777783