5 0.18425925925925926 0.6695138888888889 0.11001157407407405 0.10313657407407409
3 0.08622685185185186 0.4286458333333333 0.14525462962962962 0.12708333333333338
3 0.030844907407407408 0.5162326388888889 0.027083333333333327 0.09878472222222215
3 0.4173900462962963 0.6746585648148148 0.12129629629629637 0.11267361111111107
3 0.8957175925925928 0.6308333333333334 0.14473379629629618 0.11302083333333321
3 0.7883391203703705 0.5175173611111111 0.16371527777777786 0.11954861111111104
3 0.6186053240740741 0.4301388888888889 0.15931712962962977 0.12729166666666672
5 0.5863425925925926 0.6143113425925926 0.15115740740740727 0.11780092592592588
2 0.22838541666666665 0.5946006944444445 0.1375 0.12853009259259274
0 0.7464988425925927 0.7174652777777778 0.15474537037037042 0.13034722222222223
2 0.4456597222222222 0.5304108796296296 0.15231481481481488 0.1490509259259259
4 0.2419849537037037 0.37083912037037037 0.21261574074074074 0.21709490740740742