8 0.8778472222222223 0.77 0.138923611111111 0.14635416666666662
10 0.3834027777777778 0.6116666666666667 0.10527777777777772 0.12541666666666665
10 0.6201388888888889 0.9574999999999999 0.07895833333333328 0.08500000000000014
10 0.5102256944444445 0.24401041666666665 0.07840277777777764 0.08156249999999998
10 0.5751388888888889 0.45833333333333337 0.078125 0.07531250000000007
10 0.5508506944444445 0.775625 0.08017361111111114 0.08635416666666665
9 0.8525173611111111 0.9628125000000001 0.08336805555555564 0.07437499999999986
7 0.7755729166666667 0.4442708333333333 0.0935416666666665 0.07166666666666668
10 0.635173611111111 0.6942708333333333 0.0735069444444445 0.0765625
7 0.7051041666666666 0.3196875 0.10184027777777764 0.08312499999999998
10 0.6043923611111112 0.27614583333333337 0.073298611111111 0.071875
9 0.7241319444444445 0.5615104166666667 0.09253472222222214 0.08406249999999993
12 0.7270833333333333 0.8124479166666667 0.09732638888888889 0.12177083333333343
12 0.8123784722222223 0.5681770833333333 0.07684027777777765 0.08145833333333333
11 0.8220833333333333 0.7553124999999999 0.13260416666666686 0.14437500000000014