10 0.2763541666666667 0.9264467592592591 0.16500000000000004 0.13703703703703737
10 0.5828125 0.9417245370370371 0.08645833333333339 0.08113425925925917
10 0.4440104166666667 0.37514467592592593 0.08416666666666668 0.09351851851851851
10 0.6432291666666666 0.7671875 0.08968750000000014 0.10619212962962976
10 0.5275520833333334 0.6884548611111111 0.09447916666666671 0.10792824074074084
12 0.4609895833333333 0.06594328703703703 0.1017708333333335 0.10040509259259259
10 0.3240104166666667 0.49001736111111105 0.09937500000000003 0.11122685185185191
10 0.27026041666666667 0.17717013888888888 0.09729166666666664 0.1033564814814815
11 0.5893229166666666 0.006018518518518518 0.14114583333333322 0.012037037037037035
12 0.6756770833333333 0.11438078703703702 0.09447916666666671 0.08454861111111112
7 0.708125 0.5658564814814815 0.1203125 0.12135416666666661
7 0.7058854166666666 0.32080439814814815 0.11281250000000007 0.1023726851851852
9 0.6001041666666668 0.32002314814814814 0.11729166666666657 0.12280092592592595