5 0.8758564814814814 0.7162037037037037 0.07553240740740748 0.07465277777777786
5 0.8288194444444444 0.37957175925925923 0.08021990740740748 0.07482638888888893
2 0.8371180555555554 0.4449074074074074 0.0787037037037038 0.08101851851851852
2 0.8701273148148149 0.68125 0.08178240740740747 0.07488425925925916
0 0.8546990740740741 0.49739583333333337 0.09902777777777771 0.08333333333333322
0 0.8658854166666666 0.636082175925926 0.08032407407407405 0.08888888888888893
4 0.8636805555555555 0.5494212962962963 0.10696759259259281 0.10081018518518511
1 0.8773900462962964 0.606741898148148 0.11495370370370353 0.12453703703703703
3 0.7978703703703705 0.7378472222222222 0.05981481481481481 0.061574074074074045
3 0.7905381944444445 0.697482638888889 0.051967592592592385 0.056597222222222146
3 0.7839699074074075 0.6547453703703704 0.059803240740740546 0.06001157407407405
3 0.7750462962962963 0.6105324074074074 0.06447916666666664 0.05862268518518512
3 0.7645543981481481 0.5655960648148148 0.06922453703703688 0.0666087962962962
3 0.7641898148148148 0.5163773148148147 0.0723263888888889 0.06359953703703702
3 0.7474074074074074 0.4662037037037036 0.05670138888888889 0.06302083333333322
3 0.7469618055555556 0.4060474537037037 0.06133101851851848 0.05538194444444446
10 0.47136574074074067 0.8632523148148149 0.06922453703703688 0.0666087962962962
10 0.4491550925925926 0.81875 0.056655092592592736 0.056770833333333215
10 0.4301041666666666 0.7788194444444445 0.05196759259259256 0.056597222222222146
10 0.41571759259259256 0.7355902777777777 0.050416666666666644 0.058101851851851904
10 0.3911631944444444 0.6911747685185186 0.05355324074074073 0.05978009259259256
10 0.36580439814814814 0.6436631944444444 0.058229166666666644 0.058391203703703806
10 0.3482349537037037 0.5927372685185185 0.05355324074074073 0.05978009259259256
10 0.3252199074074074 0.545138888888889 0.0723263888888889 0.06359953703703702
12 0.3988310185185185 0.882349537037037 0.05204861111111114 0.06753472222222215
12 0.23319444444444443 0.5704282407407407 0.07244212962962963 0.07922453703703702
9 0.37675925925925924 0.8565972222222221 0.06774305555555564 0.07748842592592595
9 0.2672222222222222 0.6277777777777779 0.07554398148148148 0.07621527777777785
7 0.35767939814814814 0.8127604166666667 0.04587962962962964 0.07824074074074083
7 0.297337962962963 0.6844907407407408 0.07244212962962963 0.07922453703703702
11 0.3434432870370371 0.78984375 0.06944444444444446 0.09629629629629619
8 0.32125000000000004 0.7476851851851851 0.08519675925925921 0.1140625