5 0.2234375 0.20403935185185187 0.062152777777777765 0.06425925925925924
2 0.2582465277777778 0.21081018518518518 0.0686111111111111 0.06913194444444448
0 0.30296874999999995 0.2227488425925926 0.07784722222222218 0.06628472222222222
4 0.3358854166666666 0.21943287037037038 0.08777777777777782 0.07906250000000004
1 0.383125 0.22739583333333332 0.09749999999999996 0.08715277777777777
0 0.44276041666666666 0.23733217592592593 0.06697916666666667 0.06752314814814815
12 0.21116319444444445 0.6382060185185185 0.06322916666666663 0.05336805555555557
7 0.28956597222222225 0.6647511574074074 0.07159722222222227 0.06609953703703705
8 0.3234027777777778 0.6933969907407407 0.09565972222222223 0.08085648148148153
12 0.5186805555555555 0.7586111111111111 0.0656944444444445 0.0737268518518519
9 0.4617013888888889 0.7415740740740742 0.0671180555555555 0.07064814814814824
7 0.4182465277777778 0.7186747685185185 0.0702430555555555 0.07074074074074073
7 0.368125 0.7053356481481481 0.08940972222222224 0.08067129629629619
9 0.2543229166666666 0.6501909722222223 0.06697916666666667 0.06752314814814823
10 0.519357638888889 0.6907118055555556 0.05711805555555571 0.05630787037037024
10 0.4773611111111111 0.6701099537037037 0.05427083333333336 0.06246527777777775
10 0.4266319444444444 0.6528877314814815 0.052430555555555536 0.05616898148148142
10 0.3806597222222222 0.6339641203703703 0.04916666666666671 0.05295138888888893
10 0.3384201388888889 0.6188310185185186 0.05065972222222222 0.051435185185185264
10 0.29682291666666666 0.6067997685185185 0.04732638888888889 0.046655092592592595
10 0.2584548611111111 0.5923321759259259 0.04875000000000007 0.04357638888888893
10 0.22338541666666667 0.5738657407407407 0.04888888888888889 0.04670138888888893
3 0.5469444444444445 0.33333333333333337 0.05874999999999986 0.05791666666666666
3 0.49352430555555554 0.3239930555555556 0.05378472222222221 0.05152777777777775
3 0.44109375 0.30994212962962964 0.05250000000000003 0.05773148148148151
3 0.39300347222222226 0.3035648148148148 0.05378472222222221 0.05152777777777775
3 0.34881944444444446 0.2970717592592592 0.0505902777777778 0.04987268518518526
3 0.30633680555555554 0.28740740740740744 0.05236111111111104 0.054606481481481416
3 0.2659548611111111 0.28314236111111113 0.050729166666666714 0.052997685185185175
3 0.22822916666666665 0.27177662037037037 0.053715277777777806 0.04996527777777775
5 0.55265625 0.2574826388888889 0.06385416666666668 0.06743055555555558
2 0.4908854166666667 0.2429282407407407 0.062291666666666676 0.06738425925925924