8 0.7791493055555556 0.6647974537037037 0.16811342592592596 0.13366898148148146
10 0.12261574074074075 0.4208217592592593 0.11208333333333335 0.16043981481481495
10 0.22811342592592593 0.7277314814814815 0.09484953703703702 0.15329861111111107
10 0.32347800925925924 0.3994733796296296 0.09788194444444445 0.14096064814814815
10 0.2613773148148148 0.039163773148148145 0.11001157407407405 0.07832754629629629
10 0.495150462962963 0.9450462962962962 0.1269907407407409 0.06437500000000007
12 0.49129050925925927 0.6227141203703704 0.11504629629629637 0.13872685185185177
12 0.6979224537037038 0.3496006944444444 0.10545138888888879 0.10855324074074071
9 0.7110011574074073 0.9033969907407406 0.10708333333333328 0.11800925925925938
9 0.5243344907407408 0.2734780092592593 0.13523148148148145 0.12259259259259263
7 0.6477951388888888 0.15852430555555555 0.13050925925925938 0.11766203703703706
11 0.6624652777777778 0.6029050925925926 0.14616898148148144 0.12315972222222218