5 0.646875 0.8978125 0.0515625 0.05812500000000007
2 0.61640625 0.8793749999999999 0.0578125 0.06322916666666671
0 0.5796875 0.8511458333333334 0.0671875 0.060729166666666855
4 0.54921875 0.8413020833333335 0.075 0.07062499999999972
1 0.50859375 0.8159375000000001 0.0828125 0.07895833333333328
0 0.45703125 0.78359375 0.0546875 0.06145833333333321
12 0.7671875 0.5097395833333334 0.053125 0.04572916666666664
7 0.703125 0.45703125 0.0609375 0.06031250000000003
8 0.68046875 0.4180208333333333 0.0828125 0.07270833333333329
12 0.52265625 0.28484375 0.053125 0.06760416666666665
9 0.56796875 0.32145833333333335 0.05625 0.06468749999999997
7 0.6015625 0.3580729166666667 0.0578125 0.06322916666666671
7 0.64296875 0.3905208333333333 0.078125 0.07395833333333339
9 0.73125 0.48312499999999997 0.0546875 0.06145833333333339
10 0.50390625 0.3453125 0.0484375 0.05166666666666666
10 0.53671875 0.3803125 0.0453125 0.05770833333333334
10 0.57734375 0.4142708333333333 0.0453125 0.05302083333333343
10 0.61328125 0.4494791666666666 0.0421875 0.04656249999999993
10 0.6484375 0.47916666666666663 0.0421875 0.04656249999999993
10 0.68125 0.5063541666666667 0.040625 0.043333333333333356
10 0.7125 0.5334375 0.040625 0.04020833333333336
10 0.740625 0.5634375 0.040625 0.043333333333333356
3 0.38828125 0.6579166666666667 0.0484375 0.05166666666666657
3 0.43359375 0.6859375 0.0453125 0.04833333333333343
3 0.47734375 0.7185416666666666 0.0453125 0.05458333333333343
3 0.51796875 0.743125 0.0453125 0.04833333333333343
3 0.55703125 0.7660416666666666 0.04375 0.046666666666666676
3 0.59296875 0.7910937499999999 0.0453125 0.051458333333333425
3 0.62734375 0.8105729166666666 0.0421875 0.04656249999999993
3 0.65859375 0.8353124999999999 0.04375 0.045104166666666855
5 0.36328125 0.7234375 0.0515625 0.06125000000000007
2 0.415625 0.7613020833333334 0.0515625 0.06125000000000007