11 0.6713194444444445 0.42034722222222226 0.07065972222222214 0.11917824074074072
8 0.6709895833333334 0.4578240740740741 0.08513888888888896 0.13365740740740736
7 0.6665219907407407 0.39785300925925926 0.05093750000000004 0.08581018518518527
7 0.6610706018518518 0.5291493055555556 0.06031250000000003 0.08608796296296291
9 0.6699305555555555 0.36184606481481485 0.05222222222222221 0.07648148148148141
12 0.6688599537037037 0.31894675925925925 0.0477662037037037 0.0841550925925926
10 0.622974537037037 0.31328125 0.03291666666666657 0.05717592592592595
10 0.6217708333333334 0.35390625 0.035949074074074085 0.05414351851851853
10 0.6176273148148148 0.3883738425925926 0.035949074074074085 0.05414351851851853
10 0.6093923611111112 0.429207175925926 0.035949074074074085 0.05414351851851862
10 0.6080729166666666 0.4737384259259259 0.04096064814814824 0.06521990740740743
10 0.6041550925925925 0.5269328703703703 0.045648148148148236 0.06535879629629626
10 0.5963310185185186 0.5802430555555556 0.04730324074074073 0.0685300925925926
3 0.42048611111111106 0.24512731481481484 0.03443287037037024 0.055659722222222284
3 0.40945023148148146 0.27511574074074074 0.03291666666666657 0.05717592592592595
3 0.39197916666666666 0.31153935185185183 0.03604166666666657 0.05726851851851853
3 0.38002314814814814 0.34623842592592596 0.04252314814814806 0.06526620370370377
3 0.3624131944444445 0.38734953703703706 0.04408564814814815 0.06531250000000002
1 0.33233217592592595 0.2961342592592593 0.06349537037037037 0.14082175925925924
4 0.30975694444444446 0.34675925925925927 0.06303240740740738 0.12519675925925924
0 0.34924768518518523 0.27846064814814814 0.038576388888888855 0.09012731481481477
0 0.2847222222222222 0.4013599537037037 0.0561805555555555 0.10469907407407408
2 0.3665335648148148 0.24828703703703706 0.050844907407407366 0.08268518518518517
5 0.3751099537037037 0.22227430555555555 0.03631944444444448 0.06664351851851853
5 0.22265625 0.5202835648148147 0.06206018518518519 0.09238425925925924
2 0.25964120370370375 0.4575231481481481 0.060682870370370345 0.0985879629629629
3 0.28446180555555556 0.541869212962963 0.045925925925925884 0.07473379629629626
3 0.3188946759259259 0.4862094907407407 0.04408564814814815 0.06531249999999993
3 0.3401388888888889 0.42781828703703706 0.044178240740740726 0.06843749999999993
10 0.5915393518518519 0.6365856481481481 0.05212962962962955 0.07335648148148159
12 0.6487037037037038 0.6567476851851852 0.06357638888888886 0.09086805555555558
9 0.6577488425925926 0.588570601851852 0.0665162037037037 0.08471064814814824