10 0.36172453703703705 0.7067708333333333 0.036678240740740706 0.05212962962962955
10 0.39641782407407405 0.6776041666666666 0.04141203703703713 0.055532407407407544
10 0.3308449074074074 0.7299189814814815 0.030381944444444465 0.04863425925925924
10 0.29212962962962963 0.7510416666666667 0.03502314814814813 0.04578703703703706
10 0.4484953703703704 0.6627372685185184 0.03980324074074062 0.05231481481481488
10 0.49340277777777786 0.6380787037037037 0.039826388888888786 0.05387731481481488
10 0.5344155092592592 0.6139699074074074 0.04297453703703695 0.055625000000000036
10 0.5793113425925925 0.5885300925925925 0.03667824074074062 0.05212962962962955
1 0.3903356481481482 0.4251215277777778 0.058946759259259275 0.07998842592592599
4 0.42821180555555555 0.40004629629629634 0.052696759259259277 0.0796180555555555
0 0.3713368055555556 0.45990162037037036 0.042905092592592634 0.05093750000000004
0 0.4655266203703704 0.3897685185185185 0.039988425925925955 0.0648148148148148
2 0.34203125 0.4839236111111111 0.03359953703703704 0.05506944444444439
2 0.4956712962962963 0.3696990740740741 0.03833333333333329 0.05847222222222222
5 0.31884837962962964 0.4997222222222222 0.03194444444444446 0.0487268518518519
5 0.5374074074074073 0.34173032407407405 0.036701388888888783 0.05369212962962964
3 0.5419270833333334 0.38336805555555553 0.030474537037036953 0.05488425925925924
3 0.5079340277777777 0.40711226851851856 0.025648148148148132 0.045231481481481595
3 0.4716550925925926 0.4346238425925926 0.035115740740740795 0.05203703703703706
3 0.43995949074074076 0.45538194444444446 0.028819444444444463 0.04854166666666657
3 0.40751736111111114 0.47843749999999996 0.03194444444444446 0.0487268518518519
3 0.3774189814814815 0.5016319444444445 0.028680555555555553 0.03916666666666657
3 0.34497685185185184 0.5246875 0.03171296296296298 0.0331018518518519
3 0.3203240740740741 0.5466435185185186 0.0287268518518518 0.042291666666666575
12 0.5909664351851852 0.6376157407407408 0.05258101851851862 0.0718055555555555
12 0.28902199074074075 0.8047164351851851 0.04619212962962962 0.06206018518518519
9 0.5398321759259259 0.6634664351851851 0.04789351851851862 0.07152777777777786
9 0.32849537037037035 0.7820775462962963 0.05568287037037036 0.07042824074074083
7 0.48860532407407414 0.6830671296296297 0.05568287037037045 0.07042824074074083
7 0.36561342592592594 0.7585185185185186 0.061979166666666606 0.07392361111111115
8 0.42954282407407407 0.7006423611111112 0.07487268518518526 0.10122685185185176
11 0.3948263888888889 0.7282465277777778 0.07144675925925928 0.0807291666666666