10 0.7622743055555555 0.27234375 0.05545138888888897 0.06791666666666671
10 0.7252372685185186 0.2661979166666667 0.055636574074074116 0.07104166666666671
10 0.6812615740740741 0.2588020833333333 0.06684027777777786 0.04972222222222218
10 0.632824074074074 0.2609548611111111 0.05682870370370381 0.06486111111111104
10 0.5925694444444444 0.2565104166666667 0.05967592592592581 0.06031250000000003
10 0.5386226851851852 0.24644097222222222 0.05829861111111114 0.06336805555555554
10 0.48761574074074077 0.2393576388888889 0.05608796296296301 0.05236111111111112
10 0.41937499999999994 0.23381944444444444 0.05719907407407412 0.07111111111111112
12 0.7875810185185186 0.20031249999999998 0.06611111111111115 0.06371527777777786
12 0.439542824074074 0.14331597222222223 0.06464120370370381 0.06520833333333335
9 0.5070949074074074 0.14732638888888888 0.07081018518518505 0.09041666666666667
9 0.753900462962963 0.19012152777777777 0.05839120370370363 0.06493055555555553
7 0.7101967592592592 0.1912847222222222 0.07042824074074083 0.05767361111111109
7 0.5649942129629629 0.15644097222222222 0.07871527777777772 0.09232638888888886
11 0.619537037037037 0.16960069444444445 0.08900462962962959 0.08187499999999996
8 0.6783101851851852 0.17711805555555554 0.10003472222222207 0.0839236111111111
3 0.6945254629629629 0.6135243055555556 0.05958333333333332 0.05875000000000004
3 0.6556481481481482 0.6121354166666666 0.051400462962962835 0.052152777777777715
3 0.6068402777777778 0.6205381944444445 0.055173611111111145 0.06322916666666671
3 0.5702141203703703 0.6206076388888888 0.05802083333333332 0.058680555555555534
3 0.5222337962962963 0.6281944444444445 0.06097222222222225 0.08218749999999986
3 0.469380787037037 0.6391145833333333 0.05645833333333332 0.05861111111111121
3 0.40835069444444444 0.6433854166666666 0.04487268518518519 0.04718750000000007
3 0.3555902777777778 0.6527430555555556 0.0561805555555555 0.053923611111111214
5 0.6892129629629629 0.676875 0.054155092592592526 0.04604166666666672
5 0.34442708333333333 0.7490798611111111 0.05857638888888887 0.06805555555555554
2 0.3991203703703704 0.7334027777777777 0.06731481481481474 0.08402777777777785
2 0.64734375 0.6865277777777777 0.06583333333333333 0.05902777777777786
0 0.6049247685185185 0.6923090277777778 0.0694212962962963 0.06697916666666667
0 0.45739583333333333 0.7230208333333333 0.06584490740740741 0.08552083333333335
4 0.5729340277777778 0.7061979166666668 0.09148148148148146 0.07107638888888879
1 0.5220081018518519 0.7240451388888889 0.09121527777777771 0.09288194444444428