1 0.3518923611111111 0.33405671296296297 0.0785069444444444 0.08806712962962963
0 0.3637326388888889 0.2933506944444445 0.05270833333333336 0.05194444444444439
2 0.3746701388888889 0.2581192129629629 0.05298611111111118 0.06444444444444439
5 0.3858159722222222 0.21351273148148148 0.05270833333333336 0.05194444444444439
12 0.6204340277777778 0.7632465277777778 0.06850694444444443 0.05987268518518505
12 0.6396180555555555 0.39207175925925924 0.05093750000000004 0.04255787037037031
9 0.6418055555555556 0.4342361111111111 0.057395833333333354 0.051979166666666646
9 0.6205729166666666 0.6866956018518519 0.06826388888888886 0.04893518518518523
7 0.636892361111111 0.4795775462962963 0.05888888888888886 0.048865740740740723
7 0.6256597222222222 0.6335416666666667 0.062013888888888855 0.04888888888888889
11 0.6398958333333333 0.5201736111111112 0.07333333333333343 0.06615740740740747
8 0.6396006944444445 0.568605324074074 0.09041666666666667 0.06159722222222221
10 0.5750520833333332 0.3449016203703704 0.04149305555555571 0.03936342592592599
10 0.5324131944444443 0.36552662037037037 0.046527777777777855 0.05502314814814815
10 0.5658506944444445 0.44260995370370376 0.047673611111111035 0.03628472222222214
10 0.4852083333333333 0.45101851851851854 0.040034722222222284 0.044039351851851906
10 0.5525 0.4809837962962963 0.04631944444444436 0.045648148148148236
10 0.5503819444444444 0.5411458333333334 0.041458333333333285 0.03780092592592581
10 0.50328125 0.6219502314814814 0.04947916666666678 0.047233796296296406
10 0.49848958333333326 0.6969733796296296 0.052604166666666785 0.04725694444444439
3 0.5002430555555556 0.30171296296296296 0.04645833333333336 0.05189814814814815
3 0.45453124999999994 0.3200173611111111 0.054201388888888855 0.048831018518518475
3 0.44250000000000006 0.36931712962962965 0.04791666666666679 0.047222222222222235
3 0.4343576388888889 0.41936921296296303 0.04486111111111111 0.05032407407407398
3 0.42385416666666664 0.4702199074074073 0.04631944444444436 0.045648148148148236
3 0.41177083333333336 0.5218634259259259 0.04642361111111111 0.05033564814814824
3 0.4010416666666667 0.5828703703703704 0.04822916666666668 0.06128472222222214
3 0.44381944444444443 0.6614467592592593 0.04777777777777779 0.040972222222222146
5 0.2814756944444444 0.585318287037037 0.06232638888888893 0.06295138888888889
2 0.3054513888888889 0.525775462962963 0.05277777777777777 0.05506944444444439
0 0.32470486111111113 0.4678298611111111 0.0671180555555555 0.06767361111111114
4 0.33555555555555555 0.4013541666666667 0.06597222222222224 0.08641203703703706