1 0.28686342592592595 0.4677083333333333 0.10578703703703703 0.03434027777777775
4 0.29693287037037036 0.51171875 0.09496527777777777 0.036979166666666605
0 0.29777199074074073 0.4258854166666667 0.07123842592592596 0.028125
0 0.31504629629629627 0.5491319444444445 0.07447916666666661 0.031388888888889
2 0.2930844907407407 0.38397569444444446 0.06811342592592595 0.02798611111111109
2 0.3252314814814815 0.590017361111111 0.0653356481481481 0.03722222222222236
5 0.2889756944444445 0.3475 0.06030092592592595 0.02763888888888886
5 0.33295717592592594 0.6341319444444444 0.05596064814814809 0.036805555555555536
10 0.5220775462962963 0.24510416666666668 0.06053240740740744 0.03388888888888886
10 0.5354166666666667 0.3061284722222222 0.06359953703703702 0.032465277777777767
10 0.5453125 0.3548263888888889 0.05572916666666661 0.030555555555555537
10 0.5526909722222222 0.40831597222222227 0.05572916666666661 0.030555555555555537
10 0.5767650462962963 0.5164409722222223 0.05572916666666661 0.030555555555555537
10 0.5803530092592593 0.5669791666666667 0.05914351851851851 0.03850694444444436
10 0.5925347222222223 0.6171354166666667 0.05596064814814809 0.036805555555555716
12 0.646267361111111 0.6194270833333333 0.07517361111111107 0.05013888888888882
12 0.5773726851851851 0.2262673611111111 0.07482638888888893 0.04076388888888891
9 0.6296296296296295 0.5632291666666667 0.08125 0.04572916666666664
9 0.5846064814814815 0.28366319444444443 0.07951388888888893 0.04097222222222223
7 0.6161458333333333 0.5061111111111111 0.08726851851851851 0.03975694444444446
7 0.5856481481481481 0.3397743055555556 0.08101851851851852 0.03947916666666664
8 0.5886863425925926 0.4472743055555556 0.12042824074074084 0.05059027777777771
11 0.583738425925926 0.3913368055555556 0.11550925925925917 0.04413194444444439
3 0.371412037037037 0.6277430555555557 0.052604166666666605 0.030416666666666713
3 0.3682581018518518 0.5865451388888889 0.04959490740740744 0.03340277777777771
3 0.3622395833333333 0.5384548611111111 0.05584490740740744 0.03368055555555571
3 0.3550636574074074 0.5005555555555555 0.052604166666666605 0.030416666666666713
3 0.3464699074074074 0.45881944444444445 0.05237268518518521 0.024166666666666715
3 0.3402488425925926 0.41619791666666667 0.05248842592592595 0.027291666666666714
3 0.3364583333333333 0.3711284722222222 0.046354166666666606 0.030138888888888892
3 0.3284722222222222 0.33404513888888887 0.050868055555555534 0.025659722222222216