10 0.05644097222222222 0.8047395833333333 0.11288194444444444 0.15010416666666657
10 0.02708333333333333 0.5070833333333333 0.05416666666666666 0.07666666666666658
10 0.5787673611111112 0.5790451388888889 0.0875694444444445 0.07375000000000007
10 0.18270833333333333 0.4286979166666667 0.10027777777777773 0.07871527777777772
10 0.2672569444444444 0.5322395833333333 0.10197916666666665 0.08187499999999996
12 0.8813368055555555 0.5278993055555555 0.09458333333333328 0.09107638888888889
10 0.47442708333333333 0.7096701388888889 0.10694444444444447 0.08822916666666672
10 0.7841319444444445 0.7267187500000001 0.09913194444444465 0.08805555555555564
11 0.95765625 0.3943055555555556 0.0577430555555555 0.14020833333333335
12 0.8216145833333333 0.3232465277777778 0.08031250000000015 0.08607638888888883
7 0.3757986111111111 0.34227430555555555 0.11552083333333325 0.10559027777777778
7 0.61625 0.3163368055555556 0.09343749999999992 0.10041666666666664
9 0.6241319444444444 0.42052083333333334 0.11538194444444443 0.10246527777777778