10 0.644357638888889 0.32488425925925923 0.1383680555555557 0.11340277777777778
10 0.3669618055555556 0.36593749999999997 0.09090277777777782 0.08545138888888885
10 0.9254340277777778 0.4494560185185185 0.106527777777778 0.08591435185185184
10 0.9594097222222222 0.16302662037037036 0.0811805555555555 0.0978125
10 0.6152951388888889 0.45942708333333326 0.09388888888888883 0.07929398148148152
12 0.39144097222222224 0.5528356481481482 0.09260416666666664 0.0917476851851852
10 0.09661458333333332 0.5131018518518519 0.08454861111111112 0.08057870370370371
7 0.9305729166666665 0.6455266203703705 0.1352083333333333 0.11174768518518512
12 0.5515451388888889 0.7216435185185185 0.08618055555555557 0.08375000000000003
7 0.72859375 0.7031076388888888 0.10690972222222221 0.10310185185185183
9 0.0837673611111111 0.6737442129629629 0.08479166666666667 0.0915162037037037
9 0.6553819444444444 0.6099016203703703 0.10368055555555564 0.09832175925925916
11 0.3661284722222222 0.6802314814814815 0.10128472222222226 0.13104166666666667
8 0.2942534722222222 0.7527199074074075 0.10159722222222226 0.1451041666666665