1 0.6196759259259259 0.3275868055555556 0.08340277777777771 0.08964120370370363
0 0.5971875000000001 0.2910185185185185 0.0546180555555555 0.05194444444444448
2 0.5773668981481481 0.25990162037037035 0.0537962962962963 0.06443287037037031
5 0.5545543981481481 0.21786458333333333 0.0546180555555555 0.05194444444444439
12 0.47411458333333334 0.8124710648148149 0.07236111111111114 0.06144675925925895
12 0.3590682870370371 0.45379050925925923 0.054062500000000034 0.042569444444444396
9 0.367037037037037 0.4959375 0.059398148148148165 0.05354166666666664
9 0.45478009259259256 0.7367997685185185 0.06858796296296302 0.05048611111111114
7 0.3844270833333333 0.5387962962962962 0.06077546296296292 0.050428240740740725
7 0.43536458333333333 0.6861400462962963 0.06380787037037035 0.04888888888888889
11 0.39152199074074073 0.579386574074074 0.07585648148148146 0.06771990740740748
8 0.40528356481481487 0.6269618055555555 0.0943287037037038 0.0631712962962963
10 0.40858217592592594 0.3924594907407407 0.04459490740740737 0.04093749999999998
10 0.4552777777777777 0.4022743055555555 0.050115740740740836 0.055034722222222145
10 0.44304398148148144 0.48599537037037044 0.04900462962962955 0.03628472222222214
10 0.5229108796296297 0.47524305555555557 0.04165509259259252 0.044039351851851906
10 0.4661284722222222 0.5194328703703703 0.04799768518518519 0.045648148148148236
10 0.48292824074074076 0.5787094907407407 0.04450231481481488 0.03937500000000007
10 0.5494560185185184 0.6462152777777778 0.05121527777777786 0.047233796296296225
10 0.5739814814814815 0.7171585648148149 0.054340277777777855 0.047256944444444574
3 0.4690798611111111 0.3318287037037037 0.0483680555555555 0.05189814814814815
3 0.5171990740740741 0.33928819444444447 0.05608796296296301 0.050393518518518476
3 0.5417129629629629 0.3836574074074074 0.04965277777777786 0.047222222222222235
3 0.5625520833333333 0.4319618055555555 0.0468055555555555 0.051886574074073974
3 0.5863773148148148 0.47789930555555565 0.04799768518518519 0.045648148148148236
3 0.6119502314814815 0.5269502314814816 0.04827546296296301 0.05033564814814824
3 0.6379398148148148 0.5830324074074074 0.05048611111111114 0.06128472222222214
3 0.6172974537037037 0.6699421296296297 0.050844907407407366 0.04098379629629641
5 0.752818287037037 0.5563888888888889 0.0647337962962963 0.0645138888888889
2 0.7137326388888889 0.5035300925925925 0.056365740740740834 0.055081018518518474
0 0.6802083333333334 0.4521932870370371 0.06960648148148145 0.06767361111111114
4 0.6531134259259259 0.3906481481481482 0.07081018518518523 0.08798611111111114