8 0.33770254629629626 0.3681712962962963 0.08394675925925928 0.07962962962962958
9 0.3794155092592592 0.296238425925926 0.06009259259259263 0.05063657407407405
4 0.822980324074074 0.4307002314814815 0.07142361111111128 0.07760416666666661
0 0.8188599537037037 0.3922453703703703 0.05549768518518512 0.05671296296296298
2 0.828136574074074 0.3464699074074074 0.05869212962962962 0.06151620370370372
5 0.8341493055555557 0.30995370370370373 0.05552083333333328 0.05827546296296297
3 0.7606886574074074 0.3087962962962963 0.06018518518518512 0.05688657407407405
3 0.7506770833333334 0.35141782407407407 0.04901620370370363 0.04085648148148149
3 0.7500405092592592 0.39438657407407407 0.04444444444444447 0.04849537037037042
3 0.7408333333333333 0.43547453703703703 0.04908564814814813 0.04554398148148149
3 0.7408969907407407 0.4839409722222222 0.04903935185185197 0.04241898148148149
3 0.737019675925926 0.5346064814814815 0.03966435185185198 0.04207175925925917
3 0.7206076388888889 0.5871527777777777 0.0506712962962963 0.0471643518518519
3 0.7182465277777779 0.6410011574074075 0.04903935185185197 0.04241898148148149
5 0.792337962962963 0.65234375 0.07109953703703713 0.05572916666666661
2 0.806568287037037 0.5887731481481481 0.06491898148148145 0.06018518518518512
0 0.8103993055555556 0.541232638888889 0.05712962962962962 0.06145833333333321
1 0.8175289351851852 0.48208912037037044 0.07928240740740726 0.08101851851851868
10 0.3589351851851852 0.5706307870370371 0.055335648148148134 0.045775462962962976
10 0.3775057870370371 0.5306712962962963 0.055358796296296295 0.04733796296296298
10 0.38686342592592593 0.4794270833333334 0.05839120370370363 0.04120370370370381
10 0.4054803240740741 0.43634259259259256 0.053749999999999964 0.04415509259259274
10 0.41557291666666674 0.3882523148148148 0.04271990740740748 0.0375
10 0.42474537037037036 0.3495081018518518 0.0537962962962963 0.04728009259259256
10 0.4331944444444444 0.30682870370370374 0.044351851851851976 0.04224537037037042
10 0.45171875000000006 0.269994212962963 0.05542824074074062 0.052025462962962975
12 0.2964814814814815 0.5651909722222223 0.06009259259259263 0.05063657407407405
12 0.38871527777777776 0.24890046296296298 0.06335648148148146 0.06012731481481488
9 0.3082523148148148 0.5093460648148149 0.06951388888888888 0.05410879629629619
7 0.32373263888888887 0.4669270833333334 0.06478009259259263 0.05081018518518512
7 0.3678877314814815 0.3356770833333333 0.05706018518518512 0.056770833333333395
11 0.3322743055555556 0.4179976851851852 0.08376157407407411 0.06712962962962958