10 0.4261863425925926 0.6419849537037037 0.08990740740740755 0.07974537037037041
10 0.5313888888888889 0.6208333333333333 0.08777777777777782 0.06875
10 0.6285474537037037 0.6189525462962964 0.08489583333333339 0.07332175925925917
10 0.7063483796296296 0.5224247685185185 0.08785879629629623 0.0703125
10 0.8230439814814815 0.5815393518518518 0.09475694444444435 0.08304398148148148
10 0.49728587962962967 0.49354745370370373 0.09451388888888879 0.07835648148148149
10 0.23924189814814817 0.6092303240740741 0.09295138888888888 0.07829861111111107
10 0.121875 0.6385416666666666 0.10938657407407408 0.09450231481481489
3 0.7914351851851851 0.43634259259259256 0.09747685185185198 0.07534722222222215
3 0.6782812500000001 0.3844039351851852 0.08489583333333321 0.07332175925925925
3 0.5837615740740741 0.39577546296296295 0.10052083333333321 0.07390046296296297
3 0.48509259259259263 0.41168981481481487 0.09295138888888879 0.07829861111111107
3 0.3902488425925926 0.42931134259259257 0.08341435185185189 0.07482638888888893
3 0.2973321759259259 0.43995949074074076 0.08489583333333339 0.07332175925925935
3 0.19591435185185185 0.46359953703703705 0.09459490740740742 0.0799189814814815
3 0.12300347222222223 0.556394675925926 0.09451388888888887 0.07835648148148149
12 0.8368865740740741 0.7221643518518519 0.10313657407407391 0.09427083333333322
12 0.13581597222222222 0.8527488425925925 0.11103009259259258 0.09612268518518512
9 0.24372685185185183 0.8246527777777777 0.11415509259259267 0.09623842592592595
9 0.7439409722222223 0.7484664351851851 0.10946759259259267 0.09606481481481488
7 0.6475752314814816 0.7652488425925925 0.09572916666666664 0.10179398148148167
7 0.3423553240740741 0.809519675925926 0.09384259259259257 0.09548611111111108
8 0.4550578703703703 0.8097800925925925 0.10820601851851848 0.13188657407407406
11 0.5512094907407408 0.78203125 0.11208333333333335 0.11643518518518511
5 0.7733738425925927 0.21102430555555554 0.11415509259259267 0.09623842592592595
5 0.06586805555555555 0.31475694444444446 0.10445601851851852 0.08964120370370363
2 0.15780092592592593 0.3079861111111111 0.09680555555555559 0.09247685185185181
2 0.6678761574074074 0.22277199074074075 0.10658564814814823 0.10063657407407404
0 0.5754976851851852 0.23813657407407404 0.10189814814814824 0.10046296296296298
0 0.2611168981481481 0.29302662037037036 0.10025462962962965 0.09884259259259257
4 0.36187500000000006 0.2670138888888889 0.09950231481481478 0.11440972222222223
1 0.4736111111111111 0.240625 0.11043981481481495 0.11481481481481479