5 0.3009201388888889 0.80234375 0.08253472222222218 0.0578125
5 0.04064236111111111 0.63203125 0.06795138888888888 0.034375
2 0.24532986111111113 0.77265625 0.08232638888888885 0.0484375
2 0.06838541666666667 0.64921875 0.07899305555555558 0.0390625
0 0.2060590277777778 0.746875 0.0902430555555556 0.053125
0 0.09451388888888888 0.66875 0.08378472222222222 0.04375
1 0.14630208333333333 0.72890625 0.13892361111111112 0.0640625
4 0.11180555555555556 0.69921875 0.11854166666666668 0.0609375
3 0.073125 0.50625 0.06322916666666667 0.0328125
3 0.09208333333333332 0.5671875 0.057048611111111105 0.0359375
3 0.12437499999999999 0.590625 0.061701388888888875 0.034375
3 0.15991319444444446 0.60859375 0.06010416666666667 0.0328125
3 0.19538194444444446 0.6296875 0.06329861111111112 0.0359375
3 0.23855902777777777 0.65546875 0.06017361111111112 0.0359375
3 0.28173611111111113 0.68125 0.06177083333333329 0.0375
3 0.35092013888888884 0.66171875 0.06819444444444445 0.0453125
12 0.4339756944444445 0.43984375 0.0917361111111111 0.05
12 0.09536458333333334 0.3140625 0.07586805555555558 0.0390625
9 0.37046875 0.41484375 0.09475694444444445 0.0453125
9 0.13161458333333334 0.33515625 0.08680555555555554 0.0390625
7 0.3098958333333333 0.3984375 0.09468750000000004 0.0421875
7 0.1671875 0.3515625 0.09927083333333338 0.0375
11 0.24456597222222226 0.38515625 0.12930555555555562 0.053125
8 0.19109375 0.365625 0.14003472222222219 0.04375
10 0.40093750000000006 0.55546875 0.07756944444444436 0.0453125
10 0.3221527777777778 0.58515625 0.07451388888888885 0.0484375
10 0.2927256944444444 0.503125 0.06645833333333329 0.0375
10 0.20911458333333335 0.57421875 0.06017361111111112 0.0359375
10 0.24288194444444447 0.49609375 0.06166666666666672 0.0328125
10 0.1981423611111111 0.4703125 0.06947916666666668 0.0328125
10 0.11828125 0.478125 0.06479166666666666 0.0328125
10 0.07901041666666667 0.45234375 0.06645833333333333 0.0375