8 0.6636979166666667 0.18661458333333333 0.10503472222222214 0.08038194444444446
11 0.6101041666666667 0.18078124999999998 0.0843055555555555 0.07055555555555557
7 0.6966666666666667 0.19993055555555556 0.07159722222222217 0.06559027777777779
12 0.7750868055555555 0.20911458333333335 0.062013888888888855 0.060694444444444426
10 0.4134722222222223 0.24993055555555554 0.047673611111111215 0.05413194444444445
10 0.48361111111111105 0.2522743055555556 0.044340277777777715 0.04937500000000004
10 0.5332986111111111 0.2581944444444445 0.050868055555555534 0.055763888888888856
10 0.5836979166666667 0.2656597222222222 0.05284722222222218 0.06517361111111111
10 0.6343055555555555 0.2684375 0.052152777777777715 0.049548611111111106
10 0.6811111111111111 0.2689583333333333 0.053576388888888896 0.04645833333333336
10 0.7174479166666667 0.2767361111111111 0.04774305555555554 0.05569444444444445
10 0.7546354166666667 0.28293402777777776 0.04760416666666671 0.052569444444444446
12 0.4371701388888889 0.15574652777777778 0.07052083333333332 0.07649305555555555
9 0.49840277777777775 0.16531250000000003 0.07208333333333332 0.07652777777777775
9 0.7349131944444445 0.1998611111111111 0.06527777777777785 0.06388888888888888
7 0.5541319444444445 0.17578125 0.07045138888888883 0.07493055555555558
3 0.3701041666666667 0.6637673611111111 0.05718750000000004 0.05746527777777786
3 0.4227951388888889 0.6547916666666668 0.04802083333333336 0.06194444444444436
3 0.4801388888888889 0.6464930555555556 0.05875000000000004 0.057499999999999926
3 0.5328993055555555 0.6359548611111111 0.053576388888888896 0.04645833333333336
3 0.5792708333333334 0.6286805555555556 0.05031250000000007 0.04326388888888886
3 0.6199305555555557 0.6269965277777778 0.04711805555555557 0.04163194444444436
3 0.6631423611111111 0.6205729166666666 0.055347222222222214 0.05118055555555543
3 0.7022048611111111 0.6197048611111111 0.050520833333333216 0.047951388888888856
5 0.7024479166666666 0.6844791666666666 0.05975694444444439 0.04503472222222218
5 0.36192708333333334 0.7599479166666667 0.05916666666666668 0.06687499999999993
2 0.6614409722222222 0.6939756944444444 0.06777777777777771 0.04989583333333325
2 0.4165277777777778 0.743125 0.05965277777777782 0.07781249999999992
0 0.6212500000000001 0.7026736111111112 0.06642361111111121 0.05454861111111118
0 0.4763888888888889 0.7308680555555556 0.06520833333333335 0.06232638888888893
4 0.5856770833333333 0.7128298611111111 0.092326388888889 0.07541666666666665
1 0.5371875 0.732638888888889 0.09465277777777778 0.0926388888888889