12 0.3020428240740741 0.22905092592592596 0.1098842592592593 0.07685185185185191
11 0.30494212962962963 0.4701099537037036 0.144212962962963 0.0731481481481481
8 0.29812500000000003 0.5471354166666667 0.1520717592592593 0.07997685185185191
7 0.29694444444444446 0.3902777777777778 0.11765046296296297 0.07118055555555554
7 0.2803298611111111 0.6304398148148148 0.11765046296296297 0.07118055555555554
9 0.26722800925925927 0.7126157407407407 0.11306712962962964 0.08489583333333339
9 0.29908564814814814 0.312037037037037 0.10836805555555555 0.08298611111111107
12 0.24079861111111112 0.802025462962963 0.11152777777777781 0.08790509259259274
10 0.4697511574074074 0.25176504629629626 0.08946759259259256 0.061284722222222233
10 0.5433333333333333 0.33220486111111114 0.07849537037037031 0.055787037037037024
10 0.44759837962962956 0.39629629629629626 0.0769212962962964 0.05410879629629637
10 0.4619270833333333 0.4647280092592593 0.08162037037037032 0.05601851851851851
10 0.43947916666666664 0.5436921296296295 0.0816087962962964 0.05445601851851869
10 0.4994849537037037 0.6649594907407408 0.07851851851851847 0.05891203703703703
10 0.483275462962963 0.7450231481481481 0.08635416666666665 0.06261574074074083
10 0.5828472222222223 0.47919560185185184 0.07850694444444457 0.057349537037037025
3 0.6132233796296296 0.27861689814814816 0.08475694444444457 0.0578125
3 0.6673263888888888 0.35347222222222224 0.0847337962962964 0.0546875
3 0.6637789351851853 0.4107349537037037 0.07849537037037031 0.055787037037037024
3 0.6586053240740741 0.47670717592592593 0.07218750000000007 0.047511574074074046
3 0.6519270833333334 0.534982638888889 0.0752893518518519 0.044618055555555716
3 0.6491724537037037 0.590625 0.07534722222222215 0.052430555555555536
3 0.6385185185185185 0.6585648148148149 0.08000000000000007 0.04809027777777786
3 0.5716724537037037 0.7228587962962962 0.0847569444444444 0.0578125
5 0.7553703703703704 0.6951967592592592 0.08945601851851848 0.05972222222222214
5 0.7801736111111112 0.2982638888888889 0.0847453703703703 0.05625
2 0.7812731481481482 0.36064814814814816 0.09726851851851848 0.06030092592592595
2 0.7596469907407407 0.6449074074074075 0.10351851851851848 0.06076388888888893
0 0.7824537037037038 0.41209490740740745 0.1081828703703703 0.05798611111111107
0 0.7624131944444444 0.5877025462962963 0.1081828703703703 0.05798611111111107
4 0.7878125 0.5319444444444444 0.14417824074074073 0.06846064814814809
1 0.7999942129629629 0.4685763888888889 0.15665509259259255 0.06626157407407404