10 0.5483796296296296 0.296875 0.03512731481481488 0.0625
10 0.37572337962962965 0.2546875 0.038136574074074045 0.059375
3 0.4955439814814815 0.35234375 0.04473379629629619 0.06875
3 0.547974537037037 0.35 0.03651620370370381 0.0578125
5 0.7225405092592593 0.44609375 0.05 0.084375
2 0.655324074074074 0.446875 0.048784722222222146 0.09375
0 0.6030671296296296 0.44453125 0.04427083333333322 0.0984375
1 0.5421006944444444 0.42421875 0.05642361111111107 0.13125
4 0.4809895833333334 0.42890625 0.05596064814814809 0.11875
0 0.42693865740740744 0.4328125 0.04537037037037024 0.0859375
2 0.36964699074074076 0.43984375 0.05 0.084375
5 0.31938657407407406 0.446875 0.054340277777777855 0.075
3 0.7138020833333334 0.30234375 0.03831018518518512 0.0640625
3 0.6565682870370371 0.35 0.035358796296296194 0.06875
3 0.6026331018518519 0.35078125 0.03518518518518512 0.0640625
3 0.4463252314814815 0.35234375 0.044618055555555536 0.065625
3 0.3963541666666667 0.3515625 0.037847222222222233 0.0515625
3 0.3661458333333333 0.30234375 0.04293981481481488 0.0625
10 0.4263020833333334 0.26015625 0.03831018518518512 0.0640625
10 0.5173900462962963 0.2265625 0.038136574074074045 0.059375
10 0.5689525462962963 0.2265625 0.03379629629629619 0.06875
10 0.6161168981481481 0.21875 0.03512731481481488 0.0625
10 0.6637152777777777 0.2625 0.03663194444444447 0.0609375
10 0.7176793981481481 0.21875 0.033506944444444284 0.0609375
12 0.7118055555555556 0.1453125 0.03229166666666679 0.0703125
9 0.6633969907407408 0.14453125 0.0387731481481481 0.0765625
9 0.4411458333333334 0.1546875 0.046527777777777855 0.075
12 0.3942418981481482 0.15546875 0.03836805555555554 0.065625
7 0.4842592592592593 0.15078125 0.04068287037037042 0.0859375
7 0.6182002314814815 0.14140625 0.035995370370370414 0.0859375
11 0.5755497685185185 0.1328125 0.04317129629629637 0.1109375
8 0.5336226851851852 0.12578125 0.04670138888888893 0.121875