5 0.17109375 0.428125 0.0765625 0.04296875
2 0.2 0.45078125 0.08515625 0.04140625
0 0.22890625 0.475 0.075 0.04296875
1 0.25 0.503125 0.1125 0.0828125
4 0.3 0.54765625 0.10859375 0.07421875
0 0.34765625 0.5953125 0.084375 0.06640625
2 0.39921875 0.6359375 0.0734375 0.0640625
3 0.24140625 0.4 0.05546875 0.046875
3 0.271875 0.42265625 0.046875 0.0484375
3 0.3046875 0.453125 0.05703125 0.046875
3 0.3453125 0.4828125 0.0578125 0.0484375
3 0.384375 0.51640625 0.0578125 0.05
12 0.94375 0.365625 0.0578125 0.07109375
9 0.865625 0.33125 0.0640625 0.07578125
7 0.7984375 0.303125 0.0515625 0.07734375
8 0.73359375 0.26015625 0.06015625 0.11328125
11 0.67890625 0.24609375 0.06171875 0.09609375
7 0.6359375 0.2359375 0.040625 0.0765625
9 0.59140625 0.2203125 0.0484375 0.0671875
12 0.54453125 0.20859375 0.04609375 0.05703125
10 0.8765625 0.4125 0.06015625 0.06015625
10 0.81015625 0.38046875 0.05234375 0.05546875
10 0.7484375 0.3515625 0.0453125 0.05703125
10 0.684375 0.325 0.0421875 0.05078125
10 0.63046875 0.303125 0.0453125 0.05
10 0.584375 0.2796875 0.04140625 0.0484375
10 0.54296875 0.2609375 0.0421875 0.04609375
10 0.49296875 0.24140625 0.04375 0.046875
3 0.528125 0.6484375 0.07265625 0.053125
3 0.48046875 0.596875 0.06171875 0.05390625
3 0.425 0.55078125 0.059375 0.04765625
5 0.4546875 0.69765625 0.075 0.059375