5 0.6688599537037037 0.8019965277777779 0.05879629629629637 0.08760416666666657
2 0.6399942129629629 0.7778298611111112 0.06063657407407419 0.09702546296296291
0 0.6095428240740741 0.7529282407407407 0.05874999999999986 0.08604166666666657
1 0.575462962962963 0.737517361111111 0.10853009259259264 0.13278935185185184
4 0.5202835648148149 0.6961458333333332 0.10057870370370381 0.12787037037037052
0 0.4620486111111111 0.6572106481481481 0.08572916666666668 0.1008912037037037
2 0.4107060185185185 0.6133796296296297 0.08071759259259252 0.08981481481481488
3 0.6829976851851851 0.7249479166666667 0.05975694444444457 0.0673379629629629
3 0.6533043981481482 0.6992418981481482 0.05947916666666657 0.057962962962962904
3 0.6157291666666667 0.6714236111111112 0.059803240740740726 0.0689004629629629
3 0.5763599537037037 0.6358391203703704 0.06136574074074073 0.06894675925925924
3 0.5347395833333334 0.6034490740740741 0.06292824074074073 0.06899305555555557
12 0.5703645833333333 0.020300925925925927 0.08447916666666658 0.040601851851851854
9 0.6207696759259259 0.0762210648148148 0.09137731481481488 0.0807638888888889
7 0.664050925925926 0.13827546296296295 0.09105324074074073 0.06982638888888885
8 0.721255787037037 0.19522569444444443 0.12896990740740755 0.085
11 0.7470254629629629 0.24685185185185182 0.11173611111111122 0.08292824074074065
7 0.766267361111111 0.2892881944444444 0.08599537037037042 0.05718750000000004
9 0.7917592592592593 0.3315393518518518 0.07836805555555557 0.06320601851851855
12 0.8134143518518518 0.37625000000000003 0.06885416666666658 0.058240740740740725
10 0.5364872685185185 0.08184606481481481 0.07400462962962955 0.07400462962962961
10 0.5828472222222223 0.14224537037037038 0.06752314814814823 0.06600694444444444
10 0.6251851851851852 0.1988541666666667 0.06885416666666658 0.058240740740740725
10 0.6660532407407407 0.2586342592592593 0.06090277777777775 0.053321759259259235
10 0.6996354166666666 0.31002893518518515 0.06099537037037024 0.05644675925925924
10 0.7328935185185185 0.3504861111111111 0.05777777777777775 0.05322916666666666
10 0.760613425925926 0.3887615740740741 0.05621527777777775 0.053182870370370325
10 0.7909548611111111 0.43634259259259256 0.0578240740740739 0.05479166666666657
3 0.3701909722222222 0.48634259259259255 0.07125000000000004 0.08641203703703688
3 0.4322627314814815 0.522818287037037 0.06936342592592588 0.0754282407407409
3 0.49075231481481485 0.5703472222222222 0.06145833333333339 0.07207175925925924
5 0.3351446759259259 0.5702662037037036 0.07759259259259262 0.08972222222222222