10 0.0375 0.4140625 0.0625 0.025
10 0.07890625 0.40859375 0.0640625 0.025
10 0.12421875 0.39921875 0.06875 0.0296875
10 0.17421875 0.39453125 0.065625 0.0296875
10 0.23125 0.39140625 0.06875 0.03125
10 0.29140625 0.37734375 0.075 0.028125
8 0.13046875 0.33359375 0.1578125 0.04375
7 0.09921875 0.34765625 0.1015625 0.0203125
11 0.19296875 0.321875 0.140625 0.04375
7 0.26328125 0.309375 0.109375 0.040625
9 0.06015625 0.353125 0.0859375 0.0328125
12 0.0328125 0.36328125 0.065625 0.0296875
3 0.084375 0.68125 0.059375 0.03125
3 0.1265625 0.67890625 0.065625 0.0328125
3 0.18046875 0.68515625 0.065625 0.05
4 0.203125 0.76171875 0.1375 0.0640625
1 0.25625 0.771875 0.15 0.071875
0 0.171875 0.75 0.096875 0.040625
2 0.12734375 0.7421875 0.084375 0.0375
2 0.41953125 0.78671875 0.0875 0.0625
5 0.08359375 0.73359375 0.08125 0.046875
5 0.49375 0.7953125 0.090625 0.065625
0 0.340625 0.77578125 0.1046875 0.059375
3 0.484375 0.71484375 0.071875 0.0515625
3 0.41640625 0.7046875 0.0703125 0.0375
3 0.34765625 0.70078125 0.065625 0.0453125
3 0.28203125 0.6921875 0.06875 0.0375
3 0.22265625 0.6859375 0.059375 0.040625
12 0.41953125 0.284375 0.0921875 0.0546875
9 0.334375 0.29609375 0.096875 0.05
10 0.44296875 0.3609375 0.078125 0.04375
10 0.35625 0.3703125 0.075 0.034375