3 0.7569270833333334 0.37546875 0.031736111111111145 0.023958333333333394
3 0.7382291666666667 0.40947916666666667 0.033368055555555644 0.027187499999999965
3 0.7184722222222222 0.4560416666666667 0.03180555555555564 0.027083333333333393
3 0.7028298611111111 0.49296875 0.03343750000000014 0.030312499999999964
3 0.6815972222222222 0.5357291666666667 0.03656249999999996 0.030520833333333285
3 0.6625868055555555 0.5838020833333333 0.03343749999999997 0.030312499999999964
3 0.63890625 0.6314062500000001 0.03187500000000014 0.030208333333333216
3 0.6223784722222222 0.6730729166666667 0.035208333333333286 0.03979166666666671
5 0.7719444444444445 0.4017708333333333 0.03649305555555564 0.027395833333333286
5 0.6426736111111111 0.7076041666666667 0.04138888888888879 0.03708333333333336
2 0.7546180555555556 0.4442708333333333 0.04444444444444447 0.03416666666666668
2 0.6608159722222222 0.6634895833333333 0.04458333333333329 0.04041666666666668
0 0.7420312499999999 0.4841145833333333 0.04750000000000014 0.03125
0 0.6845486111111111 0.6135416666666667 0.04770833333333328 0.040625
4 0.7301562500000001 0.52703125 0.06645833333333329 0.041874999999999926
1 0.7142534722222222 0.5756770833333333 0.07451388888888885 0.05333333333333332
12 0.6856076388888889 0.14463541666666666 0.044513888888888964 0.03729166666666668
12 0.5046006944444444 0.4968229166666667 0.05097222222222229 0.0470833333333335
9 0.6627256944444444 0.19140625 0.04760416666666671 0.0359375
9 0.5363541666666667 0.4369791666666667 0.05090277777777778 0.04395833333333332
7 0.64296875 0.23796875 0.05395833333333329 0.04104166666666664
7 0.5664236111111111 0.3827083333333333 0.06034722222222229 0.04770833333333328
8 0.6285937500000001 0.2880729166666667 0.08520833333333329 0.04312500000000004
11 0.59859375 0.33921875 0.07291666666666678 0.05166666666666666
10 0.5223784722222222 0.5393229166666667 0.04149305555555571 0.041770833333333354
10 0.5535069444444444 0.4725 0.041458333333333285 0.04020833333333336
10 0.578767361111111 0.42401041666666667 0.03819444444444446 0.03375000000000004
10 0.6055729166666667 0.37619791666666663 0.03819444444444446 0.03375000000000004
10 0.6285763888888889 0.3239583333333333 0.039687499999999966 0.030729166666666606
10 0.6507465277777778 0.27411458333333333 0.037951388888888896 0.022812500000000034
10 0.6734722222222222 0.234375 0.03975694444444446 0.0338541666666667
10 0.6986284722222222 0.19057291666666668 0.028819444444444463 0.03312499999999998