10 0.3896875 0.2752199074074074 0.12111111111111113 0.11405092592592592
10 0.1302199074074074 0.4871875 0.09424768518518518 0.07204861111111108
10 0.8841493055555556 0.45122106481481483 0.07552083333333356 0.07420138888888897
10 0.6564351851851852 0.4130092592592593 0.07708333333333321 0.07428240740740755
10 0.3742418981481482 0.5112673611111112 0.07237268518518522 0.0709143518518518
10 0.6377256944444445 0.5249594907407408 0.06608796296296297 0.06590277777777764
10 0.22156828703703707 0.5801446759259259 0.08018518518518522 0.07131944444444435
7 0.3160763888888889 0.6776273148148148 0.08657407407407405 0.09039351851851851
7 0.4798090277777778 0.7300983796296296 0.07092592592592588 0.08645833333333322
12 0.6323611111111112 0.7503240740740741 0.061423611111111144 0.06878472222222225
9 0.5683159722222222 0.6504803240740741 0.06934027777777771 0.0832523148148148
8 0.8694097222222222 0.7825810185185185 0.07126157407407412 0.13177083333333323
11 0.8157812499999999 0.7173668981481482 0.0758449074074072 0.11795138888888879
12 0.8173032407407408 0.6063078703703704 0.07241898148148138 0.07716435185185197