3 0.16484375 0.2799479166666667 0.06869212962962963 0.04311342592592595
3 0.19968171296296297 0.23052662037037036 0.060821759259259256 0.04126157407407405
3 0.2378761574074074 0.22960069444444448 0.06875 0.04467592592592595
3 0.27641782407407406 0.2380497685185185 0.06568287037037042 0.04612268518518521
3 0.31866319444444446 0.24117476851851852 0.07366898148148149 0.05109953703703703
3 0.3710648148148148 0.24467592592592596 0.07054398148148149 0.05098379629629637
3 0.42439236111111106 0.25211226851851853 0.07690972222222214 0.054340277777777765
10 0.15439814814814815 0.3349537037037037 0.06556712962962967 0.04299768518518512
10 0.19658564814814813 0.3365162037037037 0.06556712962962967 0.04299768518518512
10 0.2627604166666667 0.3959201388888889 0.07025462962962958 0.04317129629629628
10 0.31362847222222223 0.40014467592592595 0.06863425925925926 0.04155092592592595
5 0.17080439814814813 0.12491319444444446 0.07042824074074075 0.04785879629629628
2 0.19892939814814814 0.12595486111111112 0.08640046296296297 0.0578125
0 0.2365451388888889 0.13046875 0.09421296296296297 0.05810185185185186
4 0.2632523148148148 0.11429398148148148 0.13252314814814808 0.08136574074074074
1 0.3067418981481481 0.10888310185185186 0.15636574074074075 0.09317129629629628
0 0.3781539351851852 0.1201099537037037 0.10237268518518512 0.06776620370370372
2 0.43046875 0.12126736111111111 0.09456018518518512 0.06747685185185186
12 0.1300636574074074 0.4573206018518519 0.06556712962962963 0.04299768518518512
9 0.1685474537037037 0.464207175925926 0.07650462962962963 0.04340277777777786
7 0.20002893518518522 0.4716145833333334 0.0890625 0.04542824074074083
8 0.22010995370370373 0.487181712962963 0.13194444444444448 0.06574074074074084
11 0.27146990740740745 0.5046875 0.12748842592592596 0.07181712962962958
7 0.331394675925926 0.521730324074074 0.10208333333333339 0.05995370370370381
9 0.38203125 0.540769675925926 0.09131944444444447 0.06423611111111108
12 0.4443287037037037 0.5586805555555555 0.08975694444444446 0.06417824074074083
5 0.5024594907407407 0.12705439814814815 0.09479166666666661 0.07372685185185186
10 0.4697627314814815 0.44493634259259257 0.08003472222222215 0.054456018518518515
10 0.4171006944444445 0.3712094907407407 0.0734375 0.04484953703703702
10 0.31255787037037036 0.3080439814814815 0.07511574074074075 0.04803240740740744
10 0.358275462962963 0.42598379629629635 0.07193287037037041 0.046354166666666786
3 0.48084490740740743 0.32285879629629627 0.08645833333333322 0.059375