5 0.32494212962962965 0.3273321759259259 0.06342592592592596 0.08164351851851848
2 0.3787268518518518 0.3264814814814815 0.05717592592592595 0.08127314814814816
0 0.4214525462962963 0.32862268518518517 0.04976851851851851 0.0886226851851852
1 0.47362268518518513 0.31384837962962964 0.06405092592592591 0.1237384259259259
4 0.5246585648148148 0.320949074074074 0.061840277777777786 0.11114583333333332
0 0.5677719907407408 0.34565393518518517 0.04976851851851851 0.0886226851851852
2 0.6228761574074074 0.3493981481481482 0.051006944444444355 0.08246527777777776
5 0.6679456018518518 0.35140046296296296 0.04262731481481481 0.07106481481481479
3 0.26580439814814816 0.4764814814814815 0.05224537037037038 0.07630787037037035
3 0.34217013888888886 0.4306770833333333 0.05512731481481481 0.0718055555555555
3 0.39246527777777784 0.4370428240740741 0.05512731481481481 0.0718055555555555
3 0.4460474537037037 0.44009837962962967 0.050115740740740836 0.06527777777777785
3 0.4932986111111111 0.4450868055555556 0.05340277777777782 0.06858796296296302
3 0.5427314814814814 0.4530613425925926 0.04394675925925924 0.06646990740740755
3 0.5993171296296296 0.45827546296296295 0.049120370370370384 0.0761226851851852
3 0.633912037037037 0.5271006944444444 0.040740740740740834 0.06472222222222221
10 0.4251331018518519 0.5129918981481482 0.05224537037037038 0.07630787037037035
10 0.29044560185185186 0.5420023148148149 0.04995370370370367 0.062152777777777855
10 0.20072916666666668 0.6049537037037037 0.05817129629629632 0.07042824074074083
10 0.31789930555555557 0.6283854166666667 0.05981481481481481 0.07208333333333332
10 0.3792418981481481 0.6169618055555556 0.04879629629629623 0.06987268518518519
10 0.4380613425925926 0.6391782407407407 0.048958333333333395 0.0729976851851852
10 0.5594155092592592 0.5969386574074074 0.055451388888888786 0.0780555555555555
10 0.6290393518518519 0.6060532407407407 0.05528935185185198 0.0749305555555555
12 0.13804976851851852 0.7473032407407407 0.07913194444444445 0.08413194444444443
9 0.2005613425925926 0.7583969907407407 0.06983796296296294 0.08513888888888879
7 0.2646759259259259 0.7686168981481482 0.0718055555555556 0.09304398148148145
11 0.3287789351851852 0.7640393518518518 0.07787037037037034 0.11988425925925945
8 0.39141203703703703 0.7727893518518518 0.07606481481481478 0.11510416666666679
7 0.46207175925925925 0.7919675925925926 0.050844907407407366 0.07934027777777786
9 0.5289872685185185 0.8082523148148149 0.06579861111111107 0.09736111111111115
12 0.6022453703703704 0.8374016203703704 0.06202546296296294 0.08467592592592581