12 0.26708333333333334 0.219224537037037 0.04906249999999997 0.05658564814814815
12 0.6788020833333334 0.19272569444444446 0.04343749999999993 0.06591435185185186
9 0.33067708333333334 0.21171875 0.051145833333333356 0.06440972222222223
9 0.6178645833333334 0.19317708333333333 0.04010416666666661 0.06276620370370374
7 0.3852083333333334 0.2089699074074074 0.049270833333333285 0.05971064814814815
7 0.56046875 0.19985532407407408 0.043020833333333286 0.05966435185185186
11 0.4364583333333333 0.20390046296296296 0.053125 0.07067129629629632
8 0.49468750000000006 0.19799768518518518 0.044375000000000143 0.07997685185185181
10 0.68078125 0.2693113425925926 0.04864583333333332 0.05033564814814815
10 0.6241666666666668 0.27598379629629627 0.0357291666666665 0.04399305555555557
10 0.56734375 0.27953125 0.0375 0.04712962962962965
10 0.5099479166666667 0.28620949074074076 0.03656249999999996 0.056493055555555574
10 0.45401041666666675 0.29131365740740744 0.03760416666666657 0.048692129629629655
10 0.39296875 0.2902025462962963 0.039270833333333324 0.050266203703703737
10 0.34171874999999996 0.29527199074074073 0.04239583333333332 0.050289351851851904
10 0.27338541666666666 0.30203125000000003 0.03895833333333334 0.04557870370370374
5 0.7259375 0.7356134259259258 0.04916666666666671 0.05814814814814824
5 0.32703125 0.7549826388888888 0.05604166666666668 0.06756944444444457
2 0.6633333333333333 0.7345138888888888 0.05385416666666672 0.05818287037037031
2 0.37828125 0.7499131944444445 0.05614583333333334 0.06913194444444457
0 0.6106770833333334 0.7419386574074075 0.04572916666666664 0.05343750000000007
0 0.44052083333333336 0.7455439814814815 0.05583333333333336 0.06444444444444439
4 0.5570833333333333 0.7470254629629629 0.053125 0.0706712962962964
1 0.49364583333333334 0.745150462962963 0.0651041666666666 0.08637731481481481
3 0.7153645833333333 0.6590914351851852 0.039687499999999966 0.056516203703703735
3 0.6578125 0.6517013888888888 0.04656249999999993 0.04251157407407398
3 0.5915104166666667 0.6537557870370371 0.0421875 0.0471643518518519
3 0.54234375 0.6549016203703704 0.0423958333333335 0.050289351851851904
3 0.4892708333333333 0.656076388888889 0.03531250000000004 0.03774305555555557
3 0.4305208333333333 0.6658912037037037 0.0372916666666665 0.04400462962962948
3 0.370625 0.6702430555555555 0.04354166666666668 0.04405092592592581
3 0.3207291666666666 0.672175925925926 0.042604166666666644 0.05341435185185191