10 0.4083738425925926 0.47901041666666666 0.08347222222222221 0.09458333333333328
10 0.2927488425925926 0.7878645833333333 0.09295138888888888 0.10927083333333343
10 0.2589351851851852 0.3932291666666667 0.09137731481481479 0.10760416666666668
10 0.39125 0.1527083333333333 0.09141203703703704 0.11229166666666668
7 0.6297743055555556 0.7689062499999999 0.11009259259259263 0.1041666666666666
12 0.7044560185185185 0.6058333333333333 0.08809027777777771 0.08552083333333335
9 0.794050925925926 0.11781250000000001 0.09424768518518505 0.0734375
12 0.5799537037037037 0.31927083333333334 0.09601851851851854 0.10166666666666666
7 0.5042245370370371 0.9377864583333334 0.11496527777777779 0.12442708333333315
9 0.5542361111111112 0.6255208333333334 0.10538194444444446 0.10072916666666672
8 0.816579861111111 0.3475520833333333 0.1537962962962965 0.10083333333333329
11 0.7249074074074074 0.3773958333333333 0.15562500000000004 0.13687499999999994