5 0.21765046296296298 0.4182986111111111 0.08211805555555554 0.09828703703703709
5 0.6891435185185185 0.25159143518518523 0.08009259259259256 0.09038194444444443
2 0.2902488425925926 0.3865567129629629 0.07365740740740741 0.08688657407407412
2 0.6289988425925925 0.2818113425925926 0.0806481481481482 0.09975694444444443
0 0.35724537037037035 0.3661226851851852 0.08046296296296296 0.09663194444444442
0 0.557957175925926 0.3001331018518519 0.07375000000000007 0.08844907407407412
1 0.4934895833333333 0.32355324074074077 0.07770833333333335 0.10269675925925928
4 0.4237384259259259 0.35042245370370373 0.07862268518518523 0.09185185185185185
3 0.2595486111111111 0.49029513888888887 0.07043981481481483 0.08513888888888896
3 0.32558449074074075 0.4801099537037037 0.05756944444444443 0.07814814814814816
3 0.39947337962962964 0.4569155092592593 0.06869212962962959 0.0819212962962963
3 0.4562210648148148 0.43552083333333336 0.05444444444444443 0.07796296296296283
3 0.5171064814814815 0.4178009259259259 0.06207175925925927 0.07530092592592581
3 0.5844212962962964 0.38950810185185186 0.058391203703703806 0.06574074074074066
3 0.6548206018518519 0.3735763888888889 0.06934027777777771 0.0928587962962963
3 0.7113831018518518 0.349056712962963 0.06584490740740741 0.08642361111111115
10 0.8138888888888889 0.7161631944444444 0.05756944444444443 0.07814814814814816
10 0.7458854166666666 0.7460648148148148 0.052326388888888783 0.06849537037037035
10 0.6902372685185185 0.7595543981481482 0.05444444444444443 0.07796296296296283
10 0.6342708333333332 0.7809027777777777 0.051412037037037096 0.07934027777777768
10 0.5782118055555555 0.8006886574074074 0.05425925925925927 0.07483796296296319
10 0.5170081018518518 0.8262673611111111 0.049849537037037095 0.07924768518518518
10 0.4614988425925926 0.8421006944444445 0.05425925925925927 0.07483796296296283
10 0.4088425925925926 0.8663888888888888 0.06381944444444443 0.07851851851851847
12 0.42776041666666664 0.9342592592592591 0.06612268518518523 0.09111111111111114
12 0.8285358796296297 0.7913425925925927 0.07118055555555572 0.09763888888888879
9 0.4911747685185185 0.919525462962963 0.06548611111111118 0.10664351851851847
9 0.7732175925925926 0.8236284722222222 0.05886574074074069 0.10002314814814817
7 0.7164236111111111 0.8442418981481481 0.06438657407407397 0.11436342592592581
7 0.5473726851851851 0.9020833333333332 0.0799189814814815 0.11372685185185176
8 0.6135937499999999 0.8950231481481481 0.07680555555555557 0.1400115740740741
11 0.6702488425925927 0.8720659722222223 0.06494212962962961 0.12373842592592581