5 0.8008101851851851 0.7944444444444445 0.09629629629629619 0.08940972222222214
3 0.9407494212962962 0.595486111111111 0.11850115740740748 0.10804398148148131
3 0.9876244212962962 0.6986400462962963 0.024751157407407475 0.09670138888888893
3 0.5765104166666667 0.7307291666666667 0.10751157407407419 0.09918981481481488
3 0.12475115740740741 0.5493344907407407 0.1323726851851852 0.09542824074074083
3 0.25125000000000003 0.4728587962962963 0.14813657407407402 0.10069444444444446
3 0.4336863425925926 0.4405960648148148 0.1421180555555555 0.10827546296296298
5 0.4258680555555555 0.6244791666666667 0.13559027777777785 0.09866898148148148
2 0.7741145833333333 0.7099537037037037 0.11886574074074083 0.11365740740740744
0 0.25101851851851853 0.6757523148148149 0.13752314814814817 0.11122685185185191
2 0.5792361111111111 0.5856770833333333 0.1319212962962963 0.13287037037037025
4 0.8074999999999999 0.4934606481481481 0.1821180555555557 0.1940393518518519