8 0.9062673611111111 0.2402025462962963 0.14375 0.1416666666666666
11 0.858125 0.25384259259259256 0.13427083333333342 0.1369097222222222
10 0.5059722222222222 0.4408564814814815 0.13454861111111108 0.1494097222222223
10 0.7093055555555555 0.8003472222222221 0.11729166666666657 0.14615740740740718
10 0.7050868055555556 0.5753414351851852 0.11052083333333336 0.12267361111111104
10 0.6060243055555555 0.26664930555555555 0.10559027777777778 0.11170138888888896
10 0.6239409722222222 0.08836226851851851 0.10284722222222235 0.12886574074074075
10 0.7145833333333333 0.020943287037037038 0.08229166666666679 0.041886574074074076
10 0.7028645833333333 0.33469328703703705 0.09798611111111111 0.12101851851851855
10 0.7838020833333333 0.7419733796296296 0.09270833333333321 0.0944212962962963
12 0.7564756944444444 0.21552662037037038 0.09923611111111104 0.10696759259259263
12 0.9000173611111112 0.45122106481481483 0.09121527777777771 0.09753472222222222
9 0.8250520833333332 0.06655671296296296 0.09795138888888885 0.11945601851851853
9 0.8173784722222223 0.45964699074074067 0.10381944444444428 0.10231481481481489
7 0.8703298611111112 0.6975752314814814 0.11461805555555529 0.09614583333333329
7 0.8941840277777778 0.5755034722222222 0.12729166666666672 0.10405092592592595