12 0.2 0.4 0.0453125 0.0734375
9 0.225 0.43359375 0.0375 0.08671875
11 0.27890625 0.49921875 0.04765625 0.11796875
7 0.353125 0.59765625 0.04375 0.08828125
12 0.4234375 0.71640625 0.04765625 0.0765625
9 0.3859375 0.64765625 0.0453125 0.075
8 0.309375 0.53359375 0.0640625 0.11328125
7 0.2515625 0.4671875 0.04609375 0.08515625
10 0.284375 0.33515625 0.0390625 0.06015625
10 0.3515625 0.33046875 0.0375 0.0546875
10 0.33515625 0.40703125 0.0375 0.06015625
10 0.3765625 0.42890625 0.0328125 0.06171875
10 0.40703125 0.47890625 0.0359375 0.06171875
10 0.50390625 0.515625 0.0421875 0.06796875
10 0.54296875 0.57265625 0.0359375 0.06171875
3 0.36484375 0.2734375 0.03984375 0.06015625
3 0.4265625 0.271875 0.0296875 0.06328125
3 0.45859375 0.29921875 0.025 0.05859375
3 0.49140625 0.33359375 0.0296875 0.06328125
3 0.52109375 0.365625 0.02265625 0.06171875
3 0.55546875 0.3921875 0.02890625 0.06171875
3 0.59375 0.4328125 0.0328125 0.06484375
3 0.58515625 0.51328125 0.0421875 0.06015625
5 0.7015625 0.3796875 0.03359375 0.0734375
5 0.4578125 0.18359375 0.02890625 0.06328125
2 0.49140625 0.20390625 0.02734375 0.071875
0 0.5203125 0.22734375 0.025 0.08203125
0 0.6203125 0.315625 0.0296875 0.08828125
2 0.6625 0.35078125 0.03515625 0.078125
4 0.58828125 0.27109375 0.02890625 0.10859375
1 0.55234375 0.234375 0.0296875 0.121875
10 0.4484375 0.3765625 0.03125 0.06328125