10 0.5594849537037037 0.17597222222222222 0.03879629629629626 0.04458333333333333
10 0.554693287037037 0.2253298611111111 0.054328703703703775 0.04180555555555561
10 0.5572800925925926 0.28625 0.05106481481481477 0.03704861111111111
10 0.5519386574074074 0.3434375 0.054328703703703594 0.04180555555555561
10 0.5574652777777778 0.39803819444444444 0.057222222222222285 0.034062500000000016
10 0.5614525462962963 0.4534548611111111 0.040173611111111104 0.03836805555555554
10 0.5614409722222222 0.5058333333333334 0.04472222222222229 0.033784722222222285
10 0.5575 0.5575173611111112 0.04486111111111111 0.03847222222222228
12 0.6288078703703703 0.16739583333333333 0.043622685185185264 0.04937500000000004
12 0.6376736111111111 0.5721527777777778 0.06388888888888893 0.048263888888888926
9 0.628912037037037 0.22368055555555558 0.04987268518518526 0.04951388888888886
9 0.6271122685185185 0.5059375 0.054467592592592595 0.04649305555555561
7 0.6282581018518518 0.28076388888888887 0.04959490740740744 0.040138888888888856
7 0.6271006944444444 0.4527777777777778 0.054189814814814774 0.037118055555555605
11 0.6283622685185185 0.3370486111111111 0.060856481481481414 0.05131944444444443
8 0.6314988425925926 0.39013888888888887 0.054189814814814774 0.037118055555555605
3 0.21612847222222223 0.19689236111111114 0.06043981481481477 0.037256944444444426
3 0.2144386574074074 0.24539930555555553 0.05271990740740744 0.04020833333333336
3 0.21210648148148148 0.2986111111111111 0.0525347222222222 0.033958333333333354
3 0.2113136574074074 0.35100694444444447 0.052442129629629616 0.03083333333333336
3 0.21748263888888886 0.4009027777777778 0.06163194444444446 0.024791666666666677
3 0.21662037037037035 0.45095486111111105 0.057222222222222195 0.034062499999999926
3 0.21961805555555558 0.4993576388888889 0.05087962962962962 0.030798611111111106
3 0.22181134259259258 0.5469965277777777 0.05106481481481486 0.03704861111111111
5 0.14802083333333332 0.19371527777777778 0.05915509259259259 0.04659722222222222
5 0.1484201388888889 0.5501909722222222 0.05892361111111111 0.03878472222222236
2 0.14107060185185186 0.24937499999999999 0.07165509259259259 0.046875
2 0.14631944444444445 0.5056770833333333 0.07946759259259259 0.04704861111111107
0 0.1416550925925926 0.2954861111111111 0.07289351851851852 0.03597222222222225
0 0.15184606481481483 0.4547395833333333 0.07312500000000002 0.04378472222222207
1 0.12822337962962962 0.34347222222222223 0.09991898148148151 0.05218749999999996
4 0.13699074074074075 0.4019097222222222 0.09026620370370368 0.042604166666666644