10 0.6645833333333334 0.6792824074074074 0.04831018518518526 0.05017361111111107
10 0.6469039351851851 0.6369212962962963 0.059247685185185264 0.050578703703703806
10 0.6327141203703703 0.5803530092592593 0.054467592592592595 0.04728009259259256
10 0.6132175925925927 0.5294560185185185 0.059247685185185264 0.05057870370370363
10 0.603900462962963 0.4789641203703704 0.06062499999999993 0.04438657407407405
10 0.592193287037037 0.42699652777777786 0.04656249999999993 0.04386574074074083
10 0.5782812500000001 0.37980324074074073 0.048078703703703596 0.04236111111111107
10 0.5612673611111111 0.33350694444444445 0.0497800925925926 0.047106481481481485
12 0.7307581018518519 0.6690104166666666 0.05162037037037024 0.0565393518518519
12 0.6298263888888889 0.29811921296296295 0.06885416666666658 0.05873842592592595
9 0.7151678240740741 0.61796875 0.05469907407407408 0.05509259259259256
9 0.6379513888888889 0.36116898148148147 0.060949074074074086 0.055324074074074046
7 0.6987731481481482 0.5661747685185186 0.056076388888888926 0.04890046296296298
7 0.6519328703703703 0.4107060185185185 0.05754629629629626 0.04583333333333339
11 0.6847453703703704 0.5150752314814815 0.06582175925925923 0.06174768518518512
8 0.6731307870370371 0.46623263888888894 0.0575925925925926 0.047395833333333214
3 0.34531828703703704 0.7528935185185185 0.06388888888888893 0.04918981481481488
3 0.3307175925925926 0.7088541666666666 0.0575925925925926 0.047395833333333214
3 0.3152199074074074 0.6609375 0.055891203703703686 0.04265046296296297
3 0.30050347222222223 0.6129918981481481 0.055798611111111104 0.03952546296296298
3 0.2921064814814815 0.5671585648148147 0.062002314814814774 0.03819444444444446
3 0.2774363425925926 0.520775462962963 0.060671296296296265 0.045949074074074045
3 0.26752314814814815 0.4765625 0.05262731481481477 0.03784722222222214
3 0.2568287037037037 0.43237847222222225 0.05437499999999993 0.04415509259259256
5 0.2849363425925926 0.773900462962963 0.06407407407407409 0.05543981481481488
5 0.1892997685185185 0.4497395833333333 0.06232638888888888 0.049131944444444464
2 0.26394675925925926 0.7254050925925926 0.07505787037037041 0.05740740740740726
2 0.19912037037037036 0.49082754629629627 0.08452546296296296 0.06087962962962958
0 0.25173611111111105 0.6828414351851851 0.07638888888888892 0.04965277777777786
0 0.21767361111111114 0.5362847222222222 0.07818287037037042 0.057523148148148094
1 0.22629050925925923 0.642332175925926 0.1019444444444444 0.06932870370370381
4 0.2184201388888889 0.5878761574074074 0.09229166666666666 0.05960648148148149