10 0.3252083333333333 0.7117766203703704 0.03672453703703704 0.054456018518518515
10 0.36087384259259264 0.6760995370370371 0.043020833333333286 0.0578125
10 0.29279513888888886 0.738744212962963 0.030428240740740707 0.05109953703703703
10 0.25258101851851855 0.7652199074074074 0.0366087962962963 0.046643518518518515
10 0.41506944444444444 0.6545717592592593 0.03982638888888897 0.053009259259259346
10 0.46157986111111116 0.6247395833333333 0.04143518518518512 0.05619212962962976
10 0.5033796296296297 0.5966435185185185 0.043020833333333286 0.0578125
10 0.5507175925925927 0.5636574074074074 0.036701388888888783 0.05289351851851851
1 0.3584548611111111 0.4177372685185185 0.06053240740740744 0.08032407407407405
4 0.39716435185185184 0.38741319444444444 0.05428240740740744 0.08009259259259256
0 0.3368055555555555 0.4560185185185185 0.04295138888888896 0.053125
0 0.43564236111111115 0.3727141203703704 0.040034722222222284 0.06707175925925926
2 0.3082870370370371 0.48362268518518514 0.033645833333333285 0.05746527777777786
2 0.46723958333333326 0.348119212962963 0.03991898148148145 0.059259259259259255
5 0.2822395833333333 0.5025462962962963 0.0335532407407408 0.05121527777777786
5 0.5099016203703703 0.31452546296296297 0.03674768518518512 0.05601851851851851
3 0.5147337962962963 0.3572916666666667 0.030543981481481453 0.05891203703703703
3 0.47917245370370376 0.3859375 0.028842592592592455 0.04947916666666661
3 0.4412210648148148 0.4177951388888889 0.03672453703703695 0.054456018518518515
3 0.40883101851851855 0.44320023148148147 0.03040509259259263 0.049537037037037025
3 0.37485532407407407 0.47022569444444445 0.03353009259259263 0.04965277777777786
3 0.3432118055555556 0.4979456018518518 0.030266203703703632 0.040162037037037024
3 0.31079861111111107 0.5249131944444445 0.03488425925925931 0.035648148148148096
3 0.2846469907407408 0.5508680555555555 0.030312499999999964 0.04328703703703703
12 0.5624768518518518 0.6131944444444445 0.05729166666666678 0.07239583333333321
12 0.24942708333333333 0.8199942129629629 0.04626157407407412 0.06574074074074084
9 0.508900462962963 0.645630787037037 0.05106481481481477 0.0737268518518519
9 0.2896643518518519 0.7919560185185185 0.060416666666666605 0.07251157407407405
7 0.45540509259259265 0.6725983796296295 0.05729166666666678 0.07239583333333321
7 0.3283506944444444 0.7631944444444445 0.0666666666666667 0.07274305555555553
8 0.3941550925925926 0.695949074074074 0.0796064814814815 0.10289351851851851
11 0.35852430555555553 0.7292824074074075 0.07307870370370369 0.08391203703703702