3 0.9256134259259259 0.5442361111111111 0.05581018518518519 0.046493055555555426
3 0.8660937499999999 0.5299131944444444 0.047627314814814525 0.04006944444444436
3 0.8143865740740741 0.5154166666666666 0.052592592592592524 0.04486111111111111
3 0.7517881944444444 0.5019444444444444 0.044780092592592524 0.04468749999999986
3 0.6969097222222222 0.48673611111111115 0.04303240740740755 0.04152777777777779
3 0.6324247685185185 0.4678298611111111 0.04450231481481488 0.040000000000000036
3 0.5660127314814816 0.45600694444444445 0.04946759259259252 0.044791666666666785
3 0.5047916666666666 0.43937499999999996 0.04487268518518519 0.046250000000000034
5 0.5278877314814815 0.3934895833333333 0.05471064814814817 0.05427083333333336
5 0.9703732638888889 0.49781250000000005 0.059253472222222214 0.05916666666666668
2 0.9208564814814814 0.4903645833333333 0.0737384259259258 0.059375
2 0.6068460648148148 0.4058159722222222 0.04671296296296283 0.05097222222222229
0 0.6596122685185185 0.4249826388888889 0.05296296296296301 0.05111111111111111
0 0.8544907407407407 0.47932291666666665 0.06105324074074083 0.055972222222222354
4 0.799519675925926 0.4625520833333333 0.06528935185185177 0.0747916666666665
1 0.7297048611111111 0.446111111111111 0.07034722222222226 0.08114583333333343
10 0.38213541666666667 0.6533159722222223 0.049837962962963014 0.051041666666666784
10 0.4317708333333333 0.6592534722222222 0.04331018518518519 0.046215277777777786
10 0.4913368055555555 0.6743576388888888 0.046342592592592526 0.04472222222222229
10 0.5521412037037037 0.6839583333333333 0.04312500000000004 0.04309027777777778
10 0.608443287037037 0.6967881944444445 0.04018518518518519 0.04614583333333329
10 0.6618518518518519 0.71359375 0.03356481481481488 0.03975694444444446
10 0.7157175925925926 0.7249131944444445 0.03549768518518519 0.04604166666666672
10 0.7654456018518518 0.7324131944444445 0.04312499999999986 0.04309027777777778
12 0.7492881944444445 0.7765798611111111 0.04515046296296284 0.05093750000000004
12 0.3552662037037037 0.6883333333333332 0.056365740740740654 0.05586805555555543
9 0.41331597222222227 0.7042534722222222 0.054895833333333324 0.057395833333333354
9 0.6896759259259259 0.7606944444444445 0.04873842592592581 0.058819444444444355
7 0.6382928240740741 0.7516666666666667 0.04542824074074083 0.055625000000000036
7 0.46966435185185185 0.7178645833333334 0.05673611111111114 0.06211805555555561
8 0.582042824074074 0.7529166666666667 0.06125000000000007 0.08562499999999992
11 0.524681712962963 0.7354166666666666 0.06234953703703709 0.07784722222222236