5 0.3234375 0.3765625 0.046875 0.06875
2 0.3765625 0.36953125 0.040625 0.0703125
0 0.41796875 0.3671875 0.03125 0.0796875
1 0.465625 0.346875 0.03828125 0.11328125
4 0.5171875 0.34765625 0.03828125 0.10078125
0 0.565625 0.36640625 0.03125 0.07890625
2 0.61953125 0.36328125 0.034375 0.07265625
5 0.6640625 0.36015625 0.02890625 0.06328125
3 0.29921875 0.52578125 0.03671875 0.06796875
3 0.3640625 0.47421875 0.0390625 0.0609375
3 0.4140625 0.47421875 0.0390625 0.0609375
3 0.46640625 0.47109375 0.03671875 0.0546875
3 0.51484375 0.4703125 0.040625 0.0578125
3 0.56484375 0.471875 0.03046875 0.05703125
3 0.6203125 0.4703125 0.0328125 0.06796875
3 0.67109375 0.5328125 0.028125 0.05625
10 0.4625 0.54296875 0.03671875 0.065625
10 0.3375 0.58671875 0.03671875 0.05234375
10 0.2640625 0.65703125 0.04453125 0.06015625
10 0.38359375 0.665625 0.0453125 0.059375
10 0.440625 0.6484375 0.034375 0.06171875
10 0.50390625 0.6625 0.0328125 0.0640625
10 0.6125 0.6078125 0.040625 0.06640625
10 0.6828125 0.609375 0.0390625 0.0640625
12 0.234375 0.8 0.06328125 0.06953125
9 0.29765625 0.80390625 0.05078125 0.07265625
7 0.3625 0.80703125 0.05390625 0.078125
11 0.42421875 0.79453125 0.05390625 0.10546875
8 0.4875 0.7953125 0.053125 0.10078125
7 0.5609375 0.80703125 0.03359375 0.07109375
9 0.6296875 0.8140625 0.046875 0.0859375
12 0.7078125 0.83359375 0.04453125 0.0734375