3 0.5158622685185186 0.7118576388888889 0.07836805555555557 0.06207175925925927
3 0.5239409722222221 0.6502314814814815 0.07326388888888893 0.047939814814814775
3 0.5416261574074074 0.580931712962963 0.06577546296296291 0.05876157407407412
3 0.5573090277777778 0.5264525462962963 0.07501157407407391 0.05421296296296294
3 0.5685127314814815 0.4648726851851852 0.07822916666666657 0.057384259259259274
3 0.5897337962962963 0.40813078703703703 0.08140046296296291 0.058993055555555604
3 0.6066145833333334 0.3396006944444444 0.06885416666666658 0.05724537037037036
3 0.6270081018518519 0.28440972222222227 0.08140046296296291 0.058993055555555604
5 0.7142766203703703 0.2935185185185185 0.07859953703703706 0.06988425925925927
5 0.5930381944444445 0.7450462962962963 0.07050925925925924 0.06039351851851862
2 0.6083796296296297 0.6757118055555555 0.08172453703703705 0.06993055555555543
2 0.6867361111111111 0.3525115740740741 0.06743055555555558 0.0619097222222222
0 0.625925925925926 0.6110995370370371 0.07662037037037024 0.055798611111111104
0 0.6745428240740741 0.4211111111111111 0.07974537037037041 0.05584490740740744
4 0.639380787037037 0.5526793981481481 0.0985879629629629 0.059247685185185264
1 0.6532291666666666 0.4809780092592592 0.09261574074074072 0.0685300925925926
10 0.2732523148148148 0.22133101851851852 0.06393518518518518 0.04936342592592595
10 0.2565335648148148 0.2843923611111111 0.08277777777777776 0.05276620370370377
10 0.23706018518518518 0.3349074074074074 0.0685300925925926 0.04630787037037045
10 0.23148726851851853 0.39109953703703704 0.07643518518518518 0.049548611111111106
10 0.2134375 0.4463252314814815 0.07468750000000002 0.04327546296296294
10 0.1930902777777778 0.4999537037037037 0.07170138888888884 0.04791666666666679
10 0.18064814814814817 0.5505729166666666 0.0639814814814815 0.05092592592592595
10 0.16494212962962962 0.6058333333333333 0.06871527777777775 0.05255787037037045
12 0.0996875 0.5923611111111111 0.08135416666666666 0.05743055555555543
12 0.20383680555555556 0.21639467592592593 0.09256944444444448 0.06696759259259259
9 0.17802083333333335 0.2699421296296296 0.0874189814814815 0.051273148148148096
9 0.11157986111111111 0.5339178240740741 0.08902777777777779 0.052858796296296265
7 0.12103587962962963 0.47856481481481483 0.09229166666666666 0.0575925925925926
7 0.16555555555555557 0.3213425925925926 0.09537037037037037 0.056076388888888926
8 0.11967013888888889 0.4191435185185185 0.13797453703703705 0.07076388888888889
11 0.1423611111111111 0.3655497685185185 0.12699074074074074 0.06903935185185181