3 0.38553240740740746 0.11830439814814815 0.04265046296296297 0.04872685185185186
3 0.41603009259259255 0.1712326388888889 0.0359375 0.04243055555555557
3 0.4452256944444445 0.21713541666666666 0.04241898148148149 0.04560185185185182
3 0.4767361111111111 0.27318287037037037 0.041724537037037025 0.036226851851851906
3 0.5077835648148148 0.32298032407407407 0.040162037037037024 0.03621527777777782
3 0.5447627314814815 0.3789872685185185 0.03726851851851851 0.03931712962962965
3 0.57421875 0.43895833333333334 0.04050925925925917 0.04090277777777782
3 0.608738425925926 0.4934201388888889 0.04340277777777786 0.03780092592592599
5 0.6436921296296296 0.45876736111111105 0.05179398148148149 0.045671296296296404
5 0.4140625 0.06024884259259259 0.05393518518518512 0.053495370370370374
2 0.437181712962963 0.10854166666666668 0.053182870370370415 0.06442129629629627
2 0.6094618055555555 0.38710648148148147 0.047974537037037024 0.03627314814814815
0 0.5755787037037037 0.3412384259259259 0.04866898148148149 0.045648148148148146
0 0.4674768518518519 0.16928819444444443 0.05225694444444429 0.05192129629629631
4 0.4991898148148148 0.2175173611111111 0.07100694444444447 0.05206018518518522
1 0.5350115740740741 0.27900462962962963 0.07604166666666679 0.056782407407407386
10 0.4458622685185185 0.6689409722222223 0.04832175925925917 0.04096064814814824
10 0.4252604166666666 0.622974537037037 0.043171296296296194 0.03467592592592581
10 0.3932002314814815 0.5700578703703704 0.04195601851851851 0.0393518518518519
10 0.3656539351851852 0.5147627314814814 0.041724537037037025 0.036226851851851906
10 0.33683449074074073 0.46338541666666666 0.044618055555555536 0.03312500000000007
10 0.3052372685185185 0.41671874999999997 0.03946759259259256 0.02684027777777782
10 0.27977430555555555 0.36844328703703705 0.04259259259259256 0.02686342592592599
10 0.25755208333333335 0.32170717592592596 0.040162037037037024 0.03621527777777782
12 0.22135416666666669 0.35011574074074076 0.04785879629629637 0.03471064814814815
12 0.4203414351851852 0.7043055555555556 0.05023148148148149 0.04565972222222214
9 0.38917824074074076 0.6529456018518518 0.054918981481481485 0.04569444444444457
9 0.25341435185185185 0.4030324074074074 0.057349537037037025 0.03634259259259256
7 0.27719907407407407 0.4497569444444444 0.05422453703703702 0.03631944444444439
7 0.3595775462962963 0.601574074074074 0.05804398148148149 0.04571759259259256
8 0.2921875 0.504363425925926 0.08315972222222223 0.04746527777777772
11 0.32557870370370373 0.5541435185185185 0.07390046296296297 0.048958333333333395