8 0.3017361111111111 0.5743055555555555 0.08777777777777782 0.08156250000000007
9 0.31289930555555556 0.656238425925926 0.061527777777777806 0.05195601851851848
4 0.7773784722222222 0.6544270833333333 0.07527777777777764 0.08082175925925927
0 0.759375 0.6913368055555555 0.05875000000000004 0.05958333333333332
2 0.7510069444444445 0.739363425925926 0.062013888888888855 0.06289351851851847
5 0.7431597222222222 0.7756712962962963 0.05718750000000004 0.05949074074074083
3 0.6746701388888889 0.7563541666666667 0.06336805555555554 0.05829861111111114
3 0.6813715277777778 0.710763888888889 0.05180555555555557 0.043587962962962835
3 0.6956770833333333 0.6693981481481481 0.04746527777777772 0.05112268518518519
3 0.7030555555555555 0.626105324074074 0.05194444444444457 0.04671296296296301
3 0.7199131944444443 0.5799131944444444 0.05180555555555557 0.04358796296296301
3 0.7354513888888888 0.5283449074074074 0.040868055555555574 0.04293981481481488
3 0.7394791666666667 0.4727835648148148 0.05208333333333322 0.049837962962963014
3 0.7566840277777778 0.4187789351851852 0.05024305555555557 0.043495370370370344
5 0.8310243055555556 0.4291782407407408 0.07423611111111086 0.057384259259259274
2 0.8202604166666667 0.4960474537037037 0.06819444444444436 0.061701388888888785
0 0.8064583333333333 0.5436168981481482 0.06052083333333336 0.06436342592592581
1 0.7913541666666667 0.6029513888888889 0.08315972222222215 0.08284722222222207
10 0.3959722222222222 0.382494212962963 0.058194444444444396 0.047083333333333324
10 0.3978645833333333 0.42757523148148147 0.05670138888888889 0.048553240740740834
10 0.3893229166666667 0.4795081018518518 0.05954861111111107 0.04248842592592581
10 0.3895138888888889 0.527806712962963 0.05656250000000007 0.04542824074074083
10 0.3810763888888889 0.5773958333333333 0.04541666666666666 0.04009259259259253
10 0.3753993055555555 0.6174710648148147 0.05513888888888889 0.04846064814814817
10 0.3672048611111111 0.6615914351851852 0.04392361111111107 0.04156250000000004
10 0.3708333333333333 0.7026736111111112 0.05527777777777772 0.051585648148148165
12 0.3349479166666667 0.3705266203703704 0.061527777777777716 0.05195601851851848
12 0.3044618055555556 0.7058275462962963 0.06663194444444445 0.0616087962962963
9 0.32538194444444446 0.4279745370370371 0.07267361111111112 0.05729166666666678
7 0.32493055555555556 0.4731944444444444 0.06784722222222221 0.053888888888888785
7 0.3170486111111111 0.615474537037037 0.058680555555555534 0.05802083333333332
11 0.31407986111111114 0.5244849537037037 0.08565972222222218 0.06896990740740741