10 0.36906828703703703 0.40639467592592593 0.06846064814814809 0.07899305555555554
10 0.3712962962962963 0.5152199074074074 0.059085648148148096 0.07864583333333322
10 0.355931712962963 0.6132233796296296 0.06365740740740744 0.07569444444444429
10 0.43929398148148147 0.7070601851851851 0.059085648148148096 0.07864583333333322
10 0.3594618055555555 0.8136284722222221 0.07170138888888893 0.0822337962962962
10 0.5055844907407407 0.5014178240740741 0.06712962962962958 0.08518518518518511
10 0.43527199074074074 0.22421875 0.06545138888888893 0.08200231481481479
10 0.4257233796296297 0.10182291666666668 0.08165509259259256 0.09820601851851851
3 0.511545138888889 0.8051793981481481 0.06255787037037024 0.08813657407407405
3 0.5834780092592593 0.7006655092592593 0.06371527777777786 0.07725694444444446
3 0.5894097222222222 0.6038773148148149 0.059664351851851906 0.09427083333333322
3 0.5900462962962962 0.502199074074074 0.06545138888888893 0.08200231481481488
3 0.5890046296296296 0.40358796296296295 0.06672453703703703 0.07424768518518512
3 0.5948206018518519 0.3099247685185185 0.06371527777777786 0.07725694444444446
3 0.5885416666666666 0.2048611111111111 0.06869212962962976 0.08524305555555553
3 0.5081018518518519 0.11660879629629631 0.06556712962962977 0.0851273148148148
12 0.21582754629629627 0.8051793981481481 0.08136574074074074 0.09039351851851833
12 0.2089699074074074 0.08206018518518518 0.08171296296296297 0.0997685185185185
9 0.21736111111111112 0.19346064814814815 0.08194444444444446 0.10601851851851851
9 0.20538194444444446 0.7070023148148149 0.08478009259259256 0.09832175925925916
7 0.20593171296296298 0.607667824074074 0.09363425925925925 0.08460648148148149
7 0.21513310185185186 0.2958622685185185 0.0841435185185185 0.08113425925925925
8 0.1945023148148148 0.4093171296296296 0.12193287037037037 0.0903356481481481
11 0.2064814814814815 0.5083333333333334 0.1033564814814815 0.0943287037037038
5 0.7408275462962963 0.8246238425925926 0.08194444444444446 0.10601851851851869
5 0.7614583333333333 0.09861111111111112 0.07679398148148149 0.09334490740740739
2 0.7517650462962964 0.19134837962962964 0.08425925925925917 0.08425925925925926
2 0.747974537037037 0.7161458333333333 0.0877314814814815 0.09375
0 0.7483796296296296 0.6207175925925925 0.08912037037037024 0.08912037037037024
0 0.7493923611111111 0.29765625 0.0890625 0.08755787037037041
4 0.7564525462962963 0.4027488425925926 0.10300925925925916 0.08495370370370381
1 0.763888888888889 0.5188078703703705 0.10335648148148131 0.0943287037037038