10 0.38359375 0.55390625 0.0578125 0.06796875
10 0.3859375 0.45546875 0.04765625 0.06796875
10 0.37265625 0.3671875 0.05234375 0.06484375
10 0.4484375 0.2828125 0.0484375 0.06796875
10 0.3765625 0.1859375 0.06015625 0.071875
10 0.5078125 0.46796875 0.0546875 0.0734375
10 0.44296875 0.71953125 0.05390625 0.071875
10 0.43515625 0.8296875 0.0671875 0.08359375
3 0.51328125 0.19296875 0.0515625 0.0765625
3 0.57890625 0.28828125 0.05234375 0.06640625
3 0.5828125 0.37578125 0.0484375 0.08203125
3 0.584375 0.4671875 0.05390625 0.071875
3 0.5828125 0.55703125 0.0546875 0.06328125
3 0.5875 0.64140625 0.05234375 0.06640625
3 0.58203125 0.73671875 0.05625 0.0734375
3 0.509375 0.81640625 0.05390625 0.0734375
12 0.2453125 0.19296875 0.06875 0.0765625
12 0.23828125 0.84765625 0.06875 0.08515625
9 0.24609375 0.746875 0.0671875 0.08984375
9 0.2359375 0.28203125 0.0703125 0.08359375
7 0.23671875 0.371875 0.07890625 0.0703125
7 0.24453125 0.65390625 0.07109375 0.06796875
8 0.2265625 0.5515625 0.1046875 0.0734375
11 0.23671875 0.46171875 0.0890625 0.0796875
5 0.72109375 0.1765625 0.0671875 0.08984375
5 0.73828125 0.83359375 0.0640625 0.0796875
2 0.7296875 0.74921875 0.0703125 0.071875
2 0.7265625 0.275 0.0734375 0.0796875
0 0.72734375 0.3609375 0.075 0.075
0 0.72734375 0.653125 0.075 0.0734375
4 0.734375 0.55859375 0.0890625 0.0703125
1 0.74140625 0.453125 0.0875 0.0796875