10 0.33315972222222223 0.7318171296296296 0.12828703703703698 0.1127893518518519
10 0.043431712962962964 0.5304745370370371 0.08686342592592593 0.06862268518518526
10 0.8642129629629629 0.48254050925925923 0.0786921296296299 0.07300925925925927
10 0.6167939814814816 0.55 0.08025462962962955 0.07303240740740743
10 0.3039872685185185 0.4765856481481482 0.07547453703703706 0.06983796296296294
10 0.5906481481481481 0.4300289351851852 0.0706018518518519 0.06351851851851845
10 0.13297453703703704 0.4185590277777777 0.08484953703703706 0.06997685185185176
7 0.23024305555555555 0.3011979166666666 0.09018518518518519 0.09192129629629626
7 0.4067997685185185 0.22487268518518516 0.07446759259259253 0.08856481481481478
12 0.5728935185185186 0.1851273148148148 0.06297453703703706 0.06965277777777779
9 0.5084837962962963 0.301412037037037 0.07271990740740737 0.08229166666666661
8 0.8319155092592592 0.12174768518518517 0.07277777777777779 0.13695601851851852
11 0.7756944444444445 0.1990740740740741 0.07704861111111114 0.12296296296296294
12 0.7838020833333333 0.3211226851851852 0.07570601851851855 0.07765046296296294