12 0.631087962962963 0.2046875 0.07739583333333329 0.11590277777777783
11 0.4016840277777778 0.2820486111111111 0.07451388888888885 0.14857638888888883
8 0.32658564814814817 0.29866319444444445 0.0808101851851852 0.15510416666666665
7 0.4761226851851852 0.24906250000000002 0.0712037037037037 0.1234375
7 0.2445196759259259 0.3069965277777778 0.07118055555555554 0.1203125
9 0.16320601851851851 0.3192013888888889 0.08523148148148149 0.11937499999999997
9 0.5512615740740741 0.22697916666666668 0.08363425925925938 0.11461805555555556
12 0.07259837962962963 0.3208854166666667 0.08834490740740741 0.11795138888888887
10 0.639988425925926 0.3737673611111111 0.0616087962962963 0.09333333333333335
10 0.5760127314814815 0.47032986111111114 0.0568518518518518 0.08375000000000003
10 0.49767939814814816 0.3964930555555556 0.05526620370370381 0.08055555555555553
10 0.4349363425925926 0.43208333333333326 0.05687499999999997 0.08687500000000004
10 0.3552604166666667 0.4340625 0.055312499999999966 0.08680555555555554
10 0.2506828703703704 0.5293055555555556 0.059976851851851795 0.08388888888888886
10 0.17017939814814814 0.5375694444444445 0.06472222222222221 0.09190972222222235
10 0.44185185185185183 0.5528298611111111 0.0568518518518518 0.08374999999999985
3 0.6396759259259259 0.5213888888888889 0.05688657407407405 0.08843749999999986
3 0.5774305555555556 0.5952256944444445 0.055324074074074046 0.08836805555555553
3 0.5218634259259259 0.6109722222222222 0.0568518518518518 0.08374999999999985
3 0.4577141203703704 0.6255381944444445 0.04585648148148138 0.07545138888888889
3 0.4021759259259259 0.6373784722222222 0.04430555555555564 0.0769444444444444
3 0.3474074074074074 0.6507465277777778 0.050567129629629545 0.07878472222222221
3 0.2801678240740741 0.6607638888888889 0.04746527777777772 0.08177083333333321
3 0.20708333333333334 0.6163715277777777 0.05688657407407405 0.08843749999999986
5 0.2667476851851852 0.7855381944444445 0.0584837962962963 0.09319444444444454
5 0.650150462962963 0.6888368055555556 0.05846064814814813 0.09006944444444454
2 0.5906481481481481 0.7086631944444445 0.060104166666666715 0.10107638888888885
2 0.31603587962962965 0.7739756944444445 0.060138888888888874 0.10576388888888885
0 0.5421064814814814 0.7248784722222222 0.057048611111111217 0.11031250000000004
0 0.37081018518518516 0.7598263888888889 0.05862268518518521 0.11194444444444436
4 0.42855324074074075 0.7666319444444445 0.06826388888888886 0.14829861111111117
1 0.49030671296296297 0.7592013888888889 0.06991898148148153 0.1608680555555555