5 0.29921875 0.7437326388888889 0.059375 0.08388888888888886
5 0.54921875 0.9084027777777777 0.0390625 0.06892361111111107
2 0.34609375 0.7814930555555556 0.053125 0.08361111111111122
2 0.52421875 0.890763888888889 0.04375 0.08163194444444458
0 0.384375 0.8063541666666666 0.0546875 0.09149305555555572
0 0.49609375 0.8756076388888889 0.0453125 0.08170138888888871
1 0.42265625 0.8523090277777777 0.071875 0.1375694444444445
4 0.46328125 0.8715972222222224 0.0640625 0.118472222222222
3 0.65234375 0.8319444444444443 0.0359375 0.06097222222222243
3 0.58984375 0.8378472222222222 0.0390625 0.05954861111111143
3 0.55703125 0.8182118055555556 0.0359375 0.060972222222222074
3 0.528125 0.7944965277777778 0.0359375 0.06097222222222243
3 0.49453125 0.7702083333333334 0.0375 0.06416666666666675
3 0.45546875 0.7422569444444445 0.0390625 0.05954861111111107
3 0.4171875 0.7134895833333333 0.040625 0.06274305555555557
3 0.409375 0.6450868055555555 0.046875 0.07083333333333339
12 0.58046875 0.48592013888888885 0.0546875 0.09305555555555553
12 0.81953125 0.7377951388888888 0.04375 0.07694444444444457
9 0.62734375 0.5322743055555555 0.05 0.09440972222222221
9 0.7875 0.7134375000000001 0.0421875 0.08625000000000008
7 0.6640625 0.5806423611111111 0.046875 0.09427083333333322
7 0.759375 0.6889062499999999 0.040625 0.09868055555555558
11 0.70078125 0.6329166666666667 0.059375 0.12920138888888885
8 0.7375 0.6719097222222222 0.0515625 0.1382291666666667
10 0.48828125 0.560329861111111 0.05 0.08034722222222221
10 0.48984375 0.6415104166666666 0.0515625 0.07416666666666671
10 0.575 0.6361631944444445 0.040625 0.06586805555555557
10 0.54140625 0.73765625 0.040625 0.06274305555555557
10 0.6 0.6772395833333333 0.034375 0.06090277777777775
10 0.63984375 0.70671875 0.0375 0.06729166666666657
10 0.66171875 0.7815277777777778 0.0359375 0.06409722222222207
10 0.7 0.8063888888888888 0.040625 0.06586805555555557