10 0.2659606481481481 0.502662037037037 0.04745370370370372 0.039409722222222145
10 0.32624421296296297 0.49362268518518526 0.04894675925925931 0.0347337962962964
10 0.38722800925925926 0.49004629629629637 0.04586805555555555 0.037835648148148236
10 0.45523148148148146 0.48719907407407403 0.04281249999999996 0.04250000000000007
10 0.5162268518518518 0.48284143518518513 0.039594907407407474 0.036226851851851906
10 0.5819560185185185 0.47532407407407407 0.039594907407407474 0.036226851851851906
10 0.6522800925925927 0.47402199074074075 0.034976851851851974 0.040879629629629655
10 0.7055439814814815 0.4642534722222222 0.03343750000000014 0.04243055555555557
12 0.7038136574074074 0.4228645833333333 0.0459837962962963 0.045648148148148236
12 0.2572685185185185 0.4566377314814815 0.049131944444444464 0.047233796296296406
9 0.32607638888888885 0.4522222222222222 0.04600694444444446 0.04721064814814824
9 0.6382002314814814 0.42256944444444444 0.04136574074074062 0.05030092592592581
7 0.3894270833333333 0.4470659722222223 0.04605324074074071 0.05033564814814824
7 0.5771469907407407 0.43083333333333335 0.04603009259259263 0.04877314814814824
11 0.5162210648148149 0.43050347222222224 0.04777777777777779 0.06128472222222214
8 0.4521701388888889 0.4301967592592593 0.044791666666666785 0.07063657407407398
3 0.24997685185185184 0.7379108796296296 0.055219907407407474 0.03634259259259274
3 0.3211631944444444 0.7311342592592593 0.04570601851851848 0.026898148148148237
3 0.39231481481481484 0.7267013888888889 0.06151620370370363 0.03951388888888889
3 0.4635127314814815 0.7191435185185184 0.052141203703703634 0.039444444444444574
3 0.5361805555555555 0.717824074074074 0.05225694444444447 0.047256944444444574
3 0.6088599537037037 0.7157233796296296 0.03805555555555564 0.03777777777777782
3 0.6894675925925926 0.7057523148148148 0.044467592592592455 0.04876157407407398
3 0.7614004629629629 0.7013136574074075 0.05062499999999996 0.04255787037037031
5 0.2396990740740741 0.7989178240740741 0.0616087962962963 0.045763888888888896
5 0.779375 0.7535185185185185 0.056921296296296296 0.04572916666666664
2 0.6995601851851851 0.7627025462962963 0.061562499999999964 0.04263888888888889
2 0.3055092592592593 0.785931712962963 0.050717592592592634 0.04880787037037031
0 0.386875 0.777517361111111 0.0522337962962963 0.04569444444444457
0 0.6245138888888888 0.7663831018518519 0.05531250000000014 0.04259259259259256
4 0.4595659722222223 0.7746354166666667 0.05857638888888879 0.05199074074074091
1 0.5471469907407407 0.7685185185185185 0.05081018518518512 0.05505787037037031