12 0.36857638888888883 0.6995486111111111 0.10472222222222224 0.0749305555555555
12 0.8059895833333334 0.6553587962962963 0.08225694444444435 0.04771990740740737
9 0.7612847222222221 0.6644907407407408 0.09645833333333335 0.05438657407407419
9 0.4610416666666667 0.6843171296296295 0.09527777777777775 0.07152777777777786
7 0.7143750000000001 0.6674421296296297 0.10121527777777786 0.057650462962962834
7 0.5330381944444444 0.67671875 0.09833333333333324 0.06849537037037053
11 0.6713194444444445 0.6726215277777777 0.1296180555555555 0.0709837962962963
8 0.617986111111111 0.6835706018518518 0.14718750000000008 0.08868055555555543
10 0.8070833333333333 0.6061400462962963 0.07600694444444471 0.047534722222222214
10 0.7719965277777778 0.604056712962963 0.06819444444444436 0.04730324074074073
10 0.71328125 0.6112615740740741 0.06656250000000004 0.04413194444444439
10 0.6587326388888889 0.6066319444444445 0.06826388888888886 0.050428240740740725
10 0.5922916666666668 0.6101620370370371 0.07756944444444436 0.04758101851851855
10 0.5280902777777777 0.6183101851851852 0.08086805555555543 0.055486111111111035
10 0.46012152777777776 0.6203240740740741 0.07145833333333336 0.05364583333333339
10 0.38756944444444447 0.6177893518518518 0.07131944444444445 0.047395833333333214
3 0.8753645833333333 0.34413194444444445 0.07586805555555572 0.041284722222222216
3 0.8270659722222222 0.3393171296296297 0.06652777777777778 0.042569444444444396
3 0.7758159722222222 0.3267824074074074 0.07909722222222229 0.046064814814814795
3 0.7205729166666667 0.3182696759259259 0.07145833333333336 0.05364583333333339
3 0.6567708333333334 0.30844907407407407 0.07135416666666679 0.048958333333333395
3 0.5945659722222223 0.29701967592592593 0.06486111111111122 0.037835648148148146
3 0.5291840277777778 0.28802662037037036 0.07590277777777779 0.04284722222222222
3 0.4529861111111111 0.2738888888888889 0.0761111111111111 0.05222222222222221
5 0.8921180555555555 0.2928877314814815 0.08680555555555572 0.041608796296296366
5 0.46649305555555554 0.19307291666666665 0.09350694444444443 0.062106481481481526
2 0.8502951388888889 0.2777314814814815 0.10090277777777779 0.04358796296296301
2 0.5425694444444444 0.21267939814814815 0.09034722222222236 0.06045138888888886
0 0.8036111111111112 0.27052662037037034 0.09322916666666643 0.04960648148148152
0 0.6161979166666667 0.23704282407407407 0.09979166666666668 0.06385416666666668
1 0.7696701388888889 0.25201388888888887 0.15291666666666667 0.06542824074074076
4 0.6957638888888888 0.24015046296296294 0.13420138888888894 0.06643518518518512