5 0.47991319444444447 0.8248090277777778 0.07429398148148145 0.06875
2 0.5159259259259259 0.7856770833333333 0.08413194444444443 0.07677083333333332
0 0.5604861111111111 0.7455729166666667 0.08413194444444443 0.07677083333333332
4 0.6046817129629629 0.7125173611111111 0.10086805555555553 0.09586805555555564
5 0.8544212962962963 0.5309548611111111 0.08340277777777771 0.09079861111111107
2 0.7866145833333333 0.5880034722222222 0.08165509259259256 0.087638888888889
0 0.7294618055555555 0.6268229166666666 0.08146990740740741 0.084513888888889
1 0.6616956018518518 0.6713541666666666 0.109236111111111 0.10541666666666671
3 0.7213310185185186 0.31800347222222225 0.062442129629629584 0.07940972222222217
3 0.7058506944444444 0.43960069444444444 0.07025462962962976 0.07958333333333342
3 0.6515509259259259 0.48696180555555557 0.060416666666666605 0.07156249999999993
3 0.6010185185185185 0.5318923611111112 0.05876157407407412 0.06996527777777786
3 0.555306712962963 0.5657638888888888 0.06804398148148146 0.068611111111111
3 0.5136863425925926 0.6026736111111111 0.06151620370370381 0.06378472222222217
3 0.4733969907407408 0.6356423611111112 0.056365740740740834 0.05586805555555543
3 0.41533564814814816 0.593125 0.06114583333333332 0.057534722222222355
10 0.5632523148148149 0.4490277777777777 0.061701388888888785 0.06690972222222236
10 0.6389699074074073 0.30105902777777777 0.06372685185185176 0.07475694444444443
10 0.6524768518518519 0.1857638888888889 0.06234953703703709 0.07784722222222226
10 0.5570659722222222 0.2786284722222222 0.05719907407407412 0.06993055555555552
10 0.5228530092592593 0.33493055555555556 0.0584837962962963 0.06527777777777777
10 0.47765046296296293 0.3773958333333334 0.0616087962962963 0.06534722222222218
10 0.43123842592592593 0.4918576388888889 0.0616087962962963 0.06534722222222218
10 0.3838252314814815 0.5234201388888888 0.06354166666666661 0.07163194444444443
12 0.3251215277777778 0.37765624999999997 0.06813657407407411 0.07017361111111117
9 0.36141203703703706 0.3432118055555556 0.06988425925925927 0.07333333333333333
7 0.3903935185185185 0.3042361111111111 0.07347222222222224 0.08121527777777775
8 0.4111863425925926 0.2458854166666667 0.10575231481481477 0.12562499999999996
11 0.45524305555555555 0.2104861111111111 0.09094907407407415 0.11281249999999998
7 0.501736111111111 0.17659722222222224 0.06952546296296305 0.09361111111111113
9 0.5388946759259259 0.13039930555555554 0.07393518518518505 0.08902777777777775
12 0.5894733796296296 0.08625000000000001 0.07090277777777772 0.09052083333333334