5 0.7950520833333334 0.6271875 0.15517361111111114 0.08237268518518519
0 0.7819618055555556 0.7107118055555556 0.12312500000000011 0.09931712962962962
5 0.2792013888888889 0.6460300925925926 0.10499999999999998 0.11324074074074061
2 0.8049826388888889 0.5444212962962963 0.15479166666666658 0.10892361111111111
2 0.48272569444444446 0.5857986111111112 0.14513888888888893 0.10260416666666679
3 0.5146354166666667 0.6766898148148147 0.109513888888889 0.07422453703703695
3 0.11369791666666666 0.5541493055555555 0.11545138888888888 0.1023842592592592
3 0.3607986111111111 0.4981481481481481 0.13982638888888896 0.08850694444444436
3 0.6168750000000001 0.4336168981481482 0.17034722222222226 0.10747685185185177
4 0.9058333333333334 0.4029340277777778 0.16090277777777756 0.17613425925925927
1 0.28770833333333334 0.3139525462962963 0.21128472222222222 0.2202430555555555