5 0.5428761574074075 0.79546875 0.06318287037037038 0.0963541666666666
2 0.5613541666666666 0.7575 0.06482638888888878 0.10739583333333336
0 0.581400462962963 0.7202083333333333 0.06318287037037038 0.0963541666666666
1 0.6077372685185185 0.68796875 0.11510416666666679 0.1482291666666667
4 0.6447685185185185 0.6221875000000001 0.10725694444444436 0.1430208333333333
0 0.6872685185185186 0.5560416666666667 0.09297453703703695 0.11239583333333343
2 0.7203819444444444 0.48895833333333333 0.08663194444444447 0.0994791666666666
3 0.496255787037037 0.7274479166666666 0.06459490740740748 0.07614583333333336
3 0.5155092592592593 0.6886458333333334 0.06296296296296297 0.06666666666666679
3 0.5409722222222222 0.6439583333333333 0.06460648148148138 0.07770833333333335
3 0.5648090277777778 0.59078125 0.06461805555555564 0.07927083333333336
3 0.5925636574074075 0.5389062499999999 0.06774305555555564 0.0794791666666665
9 0.28347222222222224 0.07020833333333334 0.09751157407407404 0.09239583333333332
7 0.26765625000000004 0.15098958333333332 0.09740740740740747 0.07833333333333332
8 0.2346585648148148 0.23369791666666667 0.1381712962962963 0.09979166666666668
11 0.23122106481481483 0.29723958333333333 0.11939814814814813 0.09541666666666675
7 0.23002314814814814 0.3465625 0.0926388888888889 0.06708333333333334
9 0.22260416666666666 0.40020833333333333 0.08487268518518513 0.07281250000000003
12 0.2206539351851852 0.45348958333333333 0.07233796296296298 0.06729166666666657
10 0.3699826388888889 0.038984375 0.07870370370370364 0.07796875
10 0.34946759259259264 0.11583333333333332 0.07395833333333339 0.07520833333333332
10 0.33049189814814817 0.19213541666666667 0.0723263888888889 0.06572916666666666
10 0.3154282407407408 0.2689583333333333 0.06447916666666664 0.06052083333333336
10 0.30496527777777777 0.33375000000000005 0.0645023148148148 0.06364583333333336
10 0.2889699074074074 0.3903125 0.06291666666666665 0.060416666666666605
10 0.27761574074074075 0.4403125 0.059791666666666646 0.06020833333333329
10 0.26711805555555557 0.5004166666666666 0.06137731481481481 0.06343750000000004
3 0.7060358796296297 0.34609375 0.0741087962962963 0.09552083333333332
3 0.6604108796296296 0.4124479166666667 0.07245370370370381 0.08291666666666657
3 0.6210879629629631 0.4854166666666667 0.06461805555555564 0.07927083333333336
5 0.775300925925926 0.41104166666666664 0.08195601851851855 0.10072916666666672