5 0.3253761574074074 0.6529224537037036 0.0671875 0.08674768518518512
5 0.8208622685185185 0.6181423611111111 0.0668981481481481 0.07893518518518512
2 0.4043981481481481 0.653125 0.060590277777777854 0.07714120370370363
2 0.753443287037037 0.614380787037037 0.06574074074074084 0.08981481481481488
0 0.4729456018518518 0.6451099537037037 0.0640625 0.08663194444444447
0 0.682667824074074 0.6256076388888889 0.0606481481481481 0.0787037037037038
1 0.6147569444444445 0.6296875 0.06122685185185191 0.09432870370370364
4 0.5405671296296296 0.6332175925925926 0.06388888888888893 0.08194444444444446
3 0.33486689814814813 0.5712094907407408 0.05746527777777777 0.07702546296296298
3 0.39916087962962965 0.5539641203703703 0.04484953703703702 0.0734375
3 0.4747395833333333 0.5456886574074075 0.05422453703703702 0.07378472222222214
3 0.535619212962963 0.541869212962963 0.04166666666666661 0.07175925925925916
3 0.5987268518518519 0.5348379629629629 0.05081018518518512 0.06585648148148149
3 0.6714699074074074 0.5344907407407407 0.04745370370370381 0.05949074074074083
3 0.7413194444444444 0.5193865740740741 0.053125 0.0862268518518519
3 0.8024016203703704 0.5210358796296296 0.051273148148148096 0.0783564814814813
10 0.7509548611111111 0.14586226851851852 0.044791666666666785 0.071875
10 0.6765914351851852 0.1447048611111111 0.041319444444444464 0.06238425925925926
10 0.6206597222222222 0.15538194444444445 0.04166666666666661 0.07175925925925926
10 0.5612847222222223 0.15758101851851852 0.03553240740740744 0.07465277777777776
10 0.5019965277777778 0.1621238425925926 0.04155092592592595 0.06863425925925926
10 0.4370949074074074 0.16296296296296298 0.03553240740740726 0.07465277777777776
10 0.3794849537037037 0.17057291666666666 0.04155092592592595 0.06863425925925926
10 0.3222800925925926 0.16799768518518515 0.05098379629629628 0.07054398148148149
12 0.3126736111111111 0.09872685185185186 0.048379629629629585 0.08449074074074074
12 0.7340856481481481 0.07060185185185185 0.056365740740740834 0.08946759259259258
9 0.37644675925925924 0.08854166666666667 0.04745370370370363 0.10162037037037037
9 0.671238425925926 0.06354166666666668 0.0409143518518519 0.09357638888888889
7 0.6111400462962963 0.06733217592592593 0.044618055555555536 0.10931712962962963
7 0.4340856481481481 0.08171296296296296 0.06006944444444429 0.10520833333333335
8 0.49751157407407404 0.06471354166666667 0.05179398148148149 0.12942708333333333
11 0.5584780092592593 0.060677083333333326 0.04027777777777786 0.11851851851851851