5 0.5185474537037037 0.20885416666666665 0.1114583333333334 0.15690972222222221
0 0.597829861111111 0.20515625 0.121875 0.12906250000000002
5 0.66015625 0.6885590277777778 0.1302083333333334 0.11520833333333336
2 0.4410011574074074 0.21493055555555557 0.13657407407407404 0.15902777777777777
2 0.556394675925926 0.5092013888888889 0.12974537037037023 0.15107638888888886
3 0.6308738425925926 0.46171875 0.09415509259259273 0.11284722222222214
3 0.6159722222222223 0.8607291666666667 0.12297453703703702 0.12284722222222229
3 0.5052372685185185 0.6398784722222223 0.11365740740740744 0.14447916666666671
3 0.38532986111111106 0.4110243055555555 0.13929398148148148 0.17468749999999994
3 0.4948206018518519 0.03595486111111111 0.0865162037037038 0.05184027777777778
4 0.28336226851851853 0.12953125 0.20902777777777776 0.21055555555555555
1 0.3544560185185185 0.7418229166666667 0.25561342592592595 0.22875000000000015