10 0.32225115740740745 0.23561342592592593 0.06487268518518512 0.05493055555555557
10 0.3690393518518519 0.24635416666666665 0.05960648148148149 0.04697916666666666
10 0.4145543981481482 0.2609548611111111 0.06116898148148149 0.04702546296296291
11 0.5336226851851852 0.2371990740740741 0.1111689814814815 0.09060185185185184
8 0.4724537037037037 0.2112210648148148 0.1262731481481481 0.10508101851851848
7 0.43550347222222224 0.20700810185185184 0.08692129629629637 0.07896990740740736
7 0.6067708333333334 0.2565162037037037 0.09184027777777785 0.08223379629629628
9 0.3955150462962963 0.19335069444444444 0.06915509259259256 0.07064814814814815
12 0.34357638888888886 0.1762210648148148 0.0744791666666667 0.058333333333333307
4 0.20410879629629627 0.5875810185185186 0.1414351851851851 0.05719907407407412
0 0.18671875 0.5527662037037037 0.11608796296296298 0.05177083333333332
2 0.14982638888888888 0.5282870370370369 0.09207175925925926 0.04326388888888886
5 0.11863425925925926 0.5070949074074074 0.07465277777777776 0.03962962962962955
5 0.434056712962963 0.7347106481481481 0.10706018518518512 0.0561805555555555
2 0.36168981481481477 0.6943692129629631 0.10491898148148149 0.04832175925925917
0 0.3200231481481482 0.6580555555555556 0.11319444444444446 0.05480324074074083
1 0.24224537037037036 0.6183333333333334 0.15966435185185182 0.07177083333333342
3 0.479369212962963 0.6729108796296297 0.078125 0.04440972222222221
3 0.42442129629629627 0.6362037037037037 0.07702546296296298 0.05061342592592588
3 0.3609953703703704 0.6008043981481481 0.07175925925925926 0.04266203703703706
3 0.3190104166666667 0.5707175925925926 0.07476851851851851 0.04119212962962955
3 0.27557870370370374 0.5421469907407407 0.07106481481481489 0.03328703703703706
3 0.23599537037037038 0.5129108796296297 0.08090277777777777 0.03981481481481488
3 0.19664351851851852 0.4867997685185186 0.07274305555555553 0.034895833333333216
3 0.1638310185185185 0.4647800925925926 0.07766203703703703 0.03815972222222221
12 0.7570023148148148 0.30618055555555557 0.08755787037037024 0.0665162037037037
9 0.6769675925925925 0.2780844907407407 0.08958333333333321 0.07281250000000003
10 0.7086226851851852 0.36866898148148153 0.06678240740740744 0.059664351851851906
10 0.6457465277777779 0.3512152777777778 0.06932870370370381 0.05194444444444439
10 0.5813368055555556 0.3235821759259259 0.06822916666666679 0.05814814814814815
10 0.5168402777777777 0.30530092592592595 0.07390046296296297 0.050520833333333307
10 0.4607638888888889 0.2849305555555556 0.06909722222222214 0.048819444444444485