12 0.8487847222222221 0.3744791666666667 0.06017361111111086 0.038136574074074045
9 0.8009201388888888 0.42074652777777777 0.06322916666666671 0.03512731481481488
7 0.7632465277777778 0.4650752314814815 0.05861111111111121 0.03807870370370381
8 0.7347395833333333 0.518431712962963 0.06812500000000003 0.04467592592592595
11 0.6978819444444444 0.5611689814814815 0.06656250000000004 0.044618055555555536
7 0.6648958333333332 0.6053240740740741 0.058680555555555715 0.04120370370370381
9 0.6334548611111112 0.6502025462962963 0.04472222222222229 0.045370370370370415
12 0.5957638888888889 0.6953125 0.04472222222222229 0.045370370370370415
10 0.48046875 0.6496238425925925 0.03833333333333329 0.03888888888888893
10 0.45548611111111104 0.5795138888888889 0.04295138888888879 0.0359375
10 0.5557986111111111 0.5617476851851851 0.038263888888888965 0.03576388888888893
10 0.5725173611111111 0.5119502314814814 0.038124999999999964 0.02951388888888893
10 0.6188194444444444 0.46574074074074073 0.041284722222222216 0.031192129629629584
10 0.6312152777777778 0.36458333333333337 0.039722222222222214 0.031134259259259257
10 0.6760069444444444 0.316087962962963 0.04774305555555554 0.04079861111111107
3 0.6063541666666666 0.28900462962962964 0.043020833333333286 0.0390625
3 0.5162326388888889 0.30483217592592593 0.04138888888888879 0.03587962962962958
3 0.47463541666666664 0.35008680555555555 0.03819444444444446 0.032638888888888926
3 0.44637152777777783 0.39250578703703703 0.03979166666666671 0.03425925925925934
3 0.4102777777777778 0.4359953703703704 0.038090277777777716 0.02795138888888893
3 0.3756597222222222 0.4833333333333333 0.04295138888888887 0.0359375
3 0.34576388888888887 0.5289351851851851 0.05076388888888887 0.036226851851851906
3 0.36368055555555556 0.6008680555555556 0.04774305555555554 0.04079861111111107
5 0.41689236111111116 0.20859375 0.052430555555555536 0.04097222222222223
5 0.18713541666666664 0.5363715277777777 0.05715277777777779 0.04270833333333339
2 0.22340277777777776 0.48506944444444444 0.06489583333333329 0.03987268518518512
2 0.3925 0.25243055555555555 0.057048611111111126 0.03802083333333339
0 0.3625173611111111 0.30193865740740744 0.05413194444444445 0.04728009259259256
0 0.2500694444444444 0.4442708333333333 0.060104166666666715 0.03501157407407405
1 0.27850694444444446 0.3940393518518518 0.0665972222222222 0.04618055555555554
4 0.3202083333333333 0.3440972222222222 0.06357638888888886 0.05075231481481488