12 0.8159375000000001 0.5267939814814815 0.08041666666666672 0.08680555555555554
12 0.515625 0.7683449074074075 0.052291666666666715 0.061400462962962976
9 0.7601041666666667 0.5752604166666667 0.08041666666666672 0.08680555555555554
9 0.5495833333333333 0.7418113425925925 0.054062500000000034 0.06464120370370381
7 0.7102083333333333 0.6171006944444445 0.07083333333333322 0.08298611111111107
7 0.5850520833333334 0.7161747685185185 0.059375 0.07436342592592596
11 0.6736979166666666 0.6583622685185185 0.08020833333333321 0.10700231481481488
8 0.6309895833333334 0.6983796296296296 0.08020833333333321 0.10700231481481488
10 0.46229166666666666 0.7557581018518519 0.04052083333333343 0.04809027777777786
10 0.4979166666666667 0.7277777777777777 0.04197916666666668 0.046643518518518515
10 0.5304166666666668 0.6995659722222223 0.0515625 0.05046296296296297
10 0.56734375 0.6638310185185186 0.04875000000000007 0.054918981481481485
10 0.6042708333333333 0.6280960648148148 0.05166666666666657 0.052025462962962975
10 0.653125 0.5901041666666667 0.05802083333333332 0.054050925925925954
10 0.6964062500000001 0.5532696759259259 0.06635416666666671 0.062442129629629764
10 0.7534895833333334 0.49782986111111105 0.06635416666666671 0.062442129629629764
3 0.3971354166666667 0.40234375 0.06697916666666667 0.07181712962962958
3 0.3591145833333333 0.45448495370370373 0.058958333333333356 0.06811342592592595
3 0.31723958333333335 0.5055555555555555 0.06322916666666663 0.0622106481481481
3 0.28244791666666663 0.5563657407407407 0.06479166666666672 0.06232638888888893
3 0.250625 0.5979745370370371 0.05843749999999996 0.06030092592592595
3 0.21682291666666664 0.6339409722222222 0.05999999999999996 0.060416666666666605
3 0.19130208333333334 0.6752314814814815 0.0536458333333333 0.05839120370370363
3 0.15692708333333333 0.7080150462962963 0.06812500000000003 0.06568287037037042
5 0.29901041666666667 0.378587962962963 0.06906250000000007 0.07974537037037041
5 0.07760416666666667 0.7084201388888889 0.05916666666666666 0.07123842592592596
2 0.2691145833333334 0.43839699074074073 0.07885416666666671 0.08668981481481489
2 0.10619791666666667 0.668142361111111 0.059687499999999984 0.07905092592592596
0 0.22854166666666664 0.49348958333333337 0.08177083333333339 0.08379629629629619
0 0.12250000000000001 0.6355902777777779 0.055208333333333304 0.0818287037037038
1 0.19125 0.5582465277777778 0.09052083333333334 0.12175925925925916
4 0.15057291666666667 0.603125 0.0833333333333333 0.10723379629629637