10 0.7645023148148148 0.2706886574074074 0.05763888888888893 0.05020833333333332
10 0.7599189814814815 0.32656828703703705 0.05598379629629626 0.04699074074074074
10 0.7659548611111111 0.3986747685185185 0.05124999999999993 0.04515046296296301
10 0.7585243055555555 0.463744212962963 0.05575231481481495 0.03917824074074083
10 0.7644444444444444 0.5319444444444444 0.054282407407407265 0.042210648148148164
10 0.7695601851851851 0.5993171296296296 0.05437499999999993 0.04533564814814817
10 0.7690914351851852 0.6624594907407407 0.05428240740740744 0.042210648148148164
10 0.7678182870370371 0.7247743055555556 0.06393518518518526 0.052141203703703634
12 0.8632523148148149 0.7608449074074073 0.08641203703703723 0.07375000000000007
12 0.8494502314814815 0.2687037037037037 0.06435185185185191 0.06620370370370372
9 0.8530960648148149 0.3391087962962963 0.06903935185185191 0.06648148148148145
9 0.8530555555555555 0.6799131944444444 0.07207175925925924 0.06354166666666661
7 0.8462847222222223 0.6093229166666667 0.061087962962962906 0.06133101851851848
7 0.8496643518518517 0.4075347222222222 0.0656365740740739 0.056921296296296296
11 0.846875 0.47131944444444435 0.07519675925925924 0.06372685185185176
8 0.8535995370370371 0.5403472222222222 0.06729166666666657 0.060138888888888783
3 0.3665451388888889 0.23696759259259262 0.06710648148148142 0.053888888888888965
3 0.3683275462962963 0.2971238425925926 0.07032407407407408 0.05719907407407412
3 0.36700810185185184 0.3578761574074074 0.0671064814814815 0.053888888888888875
3 0.367181712962963 0.4163773148148149 0.06379629629629627 0.04745370370370381
3 0.37353587962962964 0.4729050925925925 0.07165509259259259 0.04947916666666678
3 0.3729050925925926 0.5305787037037037 0.06839120370370369 0.044606481481481455
3 0.37457175925925923 0.5868287037037037 0.07018518518518517 0.05251157407407412
3 0.3739178240740741 0.6437210648148148 0.06554398148148141 0.0537962962962963
5 0.2988252314814815 0.6361516203703703 0.07662037037037032 0.05913194444444443
5 0.2937268518518518 0.22719328703703706 0.07818287037037042 0.059224537037037006
2 0.29171874999999997 0.2910243055555556 0.08438657407407409 0.05803240740740741
2 0.2996875 0.5862905092592593 0.0941319444444444 0.07108796296296305
0 0.3017418981481481 0.5240219907407407 0.08746527777777775 0.05665509259259256
0 0.28934027777777777 0.3423553240740741 0.09045138888888893 0.052152777777777805
1 0.27455439814814814 0.39607060185185183 0.12207175925925924 0.06650462962962962
4 0.2812094907407407 0.46275462962962965 0.11255787037037042 0.061261574074073975