5 0.6426793981481481 0.6910011574074074 0.07741898148148145 0.06234953703703709
2 0.6411226851851852 0.6377372685185184 0.07732638888888879 0.056099537037037094
0 0.6370486111111111 0.5960532407407408 0.0850462962962963 0.05031250000000007
1 0.649519675925926 0.5459664351851852 0.11802083333333328 0.06319444444444447
4 0.6401157407407407 0.49458333333333326 0.10549768518518512 0.06089120370370367
0 0.6142013888888889 0.4492592592592593 0.08346064814814813 0.048657407407407406
2 0.60875 0.3949826388888889 0.07725694444444428 0.051412037037037096
5 0.6047222222222223 0.35017361111111106 0.06776620370370381 0.043043981481481454
3 0.4989699074074074 0.7325289351851852 0.07415509259259263 0.05278935185185176
3 0.5398900462962963 0.6622337962962963 0.06790509259259245 0.052418981481481455
3 0.5320254629629629 0.6125057870370371 0.06790509259259263 0.052418981481481455
3 0.5265509259259259 0.5597916666666667 0.06163194444444446 0.05048611111111114
3 0.5194444444444445 0.5116724537037036 0.06480324074074062 0.0537962962962963
3 0.5100173611111112 0.46185185185185185 0.06153935185185198 0.04423611111111114
3 0.5030150462962963 0.4067013888888889 0.07408564814814814 0.048101851851851764
3 0.43328124999999995 0.3634722222222222 0.06149305555555564 0.04111111111111114
10 0.45599537037037036 0.57203125 0.07259259259259246 0.052696759259259096
10 0.43296875 0.70125 0.06006944444444429 0.050393518518518476
10 0.3746875 0.7822453703703703 0.06641203703703695 0.05701388888888896
10 0.34749421296296296 0.6649074074074074 0.06643518518518521 0.05857638888888879
10 0.35540509259259256 0.6059490740740741 0.06785879629629629 0.04929398148148145
10 0.3312962962962963 0.5443113425925926 0.06939814814814813 0.047824074074074116
10 0.3681770833333333 0.4299884259259259 0.07263888888888896 0.05582175925925927
10 0.3551331018518519 0.3604050925925926 0.07105324074074071 0.054166666666666606
12 0.2387210648148148 0.8289236111111112 0.07921296296296294 0.07806712962962976
9 0.22479166666666667 0.7663252314814815 0.08061342592592595 0.06722222222222225
7 0.21166666666666667 0.7022106481481482 0.0869097222222222 0.07071759259259255
11 0.21416666666666667 0.6390219907407408 0.1151041666666667 0.07707175925925931
8 0.2033738425925926 0.5758275462962963 0.10885416666666661 0.076701388888889
7 0.17941550925925925 0.5040335648148149 0.07725694444444446 0.051412037037037096
9 0.16164930555555554 0.43651620370370364 0.09309027777777779 0.06640046296296305
12 0.12992476851851853 0.36113425925925924 0.08052083333333333 0.06097222222222225