12 0.31171296296296297 0.33625 0.05978009259259256 0.058645833333333286
9 0.3508101851851852 0.3435416666666667 0.06295138888888889 0.0651041666666666
7 0.3859606481481482 0.34510416666666666 0.06918981481481482 0.06395833333333334
8 0.4202604166666667 0.3372395833333333 0.09121527777777771 0.08572916666666668
11 0.46559606481481486 0.34338541666666667 0.08028935185185197 0.08656249999999996
5 0.23205439814814816 0.7565104166666666 0.05821759259259256 0.058541666666666714
2 0.2625694444444444 0.7647916666666668 0.06456018518518522 0.07145833333333336
0 0.29856481481481484 0.775 0.06611111111111115 0.06999999999999992
4 0.3260648148148148 0.7979166666666667 0.0849652777777778 0.08531250000000004
1 0.3675925925925926 0.8170833333333333 0.09439814814814813 0.09375
0 0.42473379629629626 0.8357291666666666 0.06775462962962955 0.0810416666666665
10 0.6075636574074074 0.42859375 0.05354166666666664 0.059791666666666646
10 0.5607118055555556 0.42859375 0.05355324074074073 0.06135416666666664
10 0.5106539351851852 0.4174479166666667 0.0535532407407409 0.06135416666666664
10 0.46380787037037036 0.4182291666666666 0.04884259259259256 0.057916666666666575
10 0.42003472222222216 0.41218749999999993 0.04879629629629641 0.05166666666666657
10 0.3809490740740741 0.4064583333333333 0.04880787037037031 0.05322916666666675
10 0.3410648148148148 0.3983333333333333 0.045648148148148146 0.04833333333333325
10 0.30673611111111115 0.4022916666666666 0.058206018518518476 0.05697916666666671
3 0.538420138888889 0.7925520833333334 0.05513888888888889 0.06458333333333321
3 0.49064814814814817 0.77375 0.05355324074074073 0.06135416666666664
3 0.4413657407407408 0.7618750000000001 0.05040509259259274 0.0580208333333335
3 0.39674768518518516 0.7471875 0.050381944444444396 0.054895833333333324
3 0.35756365740740736 0.7281770833333333 0.05035879629629623 0.0517708333333335
3 0.3200057870370371 0.7178645833333333 0.04879629629629623 0.05166666666666657
3 0.2863252314814815 0.70390625 0.04410879629629631 0.05135416666666668
3 0.251099537037037 0.6921875 0.045671296296296224 0.05145833333333325
5 0.5249305555555555 0.8689583333333333 0.06146990740740747 0.07593749999999985
2 0.4662384259259259 0.8517708333333334 0.0630092592592593 0.07291666666666678
12 0.621099537037037 0.35843749999999996 0.05986111111111114 0.06958333333333329
9 0.5640509259259259 0.35229166666666667 0.059803240740740726 0.06177083333333337
7 0.5171875 0.35072916666666665 0.06456018518518522 0.07145833333333336