12 0.5043981481481481 0.15920138888888888 0.09392361111111107 0.06694444444444443
9 0.4721643518518519 0.19313657407407409 0.1043981481481481 0.060856481481481504
11 0.40902777777777777 0.26415509259259257 0.14160879629629636 0.07857638888888889
7 0.3140625 0.3636400462962963 0.10954861111111107 0.06717592592592592
12 0.1955439814814815 0.4643402777777778 0.09884259259259257 0.07013888888888893
9 0.26449652777777777 0.4098321759259259 0.09548611111111108 0.06696759259259259
8 0.3763888888888889 0.30355902777777777 0.13964120370370373 0.09415509259259255
7 0.4390335648148148 0.2286226851851852 0.10509259259259256 0.0702314814814815
10 0.5862847222222223 0.2362789351851852 0.07748842592592595 0.05577546296296294
10 0.6006655092592592 0.3060995370370371 0.07100694444444447 0.052557870370370366
10 0.5170717592592593 0.3048611111111111 0.07581018518518512 0.054189814814814774
10 0.4994212962962964 0.35309027777777774 0.07690972222222214 0.04796296296296294
10 0.4492476851851852 0.3969270833333334 0.07725694444444446 0.05265046296296294
10 0.42390046296296297 0.5068287037037036 0.08732638888888893 0.06216435185185176
10 0.3682291666666667 0.5615335648148149 0.07725694444444446 0.05265046296296294
3 0.665335648148148 0.3094039351851852 0.07760416666666678 0.05733796296296294
3 0.6754340277777778 0.3736863425925926 0.07690972222222214 0.04796296296296294
3 0.6513310185185185 0.4139988425925926 0.07019675925925917 0.04162037037037045
3 0.6192997685185185 0.4557581018518519 0.07690972222222214 0.04796296296296312
3 0.5890625 0.49441550925925926 0.07320601851851852 0.04010416666666661
3 0.5640625 0.5362789351851852 0.07523148148148148 0.046377314814814774
3 0.5267650462962963 0.5857812499999999 0.08015046296296298 0.049571759259259274
3 0.43862847222222223 0.5930787037037037 0.0778356481481481 0.06046296296296294
5 0.5996527777777778 0.6893171296296297 0.08987268518518512 0.0543981481481481
5 0.7759548611111111 0.3892534722222222 0.07679398148148167 0.04640046296296294
2 0.7581597222222223 0.4288773148148149 0.08616898148148149 0.04653935185185176
0 0.7375289351851853 0.4645486111111111 0.0955439814814815 0.04667824074074076
0 0.6571180555555556 0.5892766203703703 0.10538194444444446 0.05306712962962958
2 0.6250578703703704 0.6419849537037037 0.09467592592592596 0.0560300925925926
4 0.7010416666666666 0.5453472222222222 0.12592592592592594 0.056493055555555574
1 0.7348668981481481 0.5004861111111112 0.14033564814814808 0.061388888888888896
10 0.5657118055555556 0.41898726851851853 0.07858796296296297 0.049548611111111106