10 0.5040914351851852 0.25765625 0.03322916666666664 0.05843749999999996
10 0.5015277777777778 0.2875 0.03792824074074073 0.06031250000000003
10 0.5106018518518518 0.3275 0.036388888888888894 0.06333333333333328
10 0.5118576388888889 0.36880208333333336 0.03792824074074073 0.06031250000000003
3 0.27508680555555554 0.2861979166666667 0.04109953703703706 0.06677083333333336
3 0.2724594907407408 0.3246354166666666 0.039571759259259306 0.07135416666666661
3 0.26046296296296295 0.36291666666666667 0.04269675925925931 0.07156249999999993
3 0.2546643518518518 0.4078125 0.041157407407407476 0.07458333333333336
12 0.5416724537037038 0.24421875 0.042615740740740725 0.06062499999999993
9 0.5485300925925926 0.2671875 0.03633101851851848 0.05552083333333328
11 0.5542534722222221 0.33786458333333336 0.06016203703703695 0.11020833333333328
8 0.5680208333333334 0.37677083333333333 0.0587037037037037 0.12416666666666672
7 0.5745370370370371 0.4458333333333333 0.047534722222222214 0.0921875
3 0.25198495370370366 0.45328125 0.048993055555555554 0.07822916666666657
3 0.2398842592592593 0.505625 0.04424768518518522 0.07010416666666668
3 0.2347974537037037 0.55984375 0.052152777777777715 0.08312500000000007
5 0.22822916666666665 0.2869791666666667 0.05054398148148147 0.07677083333333332
2 0.2146701388888889 0.32536458333333335 0.053750000000000055 0.08791666666666664
0 0.20819444444444443 0.35625 0.05539351851851855 0.0989583333333334
1 0.1916145833333333 0.38078124999999996 0.07759259259259262 0.14416666666666664
4 0.18413194444444445 0.4421875 0.07753472222222224 0.13635416666666664
0 0.1813599537037037 0.5001562500000001 0.0648032407407407 0.10427083333333335
2 0.16681134259259262 0.56671875 0.06633101851851855 0.09968749999999993
5 0.15540509259259258 0.6307291666666666 0.06158564814814813 0.09156249999999985
9 0.5850462962962963 0.5029166666666667 0.05061342592592588 0.08614583333333332
7 0.5538831018518519 0.2824479166666667 0.02516203703703699 0.023541666666666662
12 0.6040277777777778 0.5758333333333334 0.05061342592592588 0.08614583333333332
3 0.2249710648148148 0.6214062499999999 0.05687499999999997 0.08812499999999997
10 0.5329456018518519 0.5790104166666667 0.048993055555555644 0.07822916666666657
10 0.5310532407407408 0.5182291666666667 0.04424768518518522 0.07010416666666668
10 0.5275231481481482 0.4677083333333333 0.047372685185185046 0.0703125
10 0.5169791666666667 0.41531250000000003 0.045763888888888896 0.06395833333333326