3 0.6489699074074073 0.3614583333333333 0.07140046296296294 0.08174768518518523
3 0.5837731481481482 0.38380787037037034 0.057094907407407545 0.07695601851851848
3 0.5095254629629629 0.39997685185185183 0.06614583333333321 0.07077546296296297
3 0.44954282407407414 0.41213541666666664 0.06194444444444436 0.08011574074074072
3 0.38372685185185185 0.43136574074074074 0.06506944444444436 0.0801388888888889
3 0.3208622685185185 0.43885995370370373 0.06695601851851851 0.08640046296296297
3 0.2465740740740741 0.4558101851851852 0.06466435185185179 0.0723263888888889
3 0.1836689814814815 0.4640856481481482 0.06695601851851851 0.08640046296296297
5 0.15703703703703703 0.37525462962962963 0.07756944444444444 0.08023148148148147
5 0.6489409722222221 0.27164930555555555 0.06778935185185198 0.07234953703703706
2 0.5745717592592593 0.290162037037037 0.07945601851851851 0.08649305555555556
2 0.22512731481481482 0.3724074074074074 0.06927083333333331 0.07079861111111115
0 0.5042708333333333 0.30552083333333335 0.06350694444444435 0.0801273148148148
0 0.2980960648148148 0.35078125 0.06539351851851852 0.08638888888888889
4 0.44104166666666667 0.32004629629629633 0.06940972222222222 0.10359953703703706
1 0.36568865740740747 0.3424710648148148 0.08010416666666664 0.09899305555555556
10 0.2692361111111111 0.8320601851851851 0.05660879629629632 0.06758101851851847
10 0.33793402777777776 0.817494212962963 0.06234953703703709 0.0879282407407409
10 0.3952893518518518 0.8108217592592591 0.052164351851851795 0.07223379629629605
10 0.4526331018518519 0.7893113425925925 0.055613425925925955 0.07850694444444457
10 0.5139756944444445 0.7810474537037038 0.051006944444444355 0.08003472222222233
10 0.5752372685185184 0.7743460648148149 0.053888888888888785 0.07537037037037031
10 0.629832175925926 0.7606655092592594 0.05668981481481481 0.06914351851851848
10 0.6913773148148148 0.7484953703703704 0.061539351851851797 0.0723032407407409
12 0.7042187500000001 0.8171238425925926 0.06531249999999993 0.08482638888888872
12 0.29301504629629627 0.900607638888889 0.07689814814814815 0.09740740740740747
9 0.3563368055555555 0.8993576388888889 0.061111111111111074 0.09416666666666665
9 0.6423900462962964 0.8347627314814815 0.061030092592592664 0.09260416666666664
7 0.5844270833333333 0.8531539351851851 0.06431712962962947 0.0957523148148148
7 0.41167245370370364 0.8864525462962962 0.06456018518518522 0.10043981481481482
8 0.5266377314814814 0.8832581018518517 0.0824537037037036 0.1443055555555553
11 0.4647164351851852 0.8876215277777778 0.08040509259259263 0.13491898148148138