4 0.4091145833333333 0.7987731481481481 0.07281250000000003 0.13314814814814807
10 0.8010416666666668 0.6741030092592594 0.052916666666666855 0.06862268518518526
11 0.7816145833333333 0.5210763888888889 0.10843749999999978 0.12952546296296302
7 0.8096875000000001 0.567806712962963 0.06062499999999993 0.06729166666666657
9 0.82890625 0.6070023148148149 0.0671875 0.07216435185185191
12 0.8469270833333333 0.640775462962963 0.06770833333333356 0.07997685185185191
12 0.6325 0.2549363425925926 0.07156249999999993 0.09100694444444439
9 0.6714583333333334 0.33721064814814816 0.08583333333333343 0.09454861111111112
7 0.70703125 0.40009259259259256 0.08260416666666667 0.09289351851851854
8 0.7530729166666668 0.4696817129629629 0.11802083333333328 0.13292824074074083
10 0.5750520833333332 0.33304976851851853 0.05947916666666657 0.07349537037037042
10 0.6167708333333334 0.38561342592592596 0.06416666666666657 0.07363425925925923
10 0.6483333333333333 0.4384780092592592 0.06729166666666675 0.0737268518518519
10 0.6798437500000001 0.4921238425925926 0.06281250000000008 0.0767129629629629
10 0.7136458333333333 0.5464814814814816 0.06260416666666657 0.07358796296296291
10 0.7434375 0.5908217592592593 0.06062499999999993 0.06729166666666657
10 0.7713020833333333 0.6406770833333333 0.05541666666666671 0.05934027777777793
3 0.32947916666666666 0.6015277777777778 0.05 0.07165509259259259
3 0.37239583333333337 0.647818287037037 0.05479166666666666 0.07335648148148159
3 0.41270833333333334 0.6863888888888889 0.04802083333333336 0.06535879629629626
3 0.45203124999999994 0.728107638888889 0.04677083333333343 0.06999999999999992
3 0.4843229166666667 0.7700347222222221 0.04208333333333343 0.06986111111111129
3 0.51859375 0.8056655092592593 0.045520833333333496 0.0746412037037036
3 0.5547916666666667 0.8357812499999999 0.04864583333333332 0.07473379629629626
3 0.5853645833333333 0.8684027777777779 0.0453125 0.07151620370370396
5 0.5490104166666667 0.9108043981481482 0.047395833333333214 0.07937499999999993
5 0.2765625 0.6584548611111112 0.06427083333333332 0.0985879629629629
2 0.5141666666666667 0.8837673611111111 0.0546875 0.09518518518518526
2 0.32140625 0.699230324074074 0.06447916666666664 0.10171296296296291
0 0.4828125 0.8628645833333334 0.05510416666666664 0.10143518518518527
0 0.37020833333333336 0.7391087962962963 0.06302083333333339 0.10322916666666657
1 0.45036458333333335 0.8466724537037036 0.07197916666666657 0.1440393518518519