3 0.8046875 0.36171875 0.0265625 0.05859375
3 0.7453125 0.3703125 0.02734375 0.0640625
3 0.6875 0.39140625 0.02109375 0.05078125
3 0.58046875 0.4 0.03203125 0.0640625
3 0.5296875 0.4140625 0.03359375 0.05703125
5 0.428125 0.48828125 0.04921875 0.07109375
5 0.81796875 0.41484375 0.04453125 0.07421875
2 0.47265625 0.4703125 0.0375 0.0671875
2 0.75234375 0.42734375 0.0515625 0.07890625
0 0.528125 0.45859375 0.0421875 0.08203125
0 0.696875 0.4328125 0.04765625 0.08203125
4 0.578125 0.44140625 0.05234375 0.0984375
1 0.63984375 0.4265625 0.05078125 0.1203125
3 0.4375 0.43046875 0.03359375 0.05546875
3 0.484375 0.4265625 0.02734375 0.04765625
12 0.440625 0.17421875 0.02890625 0.0515625
12 0.75234375 0.10390625 0.02578125 0.0625
9 0.4890625 0.16640625 0.03515625 0.065625
9 0.7015625 0.1109375 0.03515625 0.06640625
7 0.528125 0.1515625 0.03046875 0.0734375
7 0.65859375 0.11796875 0.0296875 0.07421875
8 0.571875 0.11953125 0.04375 0.1125
11 0.61640625 0.12109375 0.03515625 0.10390625
10 0.44765625 0.21953125 0.02890625 0.0515625
10 0.4875 0.20703125 0.02578125 0.0515625
10 0.5296875 0.1984375 0.02890625 0.05546875
10 0.57421875 0.18828125 0.03125 0.05078125
10 0.61953125 0.1765625 0.02890625 0.053125
10 0.66484375 0.1671875 0.025 0.053125
10 0.7140625 0.1546875 0.025 0.05390625
10 0.753125 0.14609375 0.02734375 0.05