8 0.7244791666666666 0.11690972222222222 0.14677083333333343 0.16552083333333334
10 0.5356770833333333 0.7470312499999999 0.16541666666666668 0.1175694444444444
10 0.14260416666666664 0.6133680555555555 0.1421875 0.120173611111111
10 0.37921875 0.51265625 0.11916666666666664 0.10249999999999986
10 0.18682291666666667 0.49032986111111115 0.09208333333333334 0.09409722222222214
10 0.7233333333333334 0.5339583333333333 0.1260416666666666 0.11201388888888886
10 0.9252083333333333 0.42854166666666665 0.13760416666666658 0.09822916666666667
10 0.6333333333333333 0.4279861111111112 0.12364583333333332 0.09947916666666679
9 0.49729166666666663 0.3238194444444445 0.09906249999999997 0.10517361111111115
7 0.23625 0.3632638888888889 0.10906250000000002 0.11475694444444447
7 0.3706770833333334 0.26717013888888885 0.09791666666666661 0.1113888888888889
12 0.5065625 0.2046875 0.10635416666666657 0.09753472222222222
12 0.7727604166666666 0.3012673611111111 0.11770833333333339 0.10402777777777779
9 0.9308854166666667 0.12640625 0.09343749999999992 0.09100694444444443
11 0.71421875 0.18598958333333332 0.12239583333333322 0.15093750000000003