10 0.5847395833333333 0.629369212962963 0.037256944444444426 0.06070601851851851
10 0.4272048611111111 0.69296875 0.03878472222222218 0.05920138888888893
3 0.533420138888889 0.5852141203703705 0.04677083333333343 0.06730324074074083
3 0.5803645833333333 0.5803530092592593 0.04034722222222218 0.059259259259259345
5 0.7359027777777778 0.46608796296296295 0.05336805555555557 0.08315972222222215
2 0.6740277777777778 0.47540509259259256 0.05510416666666664 0.09103009259259273
0 0.6261805555555556 0.48576388888888894 0.050555555555555645 0.09710648148148131
1 0.5717361111111112 0.5119791666666667 0.06368055555555543 0.12569444444444447
4 0.5154166666666666 0.5171875 0.061875000000000034 0.11469907407407405
0 0.4645659722222222 0.522193287037037 0.050277777777777644 0.08460648148148149
2 0.4114409722222222 0.5241608796296295 0.05336805555555557 0.08315972222222215
5 0.36460069444444443 0.5243344907407408 0.0563194444444445 0.07546296296296298
3 0.7368402777777778 0.599537037037037 0.04041666666666668 0.06238425925925917
3 0.68140625 0.5649016203703704 0.0405555555555555 0.06863425925925917
3 0.6313020833333333 0.5714409722222222 0.03732638888888893 0.06383101851851851
3 0.48720486111111116 0.5923900462962963 0.046736111111111 0.06574074074074084
3 0.4417361111111111 0.601099537037037 0.04020833333333336 0.053009259259259166
3 0.41644097222222226 0.6504340277777778 0.04354166666666668 0.0625
10 0.47430555555555554 0.6810763888888889 0.04041666666666668 0.06238425925925917
10 0.5605729166666666 0.6981770833333334 0.03878472222222236 0.05920138888888893
10 0.6075694444444444 0.6909722222222222 0.03739583333333343 0.06695601851851851
10 0.6513020833333333 0.6901331018518518 0.037256944444444426 0.06070601851851851
10 0.6929166666666667 0.6440972222222222 0.03881944444444443 0.06076388888888893
10 0.7452951388888889 0.6757233796296296 0.035659722222222176 0.059085648148148096
12 0.74453125 0.7452256944444444 0.0358680555555555 0.06846064814814809
9 0.6998784722222222 0.75234375 0.0438194444444445 0.075
9 0.49328125000000006 0.775607638888889 0.0516319444444445 0.0752893518518519
12 0.45098958333333333 0.7818576388888888 0.042048611111111 0.06556712962962959
7 0.5347222222222222 0.772511574074074 0.04559027777777782 0.08443287037037024
7 0.6582986111111111 0.7616898148148149 0.040868055555555574 0.08269675925925916
11 0.6189409722222223 0.776417824074074 0.04916666666666671 0.10486111111111107
8 0.5804166666666667 0.7887731481481481 0.05413194444444436 0.11753472222222214