3 0.9102488425925926 0.6453125 0.06589120370370338 0.0359375
3 0.8880266203703704 0.70390625 0.058078703703703737 0.0359375
3 0.8513946759259259 0.715625 0.067465277777778 0.0375
3 0.8115856481481482 0.7203125 0.06435185185185191 0.0390625
3 0.7702488425925926 0.7296875 0.07063657407407398 0.04375
3 0.7187731481481482 0.74140625 0.06594907407407398 0.04375
3 0.6657118055555555 0.75 0.07223379629629641 0.0484375
10 0.9074768518518518 0.5875 0.06432870370370339 0.0359375
10 0.8669270833333332 0.59765625 0.062777777777778 0.0375
10 0.7877430555555556 0.56015625 0.06902777777777765 0.0375
10 0.7386053240740741 0.57109375 0.06587962962962965 0.034375
5 0.9402951388888889 0.79921875 0.06905092592592581 0.040625
2 0.9130150462962963 0.8078125 0.08162037037037032 0.05
0 0.8755613425925926 0.8140625 0.09098379629629641 0.0484375
4 0.8530844907407408 0.83828125 0.12862268518518505 0.0671875
1 0.8133680555555556 0.85546875 0.1490162037037038 0.078125
0 0.7407928240740741 0.86640625 0.0988657407407409 0.0578125
2 0.6901157407407408 0.88046875 0.08950231481481481 0.059375
12 0.9018402777777779 0.459375 0.06276620370370374 0.0359375
9 0.8635995370370371 0.46484375 0.07369212962962948 0.034375
7 0.8315798611111112 0.46640625 0.08776620370370374 0.0359375
8 0.8088483796296296 0.45625 0.13164351851851847 0.053125
11 0.7549363425925926 0.45546875 0.12230324074074073 0.0578125
7 0.6932233796296297 0.45625 0.1003587962962964 0.0484375
9 0.6385127314814815 0.453125 0.08791666666666664 0.05625
12 0.5752314814814815 0.453125 0.08476851851851848 0.053125
5 0.6199247685185185 0.896875 0.08953703703703689 0.0640625
10 0.5768981481481481 0.57265625 0.07533564814814823 0.0453125
10 0.6452951388888889 0.63046875 0.07215277777777782 0.0375
10 0.7603703703703704 0.66171875 0.07217592592592599 0.040625
10 0.6892939814814815 0.55859375 0.06905092592592599 0.040625
3 0.5950057870370371 0.696875 0.08162037037037032 0.05