1 0.3798611111111111 0.5560416666666667 0.09658564814814818 0.04072916666666657
4 0.3814236111111111 0.5140625 0.08877314814814818 0.04020833333333336
0 0.39447337962962964 0.5928645833333334 0.06660879629629628 0.03093749999999993
0 0.3909722222222222 0.4772916666666667 0.06984953703703703 0.03427083333333343
2 0.39829282407407407 0.6328645833333333 0.06192129629629628 0.030624999999999857
2 0.39340277777777777 0.4377083333333333 0.062268518518518515 0.040000000000000036
5 0.40031828703703703 0.6665104166666667 0.055613425925925955 0.02864583333333339
5 0.3934606481481482 0.39718749999999997 0.051273148148148096 0.03770833333333332
10 0.623900462962963 0.7273958333333332 0.05740740740740744 0.03500000000000014
10 0.6264756944444445 0.6706770833333333 0.06053240740740744 0.035208333333333286
10 0.6278645833333334 0.6240104166666667 0.051041666666666784 0.031458333333333324
10 0.6252025462962962 0.5731770833333333 0.05422453703703702 0.03322916666666664
10 0.630005787037037 0.47140624999999997 0.05109953703703703 0.03302083333333332
10 0.6258680555555556 0.42281250000000004 0.056076388888888926 0.041145833333333215
10 0.6272280092592593 0.37536458333333333 0.0543981481481481 0.03791666666666664
12 0.6759837962962962 0.36614583333333334 0.07366898148148149 0.05322916666666666
12 0.6765046296296295 0.7379166666666667 0.07019675925925917 0.043645833333333425
9 0.6694155092592593 0.4202604166666667 0.0765625 0.04718750000000007
9 0.674508101851852 0.6840104166666666 0.07482638888888893 0.04239583333333332
7 0.6667824074074075 0.47541666666666665 0.08263888888888893 0.042916666666666714
7 0.6663483796296297 0.63203125 0.0763310185185185 0.04093750000000007
8 0.6517650462962963 0.5328645833333333 0.11273148148148149 0.05583333333333336
11 0.6560474537037038 0.5853645833333333 0.1078125 0.049270833333333285
3 0.42850115740740746 0.39640624999999996 0.04947916666666678 0.03135416666666675
3 0.4322916666666667 0.43562500000000004 0.047974537037037024 0.0328125
3 0.43475115740740744 0.4809895833333333 0.05121527777777786 0.03614583333333332
3 0.43449074074074073 0.5160416666666666 0.04785879629629637 0.0296875
3 0.4336516203703704 0.5565104166666666 0.04936342592592595 0.028229166666666573
3 0.4350983796296296 0.5955729166666667 0.047800925925925955 0.028125
3 0.4382233796296296 0.6378645833333334 0.04484953703703702 0.03260416666666668
3 0.4372106481481482 0.6736458333333333 0.04618055555555554 0.026458333333333427