12 0.08619212962962963 0.5032118055555556 0.06356481481481482 0.07650462962962959
12 0.42669560185185185 0.6442129629629629 0.04136574074074062 0.053009259259259166
9 0.14896412037037038 0.5328993055555555 0.06356481481481482 0.07650462962962959
9 0.38791087962962967 0.6283564814814815 0.04143518518518521 0.05769675925925917
7 0.20634837962962962 0.5575231481481481 0.052604166666666695 0.07413194444444429
7 0.34909143518518515 0.61484375 0.04311342592592595 0.065625
11 0.25197916666666664 0.5853587962962963 0.05920138888888893 0.09803240740740744
8 0.3015393518518518 0.6113425925925926 0.05763888888888893 0.09791666666666679
10 0.474699074074074 0.6172453703703704 0.03026620370370381 0.04126157407407405
10 0.43514467592592593 0.6006655092592592 0.03339120370370381 0.04149305555555553
10 0.39716435185185184 0.5831886574074074 0.042743055555555555 0.040625
10 0.3545891203703704 0.5598090277777777 0.0366087962962963 0.047974537037037024
10 0.3112210648148148 0.5372685185185185 0.04124999999999997 0.045196759259259166
10 0.25613425925925926 0.5155960648148149 0.047499999999999966 0.04565972222222214
10 0.20573495370370373 0.49357638888888894 0.0569907407407408 0.054166666666666786
10 0.1399189814814815 0.45865162037037044 0.05699074074074071 0.054166666666666786
3 0.4643055555555556 0.2652777777777778 0.05398148148148145 0.06174768518518521
3 0.5113483796296296 0.3031539351851852 0.044606481481481455 0.06105324074074074
3 0.5623321759259259 0.33839699074074076 0.05386574074074062 0.05393518518518512
3 0.60703125 0.37644675925925924 0.0554282407407408 0.054050925925925954
3 0.6463773148148148 0.4070891203703704 0.04759259259259245 0.05190972222222214
3 0.6858159722222222 0.43148148148148147 0.04756944444444446 0.05034722222222214
3 0.7196932870370369 0.4625289351851851 0.044467592592592455 0.05167824074074083
3 0.7599594907407408 0.483738425925926 0.055474537037036954 0.05717592592592595
5 0.5532465277777778 0.21420717592592592 0.05414351851851862 0.07268518518518521
5 0.8359953703703704 0.4609375 0.044652777777777784 0.06417824074074083
2 0.5946932870370369 0.261082175925926 0.06043981481481495 0.07627314814814809
2 0.7997511574074074 0.43162615740740745 0.043182870370370274 0.0703125
0 0.6455960648148148 0.3017939814814815 0.06508101851851862 0.07349537037037042
0 0.7775115740740741 0.4051793981481481 0.038564814814814954 0.07465277777777786
1 0.6947974537037037 0.3519965277777778 0.06563657407407408 0.11099537037037041
4 0.7442881944444444 0.38266782407407407 0.06232638888888893 0.09826388888888893