10 0.7771354166666666 0.22703125000000002 0.06906250000000007 0.05496527777777782
10 0.7773958333333333 0.26621527777777776 0.07062500000000008 0.055046296296296315
10 0.7780729166666667 0.31164930555555553 0.051145833333333356 0.06649305555555554
10 0.76875 0.3599537037037037 0.06447916666666664 0.05628472222222225
10 0.76609375 0.4024247685185185 0.06312499999999996 0.05932870370370367
10 0.7690625 0.45871527777777776 0.06614583333333339 0.057928240740740836
10 0.7671354166666667 0.5121238425925926 0.051875000000000074 0.05407407407407412
10 0.7631770833333333 0.5821006944444445 0.07229166666666664 0.05668981481481481
12 0.85125 0.22162037037037036 0.06510416666666644 0.06565972222222224
12 0.85515625 0.5859548611111111 0.06645833333333329 0.06261574074074083
9 0.8615625 0.5174189814814815 0.09187499999999993 0.07016203703703709
9 0.8568229166666667 0.25817708333333333 0.06447916666666664 0.05628472222222225
7 0.84796875 0.3017534722222222 0.060729166666666855 0.07010416666666668
7 0.8606770833333333 0.4571006944444444 0.09552083333333314 0.07813657407407408
11 0.8568229166666667 0.3992881944444444 0.08364583333333328 0.08686342592592596
8 0.8581770833333333 0.33728587962962964 0.08447916666666658 0.09936342592592595
3 0.42822916666666666 0.20278935185185185 0.05999999999999996 0.05916666666666668
3 0.42453124999999997 0.24139467592592592 0.05479166666666675 0.05111111111111111
3 0.40885416666666663 0.2884606481481481 0.06437500000000007 0.05472222222222225
3 0.4019270833333334 0.32566550925925924 0.061562499999999964 0.059247685185185174
3 0.3877604166666667 0.37186921296296294 0.08343749999999997 0.06038194444444454
3 0.36911458333333336 0.4214409722222222 0.059791666666666646 0.05604166666666668
3 0.3558854166666666 0.48170717592592593 0.049687499999999926 0.044618055555555536
3 0.33807291666666667 0.5320196759259259 0.05500000000000007 0.05423611111111111
5 0.36552083333333335 0.19114583333333332 0.045624999999999985 0.053750000000000006
5 0.24145833333333333 0.5174305555555556 0.06927083333333331 0.058090277777777824
2 0.26473958333333336 0.46683449074074074 0.08541666666666661 0.06671296296296295
2 0.34848958333333335 0.22965856481481478 0.06052083333333336 0.06697916666666667
0 0.33640625 0.27183449074074073 0.06687499999999993 0.06886574074074074
0 0.28375 0.41097222222222224 0.0885416666666667 0.06687499999999993
4 0.3186979166666667 0.3001909722222222 0.07302083333333335 0.09098379629629623
1 0.2935416666666667 0.34618055555555555 0.0963541666666666 0.09063657407407408