8 0.2889525462962963 0.9213368055555555 0.13789351851851847 0.13395833333333335
10 0.4484375 0.4029166666666667 0.12212962962962966 0.10052083333333339
10 0.08288194444444445 0.6470312500000001 0.09122685185185184 0.07576388888888878
10 0.8378298611111111 0.5430034722222222 0.07880787037037038 0.07677083333333332
10 0.6133217592592592 0.6077951388888889 0.07099537037037038 0.07642361111111118
10 0.27815972222222224 0.5772743055555555 0.08349537037037039 0.07697916666666664
9 0.08536458333333334 0.8912326388888889 0.06803240740740742 0.079409722222222
7 0.6305497685185186 0.8192361111111112 0.0655555555555555 0.09177083333333336
10 0.3650520833333334 0.6673784722222222 0.07223379629629631 0.0702430555555555
7 0.7607407407407407 0.7476736111111111 0.07525462962962966 0.0984375
10 0.8061342592592593 0.6415104166666666 0.06918981481481482 0.07166666666666668
9 0.5062962962962964 0.7636805555555555 0.0796180555555555 0.09239583333333332
12 0.24158564814814815 0.7629166666666667 0.11851851851851851 0.09100694444444457
12 0.5001388888888889 0.8563541666666665 0.0787268518518518 0.07520833333333314
11 0.30396412037037035 0.8635069444444443 0.13748842592592592 0.126145833333333