8 0.32421875 0.9512210648148148 0.15225694444444446 0.09755787037037038
11 0.3185590277777778 0.9276793981481483 0.14684027777777775 0.1411921296296299
10 0.3667534722222222 0.5173206018518519 0.1577430555555555 0.1397916666666667
10 0.7868055555555555 0.5704340277777777 0.15427083333333336 0.12412037037037038
10 0.5684548611111111 0.6547280092592592 0.13225694444444436 0.1175462962962964
10 0.23727430555555556 0.6818634259259259 0.11805555555555554 0.1110879629629629
10 0.0814236111111111 0.7670833333333335 0.1210763888888889 0.10644675925925924
10 0.33819444444444446 0.7474421296296296 0.12881944444444446 0.10343750000000007
10 0.7581249999999999 0.6653530092592593 0.10055555555555547 0.09677083333333343
12 0.2437847222222222 0.8460763888888889 0.11475694444444447 0.10322916666666657
12 0.5233680555555555 0.8900752314814815 0.10208333333333322 0.0952314814814816
9 0.12633680555555554 0.960011574074074 0.12524305555555557 0.07997685185185191
9 0.5001562500000001 0.809236111111111 0.11020833333333328 0.10940972222222242
7 0.7473090277777777 0.7652256944444444 0.1041666666666666 0.11869212962962976
7 0.6394618055555555 0.8355266203703703 0.11072916666666668 0.13284722222222242