10 0.4849363425925926 0.5924479166666666 0.04252314814814824 0.04624999999999986
10 0.515 0.5370833333333334 0.03937500000000007 0.043055555555555534
10 0.5396932870370371 0.4951215277777778 0.03932870370370374 0.036805555555555536
10 0.5659259259259259 0.45 0.036250000000000074 0.04298611111111104
10 0.593755787037037 0.40953125 0.03932870370370374 0.036805555555555536
10 0.6145023148148148 0.3621875 0.039293981481481485 0.03211805555555554
10 0.636880787037037 0.3241840277777778 0.04243055555555557 0.03375000000000004
10 0.6577256944444445 0.2901215277777778 0.03618055555555557 0.033611111111111126
5 0.7241030092592593 0.4957118055555556 0.03778935185185191 0.03989583333333328
2 0.7071875000000001 0.5328125 0.045590277777777646 0.03850694444444436
0 0.6910358796296296 0.5675520833333334 0.04875000000000007 0.04326388888888886
4 0.6811689814814814 0.6068402777777777 0.06288194444444457 0.05295138888888893
1 0.6658854166666667 0.65328125 0.07075231481481481 0.0609375
0 0.634855324074074 0.6836631944444445 0.045648148148148236 0.04631944444444436
2 0.6124884259259259 0.7232291666666667 0.045671296296296224 0.04944444444444436
3 0.5711284722222223 0.7303993055555555 0.037858796296296404 0.049270833333333285
3 0.5887962962962963 0.689375 0.030023148148148236 0.04597222222222221
3 0.6134895833333334 0.6474131944444445 0.036226851851851906 0.039861111111111215
3 0.6342824074074074 0.6063194444444445 0.03621527777777782 0.038298611111111214
3 0.6527604166666666 0.5691840277777779 0.03618055555555557 0.033611111111111217
3 0.6712731481481481 0.5367361111111111 0.03460648148148149 0.032013888888888786
3 0.6913020833333333 0.49800347222222213 0.03618055555555557 0.033611111111111217
3 0.7098206018518518 0.4663368055555555 0.0361574074074074 0.030486111111111214
5 0.5909201388888888 0.7651215277777779 0.039421296296296406 0.04930555555555571
12 0.6503703703703703 0.24652777777777776 0.05031250000000007 0.04329861111111111
9 0.6264583333333333 0.2884722222222222 0.050300925925925985 0.041736111111111106
7 0.6040798611111111 0.32647569444444446 0.05495370370370374 0.037152777777777854
8 0.5903761574074075 0.3752256944444444 0.08005787037037031 0.05177083333333332
11 0.5601909722222222 0.4141840277777778 0.07385416666666664 0.0578819444444445
7 0.5300115740740741 0.4539236111111111 0.05973379629629623 0.04975694444444443
9 0.4982986111111112 0.49760416666666674 0.053483796296296404 0.04961805555555543
12 0.46586226851851853 0.5491145833333333 0.05350694444444439 0.052743055555555605