8 0.6578125 0.38359375 0.07109375 0.0640625
9 0.63046875 0.30703125 0.0515625 0.0390625
4 0.1859375 0.353125 0.059375 0.06484375
0 0.196875 0.31640625 0.046875 0.04765625
2 0.19453125 0.27109375 0.04921875 0.05
5 0.1953125 0.23515625 0.04453125 0.04765625
3 0.265625 0.24765625 0.05234375 0.04453125
3 0.26796875 0.290625 0.04296875 0.03203125
3 0.26171875 0.33125 0.0375 0.040625
3 0.26328125 0.37265625 0.04296875 0.03671875
3 0.25546875 0.41875 0.04375 0.0328125
3 0.25 0.46796875 0.03359375 0.034375
3 0.2578125 0.52109375 0.04140625 0.03828125
3 0.2515625 0.57265625 0.0421875 0.03359375
5 0.178125 0.5703125 0.0625 0.04296875
2 0.17578125 0.50625 0.05546875 0.04921875
0 0.1796875 0.46015625 0.046875 0.0515625
1 0.1828125 0.40234375 0.0671875 0.06640625
10 0.60390625 0.57265625 0.04921875 0.034375
10 0.59296875 0.53125 0.04921875 0.03671875
10 0.5921875 0.48046875 0.0515625 0.02890625
10 0.58203125 0.4359375 0.046875 0.03359375
10 0.58046875 0.38828125 0.0375 0.02890625
10 0.578125 0.35 0.04453125 0.0375
10 0.57734375 0.30703125 0.03671875 0.03359375
10 0.56640625 0.26875 0.04609375 0.040625
12 0.66484375 0.5796875 0.05078125 0.0390625
12 0.62890625 0.26015625 0.053125 0.0484375
9 0.66328125 0.52421875 0.06171875 0.04140625
7 0.6546875 0.48046875 0.05625 0.03984375
7 0.634375 0.34609375 0.0484375 0.04453125
11 0.6546875 0.43203125 0.07265625 0.05078125