3 0.3715104166666666 0.20437500000000003 0.06447916666666664 0.0315393518518519
3 0.3866145833333333 0.26719907407407406 0.07072916666666665 0.03172453703703706
3 0.4141666666666667 0.3296122685185185 0.0546875 0.025011574074074082
3 0.4326041666666667 0.4424363425925926 0.07114583333333328 0.03797453703703706
3 0.45182291666666663 0.4968055555555555 0.06187499999999986 0.03925925925925924
5 0.5394270833333333 0.6062210648148147 0.08020833333333321 0.056956018518518545
5 0.42755208333333333 0.1912210648148148 0.08291666666666675 0.05079861111111113
2 0.51671875 0.5579861111111111 0.07458333333333336 0.042754629629629545
2 0.4455208333333333 0.2619270833333333 0.08968749999999996 0.05879629629629628
0 0.4995833333333334 0.4997800925925926 0.090625 0.04946759259259252
0 0.4571354166666667 0.3191898148148148 0.09250000000000007 0.054201388888888855
4 0.47567708333333336 0.4452719907407407 0.11010416666666671 0.06096064814814817
1 0.45499999999999996 0.3807233796296296 0.1333333333333334 0.05853009259259254
3 0.47703125 0.5942361111111112 0.061875000000000034 0.03925925925925924
3 0.4690625 0.5448784722222222 0.051979166666666646 0.031168981481481416
12 0.20604166666666668 0.5877662037037037 0.05687499999999997 0.03443287037037024
12 0.10291666666666668 0.2572337962962963 0.06760416666666665 0.03163194444444439
9 0.19411458333333334 0.5375115740740741 0.07135416666666665 0.04109953703703706
9 0.11583333333333332 0.3106365740740741 0.0729166666666667 0.041145833333333395
7 0.17411458333333335 0.49481481481481476 0.08031249999999997 0.03512731481481488
7 0.12744791666666666 0.3562037037037037 0.08031250000000001 0.03512731481481479
8 0.13671875 0.4484837962962963 0.12354166666666666 0.05200231481481481
11 0.13432291666666668 0.4008506944444445 0.11197916666666666 0.042303240740740836
10 0.253125 0.5805844907407407 0.05687499999999997 0.03443287037037042
10 0.23713541666666665 0.5395659722222221 0.05666666666666664 0.031307870370370236
10 0.22401041666666668 0.49473379629629627 0.061562499999999964 0.03457175925925924
10 0.2091145833333333 0.44673032407407404 0.05541666666666671 0.035949074074074085
10 0.19265625 0.3986805555555556 0.05843750000000001 0.034479166666666575
10 0.17854166666666668 0.3507002314814815 0.05802083333333332 0.02822916666666675
10 0.16098958333333332 0.2979398148148148 0.05812499999999998 0.02979166666666666
10 0.14729166666666665 0.25620949074074073 0.05510416666666669 0.03126157407407408