4 0.6642013888888889 0.22695601851851852 0.03864583333333336 0.12240740740740738
10 0.27645833333333336 0.2454224537037037 0.037256944444444426 0.05990740740740739
11 0.2743576388888889 0.3969039351851852 0.07590277777777779 0.11202546296296294
7 0.2536805555555556 0.34505208333333337 0.04649305555555552 0.0537962962962963
9 0.24102430555555557 0.30269097222222224 0.04979166666666668 0.06165509259259263
12 0.22925347222222223 0.2650289351851852 0.0468055555555555 0.06785879629629629
12 0.3800868055555555 0.6913425925925927 0.05020833333333332 0.08040509259259246
9 0.35390625 0.6027025462962963 0.06583333333333333 0.08063657407407412
7 0.3289236111111111 0.5328240740740741 0.05954861111111107 0.07898148148148146
8 0.29515625 0.454224537037037 0.08684027777777778 0.1121875000000001
10 0.4451736111111111 0.6329513888888889 0.04357638888888893 0.06312499999999996
10 0.4125520833333334 0.570769675925926 0.04663194444444443 0.0600462962962963
10 0.38937499999999997 0.5118518518518519 0.04979166666666668 0.06165509259259263
10 0.3669444444444444 0.4513831018518519 0.04673611111111118 0.0647337962962963
10 0.34217013888888886 0.39087962962962963 0.04510416666666668 0.06158564814814813
10 0.3199652777777778 0.34056712962962965 0.04656250000000002 0.056921296296296296
10 0.3000173611111111 0.28638310185185184 0.041736111111111106 0.050601851851851884
3 0.7126041666666667 0.4369791666666666 0.03420138888888893 0.06298611111111115
3 0.6785937499999999 0.3825868055555556 0.035833333333333425 0.06613425925925931
3 0.6463020833333333 0.3352488425925926 0.03249999999999993 0.05671296296296298
3 0.6139583333333334 0.2855671296296296 0.02951388888888893 0.06291666666666665
3 0.5894270833333334 0.2360011574074074 0.02489583333333343 0.06597222222222224
3 0.5619270833333333 0.1934201388888889 0.0280555555555555 0.06758101851851847
3 0.5313888888888888 0.15469907407407407 0.029583333333333427 0.06604166666666664
3 0.5063020833333333 0.11527777777777777 0.026423611111111002 0.0644328703703704
5 0.5477777777777778 0.08387152777777777 0.0266319444444445 0.07380787037037036
5 0.7710763888888889 0.3972337962962963 0.041006944444444395 0.08807870370370363
2 0.5758854166666667 0.11865162037037039 0.03163194444444439 0.0879398148148148
2 0.7340277777777777 0.3467013888888889 0.037986111111111144 0.09271990740740739
0 0.6038715277777778 0.14796296296296296 0.028645833333333214 0.09414351851851852
0 0.6930555555555555 0.29532986111111115 0.03645833333333322 0.0942592592592593
1 0.6309374999999999 0.17101273148148147 0.034236111111111 0.13483796296296297