10 0.43536458333333333 0.5800405092592593 0.05324074074074083 0.05505787037037031
10 0.4835648148148148 0.5975925925925927 0.05444444444444443 0.07537037037037031
10 0.53328125 0.6159375 0.045798611111111144 0.06125000000000007
10 0.5838715277777778 0.6327256944444445 0.048831018518518475 0.059710648148148235
10 0.7171701388888889 0.6782638888888888 0.04515046296296301 0.05031250000000007
10 0.7601793981481482 0.6910879629629629 0.05324074074074083 0.05505787037037031
12 0.43579861111111107 0.6386631944444444 0.07218750000000007 0.08487268518518505
12 0.7772974537037037 0.7451446759259259 0.05857638888888896 0.06603009259259274
9 0.7323611111111111 0.7252719907407407 0.06869212962962959 0.07859953703703688
9 0.492181712962963 0.6500231481481482 0.06988425925925927 0.07236111111111114
7 0.5429108796296297 0.6644675925925926 0.0642824074074074 0.0832523148148148
7 0.6907754629629629 0.7148032407407408 0.06354166666666679 0.07075231481481481
11 0.6548032407407407 0.688744212962963 0.09186342592592585 0.10063657407407404
8 0.6090393518518519 0.6696469907407407 0.10363425925925931 0.11478009259259263
3 0.43517939814814816 0.37213541666666666 0.04873842592592581 0.05814814814814815
3 0.47455439814814815 0.3935300925925926 0.04239583333333332 0.0565393518518519
3 0.518894675925926 0.4102719907407407 0.0421180555555555 0.051851851851851906
3 0.55234375 0.4261516203703703 0.04515046296296301 0.05031250000000007
3 0.5895601851851853 0.4444039351851853 0.04515046296296284 0.05031250000000007
3 0.6269618055555556 0.45953125000000006 0.050023148148148164 0.05347222222222214
3 0.6649131944444445 0.47857060185185185 0.04037037037037052 0.04871527777777782
3 0.6947800925925927 0.4889525462962963 0.04515046296296301 0.05031250000000007
5 0.4322106481481482 0.3299074074074074 0.050578703703703806 0.06284722222222223
5 0.6887326388888889 0.44592013888888893 0.04487268518518519 0.04562500000000007
2 0.477974537037037 0.34900462962962964 0.0522337962962963 0.06442129629629631
2 0.6576273148148148 0.4300578703703703 0.04386574074074083 0.05498842592592581
0 0.5154224537037038 0.36335069444444446 0.05204861111111114 0.061296296296296314
0 0.6225231481481481 0.41572916666666665 0.05811342592592581 0.05821759259259256
4 0.5553530092592592 0.3753703703703704 0.06906250000000007 0.08484953703703706
1 0.5953298611111111 0.3866087962962963 0.07568287037037039 0.0911458333333334