10 0.225 0.641875 0.046875 0.05729166666666678
10 0.28046875 0.653142361111111 0.04375 0.05409722222222228
10 0.34609375 0.6790277777777778 0.040625 0.04934027777777779
10 0.41171875 0.6892881944444444 0.0359375 0.05392361111111103
10 0.47421875 0.7128993055555556 0.0390625 0.05399305555555571
10 0.53671875 0.7372916666666667 0.040625 0.052465277777777784
10 0.59609375 0.7531597222222223 0.0390625 0.05399305555555554
10 0.65625 0.7697916666666667 0.046875 0.061979166666666786
12 0.6546875 0.8682638888888888 0.0671875 0.0827430555555555
12 0.190625 0.7207638888888889 0.0609375 0.06385416666666668
9 0.25625 0.7427430555555555 0.0625 0.06857638888888892
9 0.58046875 0.8371006944444443 0.059375 0.07163194444444443
7 0.51640625 0.8103993055555556 0.0578125 0.06065972222222236
7 0.32265625 0.7592361111111111 0.0515625 0.06520833333333335
11 0.38515625 0.7734722222222221 0.0578125 0.07315972222222218
8 0.44765625 0.7986458333333333 0.0546875 0.06371527777777786
3 0.34453125 0.26265625 0.05 0.06673611111111111
3 0.4015625 0.2809201388888889 0.05 0.06986111111111111
3 0.459375 0.29682291666666666 0.0484375 0.06513888888888886
3 0.5140625 0.3127951388888889 0.04375 0.06347222222222229
3 0.56640625 0.33350694444444445 0.04375 0.07128472222222229
3 0.62109375 0.3486979166666667 0.0390625 0.06649305555555554
3 0.67421875 0.36548611111111107 0.046875 0.0682291666666666
3 0.728125 0.38069444444444445 0.0484375 0.06357638888888886
5 0.74921875 0.3091319444444444 0.0546875 0.07621527777777777
5 0.36328125 0.19270833333333334 0.0546875 0.07621527777777777
2 0.425 0.20696180555555554 0.0515625 0.08083333333333335
2 0.7015625 0.29612847222222227 0.0640625 0.09204861111111118
0 0.6421875 0.2810416666666667 0.05 0.0870486111111111
0 0.47421875 0.21914930555555556 0.0453125 0.08850694444444444
1 0.53125 0.22022569444444445 0.0578125 0.12159722222222218
4 0.5921875 0.24543402777777779 0.053125 0.11211805555555551