10 0.41484375 0.2640625 0.03515625 0.0390625
10 0.4203125 0.3078125 0.04765625 0.03515625
10 0.41875 0.36328125 0.04453125 0.03203125
10 0.42421875 0.41484375 0.04765625 0.03515625
10 0.41875 0.4640625 0.05 0.028125
10 0.41640625 0.51484375 0.03515625 0.0328125
10 0.4171875 0.56171875 0.0390625 0.0296875
10 0.42109375 0.60859375 0.03828125 0.034375
12 0.35234375 0.25546875 0.0375 0.04375
12 0.3484375 0.62265625 0.05546875 0.04140625
9 0.353125 0.30703125 0.04140625 0.0421875
9 0.3578125 0.5625 0.0484375 0.040625
7 0.35390625 0.35859375 0.04375 0.034375
7 0.35703125 0.51328125 0.04765625 0.03125
11 0.3546875 0.409375 0.05234375 0.04375
8 0.35234375 0.45703125 0.04765625 0.03203125
3 0.72578125 0.28125 0.053125 0.03203125
3 0.728125 0.325 0.046875 0.03359375
3 0.73046875 0.3734375 0.04609375 0.028125
3 0.73203125 0.42109375 0.046875 0.025
3 0.72734375 0.465625 0.05546875 0.0203125
3 0.728125 0.51171875 0.05 0.02890625
3 0.7265625 0.5546875 0.04609375 0.025
3 0.725 0.5984375 0.0453125 0.03046875
5 0.7875 0.27734375 0.05234375 0.03828125
5 0.79140625 0.6 0.05234375 0.0328125
2 0.79375 0.328125 0.06328125 0.03984375
2 0.79296875 0.56015625 0.0703125 0.0390625
0 0.79453125 0.36953125 0.065625 0.02890625
0 0.7875 0.51328125 0.06484375 0.03671875
1 0.80703125 0.4140625 0.08828125 0.04296875
4 0.8 0.465625 0.0796875 0.03515625