5 0.38125 0.15505208333333334 0.0640625 0.06520833333333331
2 0.42578125 0.18567708333333335 0.071875 0.07041666666666666
0 0.47890625 0.21260416666666665 0.071875 0.07041666666666666
4 0.53046875 0.23494791666666667 0.0875 0.08864583333333335
5 0.81953125 0.3500520833333333 0.0671875 0.08885416666666668
2 0.7390625 0.31166666666666665 0.0703125 0.0859375
0 0.6734375 0.28791666666666665 0.065625 0.07937499999999993
1 0.59609375 0.26104166666666667 0.09375 0.0984375
3 0.73359375 0.5925 0.046875 0.0765625
3 0.69140625 0.4765625 0.05625 0.07562499999999997
3 0.6265625 0.44416666666666665 0.046875 0.0703125
3 0.565625 0.41229166666666667 0.0484375 0.06729166666666657
3 0.51328125 0.39156250000000004 0.05625 0.06624999999999996
3 0.46328125 0.36442708333333335 0.053125 0.059791666666666646
3 0.41640625 0.34177083333333336 0.046875 0.0515625
3 0.3671875 0.3981770833333333 0.053125 0.05354166666666664
10 0.546875 0.5018229166666667 0.05 0.06583333333333333
10 0.6546875 0.6290104166666667 0.05 0.07208333333333332
10 0.69296875 0.7373958333333334 0.046875 0.0734375
10 0.578125 0.6708333333333333 0.04375 0.06697916666666667
10 0.53125 0.6231770833333333 0.046875 0.0609375
10 0.47578125 0.59484375 0.05 0.06270833333333332
10 0.4046875 0.49333333333333335 0.0515625 0.06437500000000007
10 0.3515625 0.47421875 0.053125 0.06916666666666664
12 0.32421875 0.6315104166666666 0.05625 0.06625000000000014
9 0.36796875 0.65515625 0.05625 0.07249999999999997
7 0.40546875 0.6870312500000001 0.059375 0.07739583333333329
8 0.4390625 0.7386979166666666 0.084375 0.11968749999999986
11 0.490625 0.7633854166666667 0.0703125 0.1109375
7 0.54375 0.7840624999999999 0.053125 0.09104166666666665
9 0.59140625 0.8207291666666666 0.0578125 0.08510416666666672
12 0.6515625 0.851875 0.0546875 0.08802083333333358