10 0.59296875 0.69765625 0.1109375 0.09921875
10 0.86171875 0.521875 0.08671875 0.06015625
10 0.12578125 0.46796875 0.06875 0.06484375
10 0.34453125 0.53203125 0.06953125 0.06328125
10 0.62578125 0.4703125 0.065625 0.0609375
10 0.3703125 0.425 0.06015625 0.05625
10 0.7796875 0.42109375 0.0734375 0.0609375
7 0.69609375 0.3140625 0.078125 0.08046875
7 0.540625 0.24375 0.0640625 0.07734375
12 0.39296875 0.20625 0.05390625 0.06171875
9 0.44765625 0.3109375 0.06328125 0.07265625
8 0.1640625 0.14609375 0.0609375 0.1203125
11 0.2125 0.21640625 0.065625 0.10859375
12 0.2015625 0.325 0.065625 0.06796875