12 0.15807291666666665 0.5466840277777777 0.0679976851851852 0.06600694444444458
12 0.4142650462962963 0.2602025462962963 0.06342592592592596 0.06899305555555557
9 0.37222222222222223 0.2972800925925926 0.05729166666666661 0.07193287037037041
9 0.1978009259259259 0.5087557870370369 0.06620370370370372 0.059710648148148235
7 0.2328414351851852 0.47068865740740745 0.06817129629629637 0.07069444444444457
7 0.33391203703703703 0.3391608796296296 0.07164351851851851 0.08016203703703706
11 0.29418402777777775 0.3770891203703704 0.08263888888888893 0.08204861111111113
8 0.2546875 0.40876736111111106 0.09878472222222223 0.09657407407407419
10 0.21414930555555553 0.6797395833333333 0.053298611111111074 0.048402777777777926
10 0.2584201388888889 0.6458564814814814 0.05133101851851851 0.037418981481481414
10 0.3099247685185185 0.5222453703703704 0.04745370370370372 0.05915509259259259
10 0.38133680555555555 0.5791087962962963 0.05341435185185191 0.05152777777777775
10 0.3544849537037037 0.4805497685185186 0.051851851851851906 0.05148148148148159
10 0.3829861111111111 0.42899305555555556 0.05046296296296297 0.05612268518518526
10 0.44988425925925923 0.43879629629629624 0.05057870370370363 0.059247685185185264
10 0.46521990740740743 0.3414872685185185 0.050578703703703806 0.059247685185185264
3 0.5160590277777778 0.4470138888888888 0.04270833333333339 0.0574537037037036
3 0.501880787037037 0.555306712962963 0.05381944444444446 0.062465277777777925
3 0.460300925925926 0.6010011574074074 0.05023148148148149 0.04987268518518526
3 0.40847800925925926 0.6487384259259259 0.06909722222222214 0.05355324074074073
3 0.36953125 0.6866898148148148 0.05787037037037042 0.04541666666666657
3 0.3358217592592593 0.7310532407407407 0.05954861111111107 0.0485879629629629
3 0.2934895833333333 0.775943287037037 0.05023148148148149 0.04987268518518526
3 0.23527199074074073 0.7429340277777777 0.06255787037037042 0.04555555555555557
5 0.2923611111111111 0.9542303240740739 0.061400462962962976 0.05644675925925924
5 0.6116319444444445 0.6117418981481482 0.06302083333333322 0.05805555555555557
2 0.33232060185185186 0.9100520833333334 0.06932870370370373 0.05980324074074091
2 0.5593171296296295 0.6727604166666666 0.07123842592592596 0.06922453703703706
0 0.5139467592592593 0.7152141203703704 0.07251157407407405 0.06145833333333321
0 0.36932870370370374 0.8610937499999999 0.06736111111111107 0.04881944444444457
4 0.41316550925925927 0.8178125000000002 0.08692129629629637 0.07124999999999986
1 0.4620081018518519 0.7660763888888888 0.09322916666666678 0.0729976851851852