10 0.3120949074074074 0.49760416666666674 0.0517824074074074 0.03312500000000007
10 0.33936921296296296 0.5088020833333333 0.05336805555555557 0.036354166666666646
10 0.3807581018518518 0.51390625 0.05803240740740741 0.03354166666666671
10 0.41898726851851853 0.5234895833333333 0.05336805555555557 0.036354166666666646
3 0.2690509259259259 0.7159375 0.06120370370370374 0.040000000000000036
3 0.3041261574074074 0.72921875 0.06587962962962965 0.03874999999999993
3 0.3375694444444444 0.7517708333333333 0.06589120370370374 0.04031249999999993
3 0.37730324074074073 0.7692708333333333 0.06902777777777783 0.04208333333333343
12 0.31002893518518515 0.4599479166666667 0.0565393518518519 0.04281249999999996
9 0.33425347222222224 0.46078125 0.05180555555555557 0.036250000000000074
11 0.4029224537037037 0.4763020833333333 0.1003703703703703 0.05666666666666664
8 0.44436342592592587 0.47437500000000005 0.1159837962962964 0.05614583333333343
7 0.5114814814814814 0.4882291666666667 0.08467592592592599 0.04624999999999986
3 0.4209548611111111 0.78546875 0.07218750000000007 0.04697916666666657
3 0.46609375000000003 0.8119270833333333 0.06434027777777782 0.041770833333333354
3 0.5159606481481481 0.8332291666666667 0.07847222222222214 0.05208333333333322
5 0.25545138888888885 0.7580208333333334 0.07219907407407407 0.04854166666666657
2 0.2873206018518518 0.78203125 0.08004629629629631 0.053750000000000145
0 0.3145717592592593 0.7963541666666667 0.09097222222222223 0.05291666666666668
1 0.3315972222222222 0.819375 0.13329861111111113 0.07447916666666679
4 0.38846643518518514 0.8450520833333333 0.12706018518518522 0.07562500000000014
0 0.4422569444444445 0.8642708333333333 0.09416666666666665 0.0625
2 0.5014236111111111 0.8963541666666668 0.09105324074074073 0.06385416666666685
5 0.5582638888888889 0.9259375000000001 0.08164351851851848 0.058541666666666714
9 0.5692592592592594 0.49677083333333333 0.08001157407407397 0.04906249999999997
7 0.3506712962962963 0.4603125 0.01892361111111107 0.024687499999999928
12 0.6434895833333334 0.5001562500000001 0.08157407407407398 0.04916666666666671
3 0.5712615740740741 0.8595833333333334 0.07849537037037031 0.055208333333333214
10 0.625798611111111 0.5669791666666667 0.07219907407407397 0.04854166666666657
10 0.5673032407407408 0.5497916666666667 0.0627893518518519 0.043229166666666784
10 0.5181423611111111 0.5386979166666667 0.06281250000000008 0.046354166666666786
10 0.46581597222222226 0.5328645833333333 0.05967592592592581 0.04458333333333329