10 0.4862268518518519 0.04823495370370371 0.03825231481481488 0.06303240740740741
10 0.498900462962963 0.08552662037037037 0.03981481481481488 0.06305555555555556
10 0.5154224537037037 0.12432291666666666 0.043229166666666784 0.07091435185185188
10 0.5270254629629629 0.1694386574074074 0.043055555555555534 0.06622685185185184
10 0.5399016203703704 0.22234375 0.044791666666666785 0.07093749999999996
10 0.5621817129629629 0.2743287037037037 0.043460648148148096 0.07716435185185189
8 0.5773726851851851 0.11715856481481482 0.07598379629629619 0.15416666666666665
7 0.5580439814814815 0.09089699074074073 0.04270833333333339 0.09901620370370372
11 0.5980034722222223 0.17151041666666664 0.07390046296296297 0.14008101851851854
7 0.6206886574074074 0.23364004629629634 0.061863425925925954 0.11023148148148146
9 0.5475983796296295 0.05669560185185185 0.05005787037037024 0.08663194444444447
12 0.5314525462962962 0.03293402777777778 0.04646990740740744 0.06586805555555555
3 0.24516782407407406 0.1478472222222222 0.04444444444444447 0.061562500000000006
3 0.2546875 0.1859664351851852 0.046238425925925954 0.06783564814814813
3 0.256712962962963 0.2366898148148148 0.061979166666666606 0.07119212962962962
4 0.18972800925925926 0.27438078703703705 0.08952546296296297 0.1403125
1 0.18940972222222224 0.32513888888888887 0.10254629629629627 0.15456018518518516
0 0.19560185185185186 0.2422800925925926 0.059837962962962975 0.09770833333333329
2 0.19638310185185187 0.20010416666666667 0.054745370370370326 0.08670138888888887
2 0.2009259259259259 0.47800925925925924 0.07847222222222223 0.0948611111111111
5 0.19560185185185186 0.1579513888888889 0.0625 0.08525462962962962
5 0.20535300925925926 0.5482175925925926 0.08165509259259256 0.09646990740740743
0 0.1990162037037037 0.4030787037037037 0.07899305555555554 0.10892361111111111
3 0.2796875 0.5229108796296297 0.06377314814814819 0.07746527777777779
3 0.2765914351851852 0.45892939814814815 0.049537037037037025 0.07256944444444446
3 0.26958912037037036 0.39500578703703704 0.058854166666666693 0.07114583333333328
3 0.26646412037037037 0.3318055555555556 0.0494791666666667 0.07100694444444447
3 0.26385995370370374 0.27562499999999995 0.05075231481481488 0.06321759259259263
12 0.6694155092592593 0.37268518518518523 0.07390046296296297 0.09791666666666661
9 0.6449074074074075 0.2965277777777778 0.06770833333333322 0.09938657407407411
10 0.6016493055555555 0.4103877314814815 0.05763888888888893 0.08049768518518512
10 0.578761574074074 0.33264467592592595 0.04965277777777786 0.07569444444444447