8 0.8041377314814815 0.35758101851851853 0.08832175925925938 0.11238425925925935
11 0.8089930555555555 0.41519097222222223 0.07633101851851834 0.09126157407407405
7 0.7918981481481481 0.32138310185185187 0.07091435185185198 0.07685185185185181
12 0.7845138888888888 0.23692129629629627 0.06574074074074084 0.06712962962962958
10 0.7304108796296296 0.61484375 0.05711805555555571 0.05092592592592595
10 0.7296122685185186 0.5394965277777779 0.052187500000000143 0.04589120370370381
10 0.7252546296296296 0.4874131944444445 0.05884259259259252 0.054166666666666786
10 0.7186747685185185 0.4328125 0.0700231481481481 0.059664351851851906
10 0.7175636574074075 0.3786168981481482 0.05423611111111111 0.05538194444444446
10 0.7177719907407407 0.329224537037037 0.0528356481481481 0.05839120370370363
10 0.7112037037037038 0.289525462962963 0.060243055555555716 0.05115740740740744
10 0.7061979166666668 0.24994212962962967 0.05719907407407412 0.05248842592592595
12 0.8291203703703705 0.6017650462962963 0.08341435185185161 0.07777777777777786
9 0.8223668981481481 0.5353877314814814 0.08341435185185198 0.07777777777777786
9 0.7931828703703704 0.2814814814814815 0.06902777777777783 0.07048611111111107
7 0.8129456018518517 0.47508680555555555 0.08341435185185161 0.07777777777777786
3 0.29313657407407406 0.6083333333333334 0.06237268518518517 0.0622106481481481
3 0.3037847222222222 0.554224537037037 0.06649305555555554 0.051620370370370414
3 0.31475694444444446 0.49386574074074074 0.062453703703703664 0.06377314814814809
3 0.32696759259259256 0.4398726851851852 0.051273148148148096 0.05827546296296297
3 0.3365104166666667 0.3919560185185185 0.047986111111111104 0.054918981481481485
3 0.3403009259259259 0.34910300925925924 0.04618055555555554 0.050115740740740745
3 0.347337962962963 0.3041377314814815 0.05604166666666668 0.06018518518518521
3 0.35022569444444446 0.2635706018518519 0.052592592592592614 0.05370370370370372
5 0.28085648148148146 0.2552951388888889 0.05003472222222225 0.06440972222222223
5 0.19059027777777776 0.6046585648148148 0.07190972222222221 0.06603009259259256
2 0.2700752314814815 0.2968460648148148 0.05512731481481481 0.07256944444444446
2 0.21147569444444442 0.5497395833333333 0.08440972222222225 0.06695601851851851
0 0.25929398148148153 0.33839699074074076 0.05973379629629623 0.07135416666666669
0 0.22565393518518517 0.4880497685185185 0.06590277777777782 0.07025462962962958
4 0.24797453703703703 0.3752025462962963 0.08142361111111107 0.09942129629629637
1 0.2258912037037037 0.422974537037037 0.09861111111111107 0.10069444444444446