12 0.7453125 0.67578125 0.1828125 0.225
12 0.103125 0.58046875 0.1234375 0.1625
9 0.62265625 0.67109375 0.178125 0.2453125
9 0.16015625 0.578125 0.140625 0.1953125
7 0.23125 0.590625 0.1609375 0.2265625
7 0.509375 0.65234375 0.203125 0.284375
11 0.39296875 0.60390625 0.24375 0.34375
8 0.28125 0.56484375 0.240625 0.3578125
5 0.759375 0.14296875 0.1546875 0.2015625
5 0.290625 0.153125 0.10625 0.1375
2 0.67421875 0.140625 0.121875 0.159375
2 0.33984375 0.153125 0.109375 0.1421875
0 0.59609375 0.1296875 0.15 0.2
0 0.39140625 0.14609375 0.1265625 0.175
4 0.5203125 0.12109375 0.175 0.2421875
1 0.42890625 0.1171875 0.1734375 0.234375