12 0.3671875 0.18984375 0.1 0.221875
12 0.89453125 0.62578125 0.05625 0.1703125
9 0.47421875 0.26015625 0.0734375 0.259375
9 0.8421875 0.596875 0.05625 0.2078125
7 0.78515625 0.546875 0.0609375 0.2453125
7 0.5671875 0.33828125 0.0765625 0.3078125
11 0.6453125 0.4453125 0.0890625 0.3734375
8 0.72578125 0.5421875 0.0703125 0.4015625
5 0.0640625 0.6640625 0.075 0.2046875
5 0.49375 0.9109375 0.053125 0.140625
2 0.13984375 0.71328125 0.0578125 0.1625
2 0.4484375 0.88359375 0.0515625 0.146875
0 0.20390625 0.76484375 0.0671875 0.209375
0 0.3984375 0.86171875 0.05 0.1875
4 0.265625 0.81796875 0.0609375 0.2734375
1 0.346875 0.86875 0.0609375 0.259375