10 0.553119212962963 0.33392939814814815 0.029988425925925988 0.05800925925925924
10 0.3894386574074074 0.2998900462962963 0.034490740740740745 0.054918981481481485
3 0.5030497685185186 0.3874884259259259 0.039733796296296295 0.06432870370370374
3 0.55171875 0.38394097222222223 0.03605324074074083 0.05493055555555557
5 0.71703125 0.46957754629629633 0.04672453703703709 0.07687500000000007
2 0.6543923611111111 0.47145833333333337 0.04571759259259274 0.08623842592592582
0 0.6051736111111111 0.47109375 0.03983796296296305 0.09244212962962965
1 0.5475983796296295 0.4534722222222222 0.05262731481481495 0.12377314814814806
4 0.49019675925925926 0.45929976851851856 0.05032407407407398 0.11126157407407397
0 0.43987268518518513 0.46439814814814817 0.042314814814814736 0.08152777777777782
2 0.3862384259259259 0.4725983796296296 0.0451620370370371 0.07686342592592581
5 0.3396354166666667 0.4808506944444444 0.04929398148148145 0.06752314814814823
3 0.7077604166666667 0.33585648148148145 0.033206018518518475 0.0595949074074074
3 0.6542476851851852 0.38157407407407407 0.033483796296296296 0.0642824074074074
3 0.6033275462962963 0.3835416666666667 0.030173611111111144 0.061134259259259235
3 0.4568634259259259 0.38870949074074074 0.039548611111111145 0.06120370370370374
3 0.4107233796296296 0.38914930555555555 0.035682870370370344 0.048680555555555574
3 0.38133101851851847 0.344380787037037 0.03936342592592599 0.058078703703703737
10 0.4376909722222223 0.3033738425925926 0.033206018518518475 0.0595949074074074
10 0.5224942129629631 0.27039351851851856 0.0330208333333335 0.056469907407407406
10 0.5710706018518519 0.2684085648148148 0.030358796296296297 0.06425925925925924
10 0.6145023148148148 0.26091435185185186 0.029988425925925988 0.05800925925925924
10 0.6591087962962963 0.29954282407407407 0.03311342592592581 0.05803240740740741
10 0.7092650462962963 0.2577083333333333 0.029988425925925988 0.05800925925925924
12 0.7032291666666667 0.18810185185185185 0.027326388888888963 0.06579861111111111
9 0.6586516203703704 0.18855324074074073 0.0386342592592591 0.07212962962962965
9 0.4490393518518518 0.20419560185185187 0.04313657407407412 0.06903935185185181
12 0.405931712962963 0.20622106481481478 0.03642361111111114 0.06118055555555557
7 0.49072337962962964 0.1998148148148148 0.03753472222222225 0.07993055555555557
7 0.6157291666666667 0.1874537037037037 0.03284722222222225 0.07989583333333332
11 0.5762557870370371 0.18090856481481482 0.038923611111111 0.10336805555555557
8 0.5359548611111111 0.1751388888888889 0.04269675925925931 0.1143287037037037