12 0.2618518518518519 0.6484375 0.059386574074074085 0.05440972222222218
9 0.30332754629629627 0.645173611111111 0.061087962962962906 0.05913194444444443
7 0.3391030092592593 0.6498437499999999 0.0689004629629629 0.0593055555555555
8 0.3738888888888889 0.6615624999999999 0.09133101851851855 0.07854166666666665
11 0.42071759259259256 0.6620833333333334 0.08048611111111122 0.08142361111111107
5 0.22824074074074074 0.20182291666666666 0.05782407407407408 0.05437500000000002
2 0.25960648148148147 0.19722222222222224 0.06605324074074073 0.0686111111111111
0 0.29802662037037037 0.19168402777777777 0.06596064814814814 0.06548611111111109
4 0.3298784722222222 0.17067708333333334 0.08512731481481488 0.07996527777777777
1 0.3740219907407407 0.1564236111111111 0.09473379629629627 0.08798611111111114
0 0.4344328703703704 0.14649305555555556 0.06472222222222221 0.07638888888888888
10 0.574224537037037 0.5930902777777778 0.053182870370370415 0.05583333333333336
10 0.5267997685185185 0.5863368055555556 0.05175925925925924 0.06048611111111111
10 0.47434027777777776 0.59140625 0.05166666666666657 0.057361111111111106
10 0.42693865740740744 0.5838715277777778 0.04844907407407408 0.054166666666666786
10 0.38164930555555554 0.5840972222222222 0.046655092592592595 0.04631944444444436
10 0.3410474537037037 0.58421875 0.04831018518518526 0.04947916666666678
10 0.2995717592592593 0.5874826388888889 0.04353009259259259 0.046250000000000034
10 0.2646701388888889 0.579670138888889 0.05773148148148151 0.05124999999999993
3 0.5458854166666667 0.20569444444444446 0.0549768518518519 0.06368055555555552
3 0.49473379629629627 0.21932291666666667 0.053321759259259235 0.06052083333333336
3 0.44303240740740735 0.22515625 0.04844907407407408 0.054166666666666696
3 0.3959259259259259 0.23401041666666664 0.051574074074074085 0.05423611111111111
3 0.3541261574074074 0.24821180555555555 0.04982638888888893 0.047951388888888856
3 0.31336226851851856 0.2538020833333333 0.046655092592592595 0.04631944444444445
3 0.27717013888888886 0.26319444444444445 0.045185185185185175 0.049409722222222285
3 0.24024305555555556 0.2710416666666667 0.046655092592592595 0.04631944444444445
5 0.5404571759259259 0.12539930555555556 0.06150462962962955 0.07319444444444442
2 0.47928819444444437 0.13456597222222222 0.05984953703703688 0.07003472222222222
12 0.5814236111111111 0.6663194444444445 0.059710648148148235 0.06534722222222218
9 0.5220717592592592 0.6668576388888889 0.06104166666666657 0.05756944444444443
7 0.47462384259259255 0.6608854166666667 0.06288194444444457 0.0669791666666665