5 0.8090335648148148 0.2703125 0.055092592592592735 0.0546875
2 0.7991319444444445 0.3046875 0.06137731481481481 0.059375
0 0.7814756944444443 0.346875 0.05675925925925931 0.06875
4 0.780150462962963 0.37890625 0.0708912037037038 0.078125
1 0.7671990740740741 0.4234375 0.07406250000000014 0.084375
0 0.7496585648148149 0.48125 0.058229166666666644 0.05625
12 0.38844907407407414 0.23359375 0.04415509259259256 0.0546875
7 0.3522800925925926 0.3078125 0.05670138888888889 0.0609375
8 0.32047453703703704 0.33828125 0.06937499999999996 0.084375
12 0.23355902777777776 0.52265625 0.06447916666666664 0.05625
9 0.25582754629629634 0.4703125 0.06292824074074073 0.0578125
7 0.2836458333333333 0.42890625 0.061388888888888896 0.0609375
7 0.3043923611111111 0.38203125 0.0709143518518518 0.08125
9 0.3707870370370371 0.275 0.06135416666666664 0.05625
10 0.29844328703703704 0.528125 0.04879629629629632 0.0484375
10 0.32471064814814815 0.48828125 0.05658564814814815 0.0453125
10 0.3470138888888889 0.440625 0.05189814814814806 0.0453125
10 0.37092013888888886 0.3984375 0.044062499999999984 0.0421875
10 0.39170717592592597 0.35703125 0.044074074074074064 0.04375
10 0.40860532407407407 0.31796875 0.04092592592592599 0.040625
10 0.42631365740740745 0.2828125 0.03781250000000007 0.0421875
10 0.4487152777777778 0.2484375 0.04093750000000007 0.0421875
3 0.6433275462962962 0.57578125 0.05037037037037031 0.05
3 0.6585706018518518 0.52421875 0.045671296296296404 0.0484375
3 0.6792997685185185 0.475 0.051898148148148235 0.0453125
3 0.6922395833333332 0.42890625 0.045648148148148236 0.0453125
3 0.7028645833333333 0.38671875 0.045648148148148236 0.0453125
3 0.7181886574074074 0.34609375 0.04877314814814824 0.0453125
3 0.7272858796296295 0.30859375 0.044074074074073974 0.04375
3 0.7434143518518519 0.27109375 0.04565972222222214 0.046875
5 0.7160532407407407 0.58515625 0.05975694444444439 0.0515625
2 0.7390625 0.52734375 0.05975694444444439 0.0515625