8 0.932633101851852 0.3517418981481481 0.13473379629629606 0.14952546296296293
10 0.430005787037037 0.41863425925925923 0.1130787037037038 0.12824074074074066
10 0.7020196759259258 0.11524884259259258 0.08559027777777786 0.09620370370370371
10 0.5187847222222223 0.8068634259259259 0.0821412037037037 0.08517361111111121
10 0.6057349537037038 0.6064930555555555 0.08034722222222221 0.07731481481481488
10 0.613454861111111 0.28747106481481477 0.08540509259259252 0.0899537037037037
9 0.9341030092592593 0.15022569444444445 0.08857638888888886 0.09160879629629629
7 0.8039293981481481 0.6568576388888889 0.09587962962962955 0.07465277777777786
10 0.6888888888888889 0.3833738425925926 0.07722222222222222 0.07722222222222222
7 0.7213483796296296 0.7675925925925926 0.10401620370370371 0.08582175925925917
10 0.6151504629629629 0.7925462962962962 0.07717592592592588 0.07565972222222221
9 0.7650925925925927 0.5315972222222223 0.09781250000000004 0.08719907407407401
12 0.7936226851851853 0.282662037037037 0.1035648148148148 0.12327546296296302
12 0.853582175925926 0.541244212962963 0.08053240740740719 0.08356481481481488
11 0.8824942129629629 0.35788773148148145 0.1401967592592591 0.14777777777777779