5 0.26546875 0.5810648148148149 0.06781249999999997 0.08061342592592595
2 0.31578125 0.6005787037037037 0.061562499999999964 0.08052083333333329
0 0.3555729166666667 0.6136805555555556 0.054166666666666606 0.08665509259259245
1 0.3956770833333333 0.6455555555555555 0.07218749999999999 0.12282407407407411
4 0.44734375000000004 0.6564872685185186 0.0682291666666666 0.11027777777777778
0 0.49859375000000006 0.6502083333333333 0.054166666666666786 0.08665509259259263
2 0.5514583333333334 0.6666319444444444 0.05541666666666671 0.0819907407407408
5 0.5935416666666666 0.6805497685185184 0.046875 0.07093749999999996
3 0.28510416666666666 0.42729745370370364 0.05656249999999998 0.07576388888888878
3 0.3338541666666667 0.4937094907407408 0.0578125 0.07109953703703695
3 0.3822916666666667 0.5061574074074073 0.0578125 0.07109953703703695
3 0.4336458333333333 0.5217766203703704 0.052604166666666785 0.06321759259259263
3 0.4805208333333334 0.5342013888888889 0.05760416666666668 0.06797453703703696
3 0.530625 0.5451099537037037 0.04812499999999993 0.06627314814814814
3 0.58359375 0.5599710648148148 0.05343750000000007 0.07571759259259245
3 0.6518229166666666 0.510150462962963 0.044791666666666785 0.0631018518518518
10 0.45098958333333333 0.4493055555555555 0.05645833333333332 0.07420138888888879
10 0.34171874999999996 0.3757407407407407 0.05250000000000003 0.06165509259259263
10 0.2896875 0.28816550925925927 0.0625 0.07116898148148146
10 0.4103125 0.3087210648148148 0.0640625 0.07119212962962962
10 0.4606770833333334 0.3391840277777778 0.051458333333333425 0.06944444444444446
10 0.5269791666666667 0.34173032407407405 0.05322916666666657 0.07259259259259263
10 0.6170312499999999 0.4220486111111111 0.059791666666666646 0.07737268518518511
10 0.6863541666666666 0.4379340277777778 0.05958333333333332 0.07424768518518512
12 0.30276041666666664 0.13899305555555555 0.08364583333333328 0.08396990740740744
9 0.3660416666666667 0.15166087962962962 0.07427083333333337 0.08383101851851853
7 0.43166666666666664 0.16436342592592593 0.07802083333333343 0.09325231481481482
11 0.4869791666666667 0.19098958333333332 0.0859375 0.1183449074074074
8 0.5493750000000001 0.20520833333333335 0.08249999999999993 0.11361111111111111
7 0.6247395833333333 0.2125810185185185 0.055208333333333214 0.07886574074074079
9 0.6952604166666667 0.22222800925925928 0.0736458333333335 0.09787037037037036
12 0.7774479166666668 0.22109953703703705 0.06645833333333329 0.08371527777777779