5 0.7552951388888889 0.7728877314814815 0.0999305555555555 0.09612268518518512
3 0.9105902777777779 0.5395833333333333 0.11949074074074062 0.11313657407407404
3 0.5196469907407406 0.7397569444444445 0.11127314814814823 0.10474537037037024
3 0.058819444444444445 0.6174189814814814 0.11763888888888889 0.09890046296296298
3 0.1872164351851852 0.516898148148148 0.15642361111111117 0.1049768518518519
3 0.38191550925925927 0.454224537037037 0.1507407407407408 0.11545138888888892
5 0.36471643518518515 0.6508391203703704 0.14087962962962966 0.10538194444444429
2 0.730925925925926 0.6875289351851851 0.12450231481481477 0.11973379629629619
0 0.1768576388888889 0.7316840277777777 0.1447337962962963 0.11967592592592595
2 0.5292303240740741 0.5849537037037037 0.13641203703703705 0.13929398148148148
4 0.7773726851851852 0.45217013888888885 0.1912962962962963 0.20717592592592596