12 0.18046875 0.5078125 0.05859375 0.05703125
12 0.44921875 0.24609375 0.05390625 0.06171875
9 0.40546875 0.28046875 0.046875 0.0640625
9 0.221875 0.47421875 0.0578125 0.05
7 0.25859375 0.4390625 0.059375 0.06171875
7 0.365625 0.31875 0.06015625 0.07109375
11 0.32421875 0.35234375 0.0703125 0.0703125
8 0.28359375 0.38046875 0.08671875 0.0828125
10 0.22578125 0.6421875 0.0453125 0.04140625
10 0.27109375 0.61171875 0.0453125 0.03125
10 0.33046875 0.4953125 0.03828125 0.0515625
10 0.39609375 0.55546875 0.04609375 0.04453125
10 0.37578125 0.4578125 0.04453125 0.04375
10 0.4078125 0.409375 0.0421875 0.04921875
10 0.471875 0.4234375 0.04375 0.05234375
10 0.49375 0.3296875 0.0421875 0.053125
3 0.53671875 0.43671875 0.03515625 0.0515625
3 0.51484375 0.54140625 0.04375 0.0546875
3 0.471875 0.5828125 0.04375 0.04296875
3 0.4171875 0.62578125 0.0609375 0.04453125
3 0.37734375 0.66015625 0.053125 0.03828125
3 0.34140625 0.70078125 0.05234375 0.04140625
3 0.29765625 0.74140625 0.04375 0.04296875
3 0.2421875 0.70546875 0.05625 0.0375
5 0.284375 0.915625 0.05390625 0.0484375
5 0.61875 0.60390625 0.05546875 0.0484375
2 0.3265625 0.87578125 0.0625 0.05078125
2 0.5640625 0.66015625 0.06171875 0.059375
0 0.51640625 0.6984375 0.0640625 0.05078125
0 0.365625 0.83046875 0.06171875 0.040625
4 0.4109375 0.790625 0.0765625 0.06015625
1 0.46171875 0.74453125 0.0828125 0.06171875