4 0.6809548611111111 0.7661342592592593 0.05495370370370374 0.12383101851851848
10 0.3051215277777778 0.818142361111111 0.04311342592592595 0.06281250000000008
11 0.26860532407407406 0.6738657407407407 0.09079861111111107 0.11784722222222221
7 0.2608101851851852 0.727835648148148 0.05087962962962962 0.05974537037037031
9 0.2590914351851852 0.7700405092592593 0.057222222222222195 0.06604166666666664
12 0.2549710648148148 0.8083564814814814 0.055752314814814775 0.07228009259259238
12 0.3055671296296296 0.3735590277777778 0.06057870370370368 0.08168981481481481
9 0.29986689814814815 0.46345486111111106 0.07312499999999993 0.08490740740740747
7 0.2915451388888889 0.5346180555555555 0.06999999999999992 0.08488425925925931
8 0.2763425925925926 0.6159895833333333 0.10019675925925924 0.11947916666666672
10 0.38123842592592594 0.4183159722222222 0.04943287037037045 0.06754629629629623
10 0.3634606481481481 0.4840798611111111 0.05409722222222228 0.06601851851851848
10 0.35419560185185184 0.5443113425925926 0.05724537037037036 0.06760416666666665
10 0.34650462962962963 0.6053124999999999 0.05414351851851853 0.06914351851851848
10 0.3357118055555556 0.6678993055555555 0.0509722222222222 0.06599537037037032
10 0.3255497685185185 0.7203240740740741 0.05087962962962962 0.05974537037037031
10 0.31854745370370374 0.7750694444444444 0.04612268518518512 0.05502314814814806
3 0.6817592592592593 0.556730324074074 0.041597222222222285 0.0659259259259258
3 0.6607523148148149 0.6154861111111112 0.043182870370370455 0.06750000000000007
3 0.6404108796296296 0.6664236111111111 0.03994212962962962 0.059664351851851906
3 0.6201157407407407 0.720486111111111 0.03688657407407412 0.06432870370370374
3 0.6075868055555556 0.7713657407407407 0.033784722222222285 0.06586805555555557
3 0.5903009259259259 0.8175925925925928 0.035393518518518616 0.06900462962962947
3 0.5706018518518519 0.8591493055555557 0.03695601851851862 0.06901620370370339
3 0.5548321759259259 0.9022395833333334 0.03534722222222229 0.06587962962962948
5 0.6012500000000001 0.9237731481481483 0.03548611111111111 0.07525462962962948
5 0.7462384259259259 0.584380787037037 0.05134259259259259 0.09099537037037031
2 0.6210069444444445 0.8861226851851853 0.04192129629629626 0.08780092592592581
2 0.7220601851851851 0.6400347222222222 0.051412037037037096 0.09568287037037031
0 0.6408217592592592 0.8523784722222223 0.040451388888888926 0.0940393518518519
0 0.6939872685185186 0.6964988425925925 0.048287037037037094 0.09565972222222215
1 0.6623032407407408 0.8256539351851853 0.051990740740740726 0.13474537037037032