10 0.4293981481481482 0.3648958333333333 0.1296296296296296 0.11010416666666663
10 0.6658969907407407 0.50109375 0.08550925925925909 0.08218750000000004
10 0.13757523148148149 0.37359375000000006 0.10113425925925927 0.08322916666666665
10 0.1729224537037037 0.09911458333333333 0.12785879629629632 0.09593749999999998
10 0.4126215277777778 0.49437499999999995 0.08541666666666661 0.07593749999999985
12 0.5845949074074074 0.6575520833333334 0.08716435185185176 0.08854166666666678
10 0.8619444444444444 0.7284375 0.07762731481481495 0.07697916666666664
7 0.06778356481481482 0.5448958333333334 0.12648148148148147 0.10833333333333321
12 0.3869618055555556 0.7483854166666667 0.0792361111111111 0.08020833333333321
7 0.23330439814814813 0.6685416666666667 0.09980324074074076 0.09875000000000007
9 0.8230266203703703 0.8744270833333333 0.07781250000000028 0.08947916666666664
9 0.32798032407407407 0.6122916666666667 0.09660879629629626 0.09385416666666657
11 0.5671643518518519 0.7783854166666667 0.09240740740740741 0.12635416666666668
8 0.6080671296296296 0.8679166666666667 0.09259259259259256 0.13885416666666686