3 0.4957118055555556 0.65109375 0.081111111111111 0.06937499999999996
3 0.5018923611111111 0.58359375 0.07767361111111111 0.05510416666666664
3 0.5184027777777778 0.5076041666666666 0.07163194444444443 0.0640625
3 0.5337847222222223 0.44729166666666664 0.07937499999999993 0.06145833333333321
3 0.542326388888889 0.37885416666666666 0.08097222222222218 0.06312500000000006
3 0.5616666666666668 0.3159375 0.08569444444444443 0.06500000000000003
3 0.5781770833333333 0.23994791666666665 0.07159722222222235 0.0625
3 0.59671875 0.17786458333333333 0.08569444444444443 0.06499999999999999
5 0.6911111111111111 0.17781249999999998 0.08125 0.07562500000000001
5 0.5817361111111111 0.6765625 0.073298611111111 0.06885416666666658
2 0.5943576388888889 0.6000520833333333 0.08597222222222207 0.07749999999999986
2 0.6639062499999999 0.24359375 0.070173611111111 0.06864583333333334
0 0.6107465277777777 0.52953125 0.08249999999999993 0.06166666666666672
0 0.6536458333333334 0.31916666666666665 0.08562499999999992 0.061875000000000034
4 0.62234375 0.4640104166666667 0.10444444444444442 0.06625000000000014
1 0.6342187499999999 0.3859895833333334 0.0984375 0.07677083333333332
10 0.21185763888888892 0.15515625000000002 0.0682986111111111 0.054479166666666676
10 0.19624999999999998 0.22562500000000002 0.08871527777777777 0.06052083333333336
10 0.1786111111111111 0.2821875 0.0729166666666667 0.05166666666666666
10 0.17413194444444446 0.3433333333333334 0.0792361111111111 0.055208333333333394
10 0.15720486111111112 0.40296875 0.0806597222222222 0.04906250000000014
10 0.13711805555555556 0.464375 0.07451388888888885 0.05333333333333332
10 0.12730902777777778 0.5196354166666668 0.06993055555555557 0.05770833333333343
10 0.11265624999999999 0.5822395833333334 0.07309027777777777 0.05947916666666657
12 0.04193576388888889 0.5752604166666666 0.08387152777777777 0.06333333333333328
12 0.1368923611111111 0.15859375 0.09684027777777775 0.07510416666666667
9 0.11137152777777777 0.21880208333333334 0.09493055555555556 0.059375
9 0.05184027777777778 0.5106249999999999 0.09336805555555557 0.059270833333333425
7 0.058628472222222214 0.45088541666666665 0.09812499999999999 0.06270833333333332
7 0.10074652777777778 0.27567708333333335 0.09965277777777777 0.061249999999999985
8 0.06435763888888889 0.38812499999999994 0.12871527777777778 0.07416666666666671
11 0.07776041666666667 0.3271354166666667 0.13274305555555554 0.07593750000000003