3 0.8434953703703704 0.37017939814814815 0.03939814814814824 0.0660069444444444
3 0.7824884259259259 0.3709953703703704 0.04109953703703706 0.07077546296296297
3 0.7211168981481482 0.38591435185185186 0.03287037037037042 0.05630787037037042
3 0.6130034722222222 0.38134837962962964 0.04583333333333321 0.07258101851851854
3 0.5607986111111111 0.38875000000000004 0.04555555555555557 0.06320601851851855
5 0.44762152777777775 0.45095486111111105 0.06486111111111122 0.08292824074074083
5 0.8482638888888889 0.42548611111111106 0.05865740740740719 0.08416666666666668
2 0.49497685185185186 0.43832754629629633 0.05061342592592588 0.07594907407407411
2 0.781099537037037 0.4297511574074074 0.06821759259259252 0.09090277777777782
0 0.5519618055555555 0.4338078703703704 0.06049768518518519 0.09362268518518527
0 0.7255150462962963 0.42872106481481487 0.06362268518518518 0.09378472222222207
4 0.6048090277777778 0.4216782407407408 0.0735069444444445 0.11145833333333321
1 0.667974537037037 0.4144907407407407 0.07571759259259263 0.1334143518518518
3 0.4654861111111111 0.3936921296296296 0.04555555555555557 0.06320601851851855
3 0.5125 0.39594907407407404 0.03746527777777775 0.05342592592592599
12 0.5064004629629629 0.13727430555555556 0.03921296296296291 0.05975694444444444
12 0.8285706018518517 0.10413773148148149 0.039444444444444574 0.06756944444444449
9 0.556423611111111 0.13546296296296295 0.047395833333333214 0.07266203703703704
9 0.7769849537037038 0.10603009259259259 0.04744212962962955 0.07422453703703705
7 0.5975752314814814 0.12472222222222222 0.046111111111111214 0.0819560185185185
7 0.7324305555555556 0.10755787037037037 0.04454861111111121 0.081875
8 0.6460763888888889 0.09795138888888888 0.06601851851851848 0.12199074074074075
11 0.6901041666666666 0.10505787037037036 0.05641203703703716 0.1136921296296296
10 0.5077662037037036 0.18336805555555555 0.03760416666666657 0.0581134259259259
10 0.5482291666666667 0.1757928240740741 0.03604166666666657 0.05803240740740741
10 0.5919328703703703 0.17196180555555557 0.03930555555555557 0.06288194444444443
10 0.6379571759259259 0.16722800925925924 0.04068287037037042 0.05671296296296298
10 0.6847164351851852 0.16089120370370372 0.03921296296296291 0.05975694444444448
10 0.731568287037037 0.15767939814814813 0.03604166666666657 0.05803240740740741
10 0.7830381944444446 0.15188078703703703 0.036087962962962905 0.0595949074074074
10 0.8227893518518519 0.1466898148148148 0.03755787037037024 0.0565509259259259