10 0.46201388888888884 0.7755381944444444 0.04746527777777772 0.05078703703703695
10 0.45897569444444447 0.7247974537037036 0.059826388888888894 0.04831018518518526
10 0.4453645833333333 0.6652083333333334 0.05656250000000007 0.0450231481481481
10 0.4411979166666667 0.6066956018518519 0.05989583333333339 0.04987268518518526
10 0.4255555555555556 0.5542592592592592 0.061111111111111074 0.04214120370370367
10 0.41215277777777776 0.4993576388888889 0.04562500000000007 0.04445601851851855
10 0.4035763888888889 0.44733796296296297 0.05024305555555557 0.04313657407407412
10 0.39730902777777777 0.3944155092592593 0.050381944444444396 0.04626157407407412
12 0.3940625 0.7970717592592592 0.050868055555555534 0.05719907407407412
12 0.3151041666666667 0.3947627314814815 0.07118055555555554 0.05825231481481481
9 0.38453125 0.7411863425925926 0.055486111111111125 0.05587962962962969
9 0.33751736111111114 0.45859375 0.06329861111111112 0.05628472222222225
7 0.3757118055555556 0.6836979166666667 0.056631944444444395 0.0465856481481481
7 0.34697916666666667 0.5129166666666667 0.059687499999999984 0.04518518518518526
11 0.36539930555555555 0.6278530092592594 0.06656250000000004 0.05957175925925924
8 0.35288194444444443 0.5752546296296297 0.05975694444444439 0.04674768518518526
3 0.8003993055555554 0.6898668981481482 0.06600694444444458 0.04707175925925924
3 0.7935243055555555 0.6408912037037038 0.05975694444444439 0.04674768518518526
3 0.7864756944444444 0.5880092592592593 0.05635416666666657 0.04033564814814809
3 0.7786458333333333 0.535167824074074 0.05784722222222225 0.038854166666666676
3 0.7639236111111111 0.4858159722222222 0.06694444444444443 0.03309027777777782
3 0.7562326388888889 0.43609953703703697 0.061111111111111074 0.04214120370370367
3 0.7455208333333333 0.3888888888888889 0.05465277777777775 0.0371296296296296
3 0.7348090277777778 0.3416782407407407 0.056493055555555574 0.043460648148148186
5 0.86890625 0.6808333333333334 0.06791666666666671 0.05496527777777764
5 0.8069097222222222 0.32541087962962967 0.06444444444444457 0.04699074074074074
2 0.8663715277777777 0.6238020833333333 0.07736111111111121 0.05701388888888879
2 0.8174826388888888 0.36949652777777775 0.08524305555555571 0.058981481481481524
0 0.8580729166666666 0.5780324074074075 0.07836805555555557 0.04459490740740737
0 0.8205555555555556 0.42101851851851857 0.07878472222222221 0.05396990740740737
1 0.8628472222222221 0.526886574074074 0.10732638888888886 0.0648032407407408
4 0.8439409722222223 0.47148726851851847 0.09604166666666672 0.05642361111111107