5 0.29890625000000004 0.6526736111111111 0.07114583333333328 0.08572916666666668
2 0.35776041666666664 0.6513715277777777 0.06343750000000004 0.08694444444444435
0 0.40348958333333335 0.6471354166666667 0.05614583333333343 0.09440972222222221
1 0.45817708333333335 0.6613194444444443 0.07270833333333329 0.13253472222222235
4 0.5144270833333333 0.6520659722222222 0.0703125 0.11996527777777785
0 0.5640625 0.6244965277777779 0.05614583333333343 0.09440972222222221
2 0.6240104166666667 0.6185416666666667 0.05729166666666661 0.08822916666666672
5 0.6728645833333333 0.6144444444444443 0.04864583333333332 0.07538194444444457
3 0.2515625 0.49307291666666664 0.060104166666666715 0.08368055555555554
3 0.3291666666666667 0.5396180555555555 0.05958333333333332 0.07586805555555554
3 0.3838020833333333 0.531076388888889 0.05958333333333332 0.07586805555555572
3 0.44208333333333333 0.5266145833333333 0.05593749999999993 0.06791666666666671
3 0.4951041666666667 0.5187847222222223 0.059375 0.07274305555555553
3 0.5490104166666667 0.5094270833333334 0.04979166666666668 0.0692013888888889
3 0.60984375 0.5019444444444445 0.05541666666666671 0.08347222222222221
3 0.6564583333333334 0.4256597222222222 0.046666666666666676 0.06906250000000007
10 0.42770833333333336 0.44840277777777776 0.058333333333333216 0.08048611111111122
10 0.2853125 0.4217013888888889 0.05583333333333336 0.06635416666666671
10 0.19484375 0.3565625 0.06427083333333336 0.07607638888888886
10 0.3252604166666667 0.3278819444444444 0.06583333333333333 0.07614583333333336
10 0.3896354166666667 0.3377951388888889 0.054999999999999896 0.07722222222222222
10 0.45562500000000006 0.3117361111111111 0.05354166666666664 0.07871527777777772
10 0.5829166666666666 0.35343749999999996 0.06145833333333339 0.08062500000000003
10 0.6589583333333333 0.3411458333333333 0.06145833333333321 0.08062500000000003
12 0.14296875 0.20616319444444448 0.08708333333333336 0.09111111111111114
9 0.21208333333333332 0.19199652777777776 0.07625000000000001 0.0921875
7 0.28192708333333333 0.17864583333333334 0.08135416666666666 0.09864583333333332
11 0.35067708333333336 0.1817013888888889 0.0880208333333333 0.12854166666666664
8 0.41963541666666665 0.16987847222222224 0.08604166666666675 0.12222222222222223
7 0.49880208333333337 0.14597222222222223 0.05718750000000004 0.08666666666666663
9 0.57296875 0.1265451388888889 0.07552083333333322 0.10461805555555555
12 0.6551562499999999 0.09258680555555557 0.06843749999999993 0.09184027777777777