10 0.24322337962962964 0.49114004629629626 0.1338657407407407 0.14317129629629619
10 0.3597164351851852 0.1621701388888889 0.08672453703703695 0.10688657407407405
10 0.6033217592592592 0.9181365740740741 0.08503472222222222 0.08968750000000014
10 0.4799016203703704 0.70578125 0.08503472222222222 0.08968749999999996
10 0.47360532407407413 0.39568865740740744 0.08188657407407404 0.0865393518518518
10 0.585775462962963 0.6503125000000001 0.07557870370370381 0.07868055555555564
10 0.48583333333333334 0.22138888888888886 0.08350694444444447 0.09436342592592588
7 0.6189872685185185 0.27977430555555555 0.10545138888888879 0.10390046296296304
7 0.7327604166666667 0.42345486111111114 0.09908564814814831 0.08822916666666672
12 0.8098090277777779 0.5681886574074074 0.07866898148148138 0.07401620370370363
9 0.6858101851851852 0.5394212962962963 0.09282407407407404 0.08662037037037038
8 0.9261226851851851 0.7907523148148148 0.13664351851851855 0.09631944444444454
11 0.8451041666666667 0.7601041666666667 0.1304166666666667 0.09939814814814803
12 0.7338831018518519 0.7992071759259259 0.0897106481481483 0.08815972222222221