5 0.78046875 0.253125 0.084375 0.078125
3 0.921875 0.45625 0.13046875 0.0921875
3 0.97421875 0.36171875 0.0515625 0.0890625
3 0.565625 0.29453125 0.09453125 0.0859375
3 0.1328125 0.4296875 0.11875 0.0796875
3 0.2515625 0.51328125 0.13515625 0.08203125
3 0.4234375 0.56015625 0.128125 0.09140625
5 0.4203125 0.38359375 0.121875 0.084375
2 0.75390625 0.33125 0.10546875 0.0984375
0 0.25546875 0.31953125 0.1234375 0.09609375
2 0.56484375 0.43359375 0.115625 0.115625
4 0.78046875 0.54140625 0.159375 0.17109375