10 0.59609375 0.3263946759259259 0.1203125 0.09619212962962961
10 0.3390625 0.4088136574074074 0.078125 0.07337962962962959
10 0.87421875 0.39741319444444445 0.09375 0.07274305555555553
10 0.90078125 0.12005787037037037 0.11875 0.08359953703703704
10 0.58359375 0.4576041666666667 0.0796875 0.06878472222222225
12 0.3828125 0.5796585648148149 0.078125 0.07962962962962976
10 0.1015625 0.5892939814814815 0.0703125 0.06979166666666661
7 0.903125 0.5792939814814815 0.1171875 0.09600694444444428
12 0.55234375 0.7117997685185184 0.071875 0.07300925925925927
7 0.71640625 0.6669212962962963 0.0921875 0.08983796296296305
9 0.10703125 0.7420949074074075 0.06875 0.08219907407407412
9 0.63828125 0.5895196759259259 0.0875 0.08487268518518523
11 0.3734375 0.7028703703703704 0.0796875 0.11722222222222226
8 0.31484375 0.7813425925925925 0.078125 0.1296296296296296