5 0.3625 0.8125 0.06015625 0.05703125
2 0.4078125 0.7828125 0.06875 0.0625
0 0.46171875 0.7546875 0.06796875 0.0625
4 0.51328125 0.7328125 0.08125 0.078125
5 0.8046875 0.61484375 0.06171875 0.07890625
2 0.7234375 0.6546875 0.06328125 0.07578125
0 0.6578125 0.67890625 0.06171875 0.07109375
1 0.5796875 0.70625 0.08828125 0.08671875
3 0.73203125 0.37890625 0.04375 0.0703125
3 0.684375 0.49296875 0.05234375 0.06796875
3 0.61875 0.52578125 0.04375 0.06328125
3 0.5578125 0.5578125 0.04453125 0.0609375
3 0.5046875 0.5796875 0.053125 0.0578125
3 0.45390625 0.60625 0.0484375 0.053125
3 0.40625 0.62890625 0.04296875 0.046875
3 0.3609375 0.57421875 0.0484375 0.04609375
10 0.54296875 0.46953125 0.046875 0.0578125
10 0.65625 0.34375 0.04609375 0.06484375
10 0.7 0.2359375 0.04375 0.06796875
10 0.5828125 0.30390625 0.04140625 0.0609375
10 0.534375 0.35 0.04375 0.05546875
10 0.47890625 0.38046875 0.04609375 0.05546875
10 0.403125 0.48046875 0.04765625 0.05703125
10 0.34921875 0.5 0.0484375 0.0609375
12 0.33046875 0.34609375 0.05234375 0.05859375
9 0.375 0.32109375 0.05234375 0.06328125
7 0.4140625 0.28984375 0.05625 0.06953125
8 0.44921875 0.23828125 0.07734375 0.10859375
11 0.5015625 0.2140625 0.06484375 0.10078125
7 0.55546875 0.1921875 0.04765625 0.08359375
9 0.60390625 0.15625 0.053125 0.078125
12 0.66484375 0.125 0.04921875 0.0796875