3 0.8594791666666666 0.7991666666666667 0.06503472222222229 0.04802083333333336
3 0.8206597222222222 0.8426041666666666 0.06031249999999986 0.04614583333333329
3 0.7847222222222222 0.8402083333333333 0.06819444444444453 0.04979166666666686
3 0.7470138888888889 0.8283333333333334 0.06506944444444436 0.049583333333333354
3 0.7055034722222222 0.8208854166666667 0.0714236111111111 0.0546875
3 0.6561805555555555 0.8129166666666666 0.0682986111111111 0.054479166666666856
3 0.6044270833333334 0.8008854166666666 0.07465277777777786 0.05958333333333314
10 0.8739236111111112 0.7470833333333333 0.06343749999999986 0.046354166666666786
10 0.8324305555555556 0.7404166666666667 0.06347222222222229 0.04791666666666679
10 0.7725347222222222 0.6779166666666667 0.06812499999999985 0.046666666666666676
10 0.7239930555555556 0.6699999999999999 0.06649305555555554 0.04343749999999993
5 0.8409027777777777 0.9461458333333332 0.06979166666666643 0.051458333333333425
2 0.8135416666666666 0.9435416666666667 0.08409722222222235 0.06333333333333328
0 0.7774652777777777 0.9348958333333333 0.09194444444444443 0.06541666666666686
4 0.7496701388888889 0.9478645833333333 0.1298958333333335 0.08822916666666672
1 0.7075694444444445 0.9485416666666666 0.1520833333333332 0.10291666666666685
0 0.6385243055555556 0.9310937499999999 0.1014930555555555 0.07385416666666664
2 0.5884722222222223 0.9254166666666667 0.0921180555555555 0.07322916666666686
12 0.9072569444444444 0.6322916666666666 0.06343749999999986 0.046354166666666786
9 0.8703645833333333 0.62203125 0.07440972222222228 0.0486458333333335
7 0.8405034722222222 0.6122395833333334 0.08854166666666678 0.05270833333333336
8 0.8221701388888889 0.5946354166666666 0.12965277777777792 0.07729166666666672
11 0.7741145833333333 0.5734895833333333 0.1234375 0.07843750000000008
7 0.7166840277777778 0.55171875 0.09819444444444443 0.0658333333333335
9 0.6693576388888889 0.52828125 0.09208333333333343 0.0716666666666665
12 0.6103298611111111 0.50484375 0.08888888888888893 0.06833333333333336
5 0.5179861111111111 0.9129166666666666 0.09378472222222226 0.07802083333333343
10 0.5768229166666666 0.6118229166666667 0.07618055555555543 0.05812500000000007
10 0.6221875000000001 0.6873958333333332 0.07291666666666678 0.05166666666666657
10 0.7173784722222222 0.7584895833333333 0.07295138888888886 0.05322916666666657
10 0.6835416666666667 0.64 0.06975694444444436 0.04989583333333343
3 0.5559895833333334 0.7274479166666666 0.08409722222222235 0.06333333333333328