8 0.17796296296296296 0.6019444444444444 0.08046296296296296 0.10881944444444436
11 0.18300925925925926 0.5446296296296296 0.07251157407407409 0.0896643518518518
7 0.1837037037037037 0.6383796296296296 0.0661458333333333 0.07371527777777782
12 0.17572337962962964 0.7216377314814816 0.06295138888888889 0.06417824074074083
10 0.2957638888888889 0.36215277777777777 0.055034722222222235 0.049710648148148094
10 0.28300925925925924 0.4339351851851852 0.04875000000000007 0.04469907407407412
10 0.2771469907407408 0.48660300925925926 0.05505787037037031 0.0528356481481481
10 0.2728472222222222 0.5391898148148149 0.06603009259259256 0.058090277777777824
10 0.2654224537037037 0.5919386574074074 0.05194444444444439 0.05423611111111111
10 0.256400462962963 0.6400810185185184 0.05040509259259256 0.05728009259259252
10 0.25590856481481483 0.6791840277777779 0.05659722222222223 0.0497916666666665
10 0.25306712962962963 0.7176273148148148 0.055034722222222235 0.049710648148148094
12 0.19729166666666667 0.3625694444444444 0.07864583333333335 0.07436342592592596
9 0.19308449074074074 0.42765624999999996 0.0786458333333333 0.07436342592592596
9 0.17539351851851853 0.6771064814814814 0.06609953703703705 0.06746527777777782
7 0.19039930555555556 0.48719328703703707 0.07708333333333331 0.07428240740740737
3 0.7166550925925926 0.4184837962962963 0.05666666666666664 0.05916666666666668
3 0.695931712962963 0.46957754629629633 0.06284722222222214 0.050115740740740836
3 0.6752546296296297 0.5269212962962962 0.058240740740740725 0.06081018518518526
3 0.65296875 0.5780960648148148 0.047268518518518474 0.05555555555555554
3 0.6353240740740741 0.6227777777777778 0.04412037037037031 0.05226851851851855
3 0.6239062499999999 0.6640104166666667 0.04252314814814824 0.04750000000000014
3 0.609369212962963 0.7061863425925926 0.05040509259259256 0.05728009259259252
3 0.5995023148148148 0.7457754629629629 0.04879629629629641 0.05094907407407412
5 0.6644907407407408 0.7619444444444443 0.045763888888888896 0.06328703703703695
5 0.8144560185185185 0.43295138888888884 0.0676157407407409 0.061296296296296404
2 0.6814004629629629 0.7235532407407408 0.05206018518518505 0.06986111111111111
2 0.7851388888888888 0.48449074074074067 0.08011574074074072 0.06194444444444436
0 0.7006423611111111 0.6834780092592593 0.05359953703703706 0.06681712962962968
0 0.7597858796296296 0.5436400462962963 0.06298611111111115 0.06886574074074084
4 0.7175868055555555 0.6497743055555556 0.07568287037037039 0.09607638888888896
1 0.7485243055555555 0.6059664351851852 0.09443287037037038 0.09704861111111107