1 0.36211805555555554 0.578136574074074 0.09467592592592596 0.08282407407407408
0 0.3228240740740741 0.5605902777777778 0.05423611111111111 0.05423611111111111
2 0.2891608796296296 0.5458854166666667 0.06665509259259253 0.053321759259259235
5 0.24521990740740743 0.5293634259259259 0.05423611111111111 0.05423611111111111
12 0.8357060185185186 0.36009259259259263 0.0628587962962964 0.07026620370370366
12 0.4641435185185185 0.29475694444444445 0.04486111111111111 0.053749999999999964
9 0.5073958333333334 0.2979976851851852 0.05612268518518526 0.06056712962962969
9 0.7591956018518518 0.34995949074074073 0.051840277777777645 0.06813657407407411
7 0.5517939814814815 0.30822916666666667 0.05135416666666668 0.05876157407407412
7 0.7060821759259259 0.33782986111111113 0.05159722222222207 0.06344907407407412
11 0.5934432870370371 0.31076967592592586 0.06943287037037038 0.07684027777777783
8 0.6430671296296296 0.31603009259259257 0.06563657407407408 0.09378472222222226
10 0.4061631944444445 0.35494791666666664 0.04116898148148138 0.04265046296296297
10 0.42027199074074073 0.40043402777777776 0.05555555555555554 0.04962962962962969
10 0.504375 0.37570601851851854 0.036805555555555536 0.048657407407407406
10 0.5008159722222223 0.4581423611111111 0.047256944444444574 0.039849537037036954
10 0.5413657407407408 0.39415509259259257 0.04609953703703695 0.04758101851851855
10 0.6013078703703704 0.4020138888888889 0.03960648148148138 0.042569444444444396
10 0.6756018518518518 0.4600462962962963 0.04774305555555554 0.049224537037036956
10 0.7507523148148149 0.47416666666666674 0.04946759259259252 0.052430555555555716
3 0.35183449074074075 0.4251331018518519 0.05391203703703704 0.047986111111111104
3 0.3637210648148148 0.4730844907407407 0.05275462962962969 0.05571759259259253
3 0.4108680555555556 0.49100694444444437 0.04930555555555553 0.04930555555555571
3 0.4617592592592592 0.5056018518518519 0.05391203703703695 0.047986111111111104
3 0.5103877314814815 0.521880787037037 0.04609953703703695 0.04758101851851855
3 0.5614814814814815 0.5403819444444444 0.052430555555555536 0.04946759259259252
3 0.6211689814814815 0.5584374999999999 0.06172453703703695 0.048391203703703665
3 0.706388888888889 0.5250347222222222 0.04149305555555553 0.04890046296296298
5 0.6055324074074073 0.6798842592592592 0.06722222222222207 0.06425925925925924
2 0.5490219907407408 0.6475636574074074 0.05900462962962969 0.05604166666666668
0 0.49361689814814813 0.6214525462962962 0.07050925925925924 0.06754629629629641
4 0.42842013888888886 0.6028993055555556 0.09090277777777782 0.07016203703703709