12 0.7417187500000001 0.7686805555555555 0.05770833333333343 0.048553240740740834
12 0.8035416666666666 0.38252893518518516 0.06510416666666678 0.04276620370370372
9 0.7551041666666667 0.7090798611111111 0.06395833333333342 0.04892361111111114
9 0.7981770833333334 0.43946759259259255 0.06322916666666671 0.037986111111111144
7 0.7616666666666667 0.6577025462962963 0.0607291666666665 0.04717592592592599
7 0.7859895833333332 0.49286458333333333 0.060416666666666785 0.042488425925925985
11 0.7719791666666668 0.608900462962963 0.06875 0.05076388888888879
8 0.78109375 0.554537037037037 0.07906250000000004 0.042037037037037095
10 0.7308333333333333 0.3790046296296296 0.05135416666666668 0.04662037037037035
10 0.7202604166666667 0.43171296296296297 0.044375000000000143 0.03531250000000004
10 0.7112499999999999 0.4845138888888889 0.047499999999999966 0.03549768518518519
10 0.6997916666666667 0.5387384259259258 0.05687499999999997 0.03605324074074083
10 0.6900520833333333 0.5907118055555556 0.04906249999999997 0.03559027777777786
10 0.68625 0.6477430555555556 0.050729166666666714 0.037245370370370345
10 0.6767708333333333 0.6958101851851852 0.05093750000000004 0.04037037037037052
10 0.6646354166666667 0.7601909722222222 0.047499999999999966 0.03549768518518519
5 0.296875 0.3234837962962963 0.05760416666666668 0.04699074074074074
5 0.24291666666666667 0.6975520833333333 0.06739583333333332 0.0537962962962963
2 0.2913541666666667 0.38276620370370373 0.05791666666666666 0.05167824074074075
2 0.2515625 0.6502199074074074 0.06895833333333332 0.053888888888888965
0 0.27937500000000004 0.43303819444444447 0.05427083333333336 0.0436805555555555
0 0.2609375 0.5919502314814815 0.06583333333333333 0.05370370370370381
4 0.27057291666666666 0.48271412037037037 0.0703125 0.050856481481481454
1 0.2666145833333333 0.5420891203703704 0.08520833333333329 0.06418981481481474
3 0.3666145833333333 0.3362442129629629 0.05697916666666671 0.03761574074074066
3 0.36843750000000003 0.391255787037037 0.04499999999999993 0.04468750000000003
3 0.3619791666666667 0.4528356481481482 0.047812500000000036 0.04018518518518519
3 0.3550520833333334 0.4979166666666667 0.05093750000000004 0.04037037037037035
3 0.35010416666666666 0.5486053240740741 0.039687499999999966 0.03503472222222222
3 0.33546875 0.6034259259259259 0.044479166666666715 0.03687500000000003
3 0.3263020833333333 0.6585706018518518 0.04489583333333336 0.04312500000000004
3 0.32 0.7060416666666667 0.054062500000000034 0.0405555555555555