4 0.621875 0.20703125 0.03125 0.11484375
10 0.26015625 0.2234375 0.03125 0.05546875
11 0.25234375 0.3640625 0.06796875 0.1015625
7 0.23515625 0.315625 0.040625 0.05
9 0.225 0.27578125 0.04375 0.05546875
12 0.21484375 0.24140625 0.04140625 0.0625
12 0.340625 0.6390625 0.04375 0.071875
9 0.31875 0.55625 0.05703125 0.071875
7 0.29765625 0.490625 0.053125 0.07109375
8 0.26953125 0.4171875 0.07734375 0.1015625
10 0.403125 0.58359375 0.0375 0.0578125
10 0.375 0.5265625 0.040625 0.05546875
10 0.35546875 0.47109375 0.04375 0.05625
10 0.33671875 0.415625 0.040625 0.06015625
10 0.31640625 0.35859375 0.0390625 0.05703125
10 0.296875 0.31171875 0.040625 0.0515625
10 0.28046875 0.2609375 0.0359375 0.04609375
3 0.66015625 0.403125 0.02890625 0.0578125
3 0.6296875 0.3515625 0.03125 0.06015625
3 0.6015625 0.30703125 0.028125 0.05234375
3 0.5734375 0.2609375 0.02421875 0.0578125
3 0.5515625 0.21484375 0.0203125 0.06015625
3 0.528125 0.175 0.02265625 0.06328125
3 0.5015625 0.1390625 0.025 0.06171875
3 0.47890625 0.1015625 0.021875 0.059375
5 0.51796875 0.07265625 0.021875 0.06875
5 0.715625 0.365625 0.034375 0.08203125
2 0.54453125 0.10546875 0.025 0.08046875
2 0.6828125 0.31796875 0.03203125 0.0859375
0 0.56875 0.1328125 0.02265625 0.0875
0 0.646875 0.2703125 0.03125 0.08671875
1 0.59375 0.1546875 0.02734375 0.12578125