10 0.2579166666666667 0.2687384259259259 0.05569444444444445 0.046932870370370416
10 0.26059027777777777 0.3240914351851852 0.054062500000000034 0.043761574074074085
10 0.25352430555555555 0.3961284722222222 0.04934027777777779 0.04206018518518517
10 0.2590798611111111 0.46232638888888894 0.053888888888888875 0.035949074074074085
10 0.25211805555555555 0.5296759259259259 0.05239583333333329 0.03902777777777775
10 0.2444097222222222 0.595486111111111 0.052465277777777784 0.04215277777777793
10 0.24378472222222225 0.658744212962963 0.05239583333333329 0.03902777777777775
10 0.24317708333333332 0.7212210648148148 0.061979166666666606 0.048680555555555574
12 0.14727430555555557 0.7506076388888889 0.08270833333333334 0.06803240740740754
12 0.1737673611111111 0.261082175925926 0.062291666666666676 0.06274305555555557
9 0.16907986111111112 0.3314872685185185 0.06697916666666667 0.0628819444444444
9 0.15921875000000002 0.6698379629629629 0.07006944444444443 0.06141203703703706
7 0.16855902777777776 0.6008564814814814 0.05906250000000002 0.057962962962962904
7 0.16993055555555556 0.39860532407407406 0.06520833333333335 0.053460648148148146
11 0.17161458333333332 0.46335648148148145 0.07315972222222222 0.05994212962962955
8 0.16230902777777778 0.530775462962963 0.06371527777777777 0.0565393518518519
3 0.6531423611111111 0.26093171296296297 0.06513888888888886 0.05033564814814815
3 0.6502604166666666 0.3203530092592593 0.06826388888888886 0.050428240740740725
3 0.6488888888888888 0.38207175925925924 0.0651041666666666 0.04877314814814815
3 0.6484027777777778 0.43907986111111114 0.06343749999999986 0.044039351851851906
3 0.6401388888888888 0.49475694444444446 0.07128472222222229 0.04583333333333339
3 0.6396354166666667 0.5525462962962963 0.06645833333333329 0.03944444444444439
3 0.6368229166666668 0.6088425925925927 0.06819444444444436 0.04730324074074073
3 0.6355729166666666 0.6650925925925926 0.062013888888888855 0.05024305555555557
5 0.7098090277777778 0.6621122685185185 0.0746180555555556 0.05530092592592588
5 0.7258680555555556 0.25565393518518514 0.07461805555555542 0.05530092592592588
2 0.7268055555555556 0.31886574074074076 0.08079861111111111 0.05236111111111112
2 0.7109027777777778 0.6128935185185185 0.09045138888888893 0.06513888888888886
0 0.7099479166666667 0.5504629629629629 0.08701388888888886 0.050983796296296194
0 0.7280034722222222 0.3703587962962963 0.08690972222222229 0.04629629629629628
1 0.7408333333333333 0.4254108796296296 0.12156249999999993 0.05981481481481481
4 0.7323263888888889 0.492025462962963 0.11208333333333335 0.05484953703703717