12 0.7272858796296295 0.5776909722222222 0.07552083333333322 0.10109953703703703
12 0.5873553240740741 0.19464699074074074 0.04814814814814809 0.07824074074074075
9 0.6063078703703704 0.23211805555555554 0.05648148148148149 0.09259259259259256
9 0.6918981481481482 0.4981481481481481 0.07054398148148149 0.09311342592592595
7 0.6188078703703704 0.2748263888888889 0.05972222222222214 0.0958333333333333
7 0.6684027777777778 0.43547453703703703 0.06903935185185191 0.09461805555555554
11 0.6338541666666667 0.3121527777777778 0.07320601851851852 0.12285879629629637
8 0.6556712962962963 0.35677083333333337 0.09259259259259256 0.14074074074074075
10 0.5438657407407408 0.20711805555555554 0.04947916666666661 0.07204861111111108
10 0.549681712962963 0.24019097222222224 0.04768518518518512 0.06574074074074074
10 0.5697048611111111 0.2910011574074074 0.04450231481481488 0.0640625
10 0.5780092592592593 0.3413773148148148 0.05081018518518512 0.06585648148148149
10 0.5961805555555555 0.39994212962962966 0.04959490740740744 0.07517361111111107
10 0.6175925925925926 0.4554976851851852 0.05596064814814809 0.07853009259259255
10 0.6356770833333334 0.51640625 0.05410879629629619 0.07065972222222214
10 0.6496238425925925 0.5834201388888889 0.04774305555555554 0.06730324074074083
3 0.2954861111111111 0.21747685185185187 0.04328703703703703 0.07337962962962959
3 0.3016493055555555 0.2622974537037037 0.04450231481481488 0.0640625
3 0.30292245370370374 0.3124131944444445 0.04646990740740744 0.07505787037037041
3 0.3072627314814815 0.36420717592592594 0.05410879629629628 0.07065972222222214
3 0.3128472222222222 0.42465277777777777 0.050868055555555534 0.06741898148148148
3 0.31767939814814816 0.4842881944444445 0.041319444444444464 0.06238425925925917
3 0.3240162037037037 0.5455439814814815 0.04641203703703702 0.07349537037037042
3 0.3283564814814815 0.618460648148148 0.055787037037037024 0.07384259259259274
5 0.24545717592592592 0.21640625 0.045196759259259256 0.0828125
5 0.2544560185185185 0.6282407407407408 0.06105324074074074 0.08964120370370363
2 0.24155092592592592 0.25850694444444444 0.04878472222222223 0.09542824074074074
2 0.2540798611111111 0.55390625 0.06255787037037042 0.08813657407407405
0 0.24696180555555552 0.3025173611111111 0.05324074074074074 0.08935185185185182
0 0.2583622685185185 0.4805266203703704 0.06446759259259256 0.09756944444444429
1 0.23778935185185182 0.33894675925925927 0.07083333333333339 0.14305555555555555
4 0.24380787037037033 0.40879629629629627 0.07025462962962958 0.12743055555555555