10 0.36403356481481486 0.4375868055555555 0.04832175925925926 0.04253472222222214
10 0.42337962962962966 0.43240740740740746 0.04976851851851851 0.03952546296296298
10 0.48368055555555556 0.43185763888888895 0.048263888888888926 0.040972222222222146
10 0.550318287037037 0.4331886574074074 0.045370370370370415 0.04699074074074083
10 0.6113715277777778 0.43179976851851853 0.04201388888888893 0.04050925925925917
10 0.6755208333333333 0.4293981481481481 0.04201388888888893 0.04050925925925917
10 0.7445023148148149 0.4305555555555555 0.03587962962962976 0.043171296296296194
10 0.7967592592592594 0.42433449074074076 0.0359375 0.04473379629629637
12 0.7983506944444445 0.3826967592592593 0.04704861111111107 0.05023148148148149
12 0.35920138888888886 0.391724537037037 0.05179398148148149 0.05214120370370381
9 0.4265914351851852 0.3922164351851852 0.04861111111111107 0.05034722222222223
9 0.7332465277777778 0.38046875 0.044039351851851906 0.053125
7 0.4883969907407407 0.389988425925926 0.050289351851851904 0.053587962962962976
7 0.6738425925925926 0.38408564814814816 0.04866898148148149 0.05190972222222223
11 0.6141782407407408 0.38067129629629626 0.050694444444444466 0.06452546296296298
8 0.5521412037037037 0.37664930555555554 0.049537037037037025 0.07534722222222232
3 0.3326099537037037 0.6678819444444445 0.05769675925925925 0.043229166666666784
3 0.40300925925925923 0.6650173611111111 0.044791666666666605 0.03136574074074083
3 0.4727141203703704 0.6645543981481481 0.06400462962962976 0.04525462962962976
3 0.5423611111111111 0.6625289351851851 0.0546875 0.04612268518518512
3 0.613744212962963 0.6650752314814815 0.05335648148148149 0.05225694444444447
3 0.6850694444444445 0.6660590277777778 0.03888888888888893 0.04027777777777786
3 0.7640046296296297 0.6609953703703704 0.04554398148148149 0.05167824074074083
3 0.8360821759259259 0.6611400462962963 0.05167824074074083 0.04901620370370363
5 0.3183738425925926 0.7276909722222222 0.0642939814814815 0.05306712962962958
5 0.8489872685185187 0.7134548611111111 0.05804398148148167 0.052604166666666785
2 0.770775462962963 0.7168981481481481 0.06261574074074083 0.04982638888888893
2 0.38307291666666665 0.7189814814814814 0.051851851851851816 0.05370370370370381
0 0.464380787037037 0.7145254629629629 0.05486111111111107 0.05081018518518512
0 0.6971354166666666 0.716869212962963 0.057928240740740836 0.04947916666666678
4 0.5357349537037037 0.7162905092592593 0.06296296296296297 0.05920138888888893
1 0.6218460648148147 0.7146122685185186 0.05353009259259256 0.056944444444444464