3 0.35546875 0.11796875 0.028125 0.059375
3 0.30234375 0.1453125 0.028125 0.0515625
3 0.29375 0.1796875 0.03046875 0.06015625
3 0.29375 0.21796875 0.03203125 0.05703125
3 0.28828125 0.2578125 0.0359375 0.06328125
3 0.28125 0.30703125 0.03671875 0.059375
3 0.27734375 0.3578125 0.03984375 0.06484375
10 0.41015625 0.115625 0.02890625 0.05703125
10 0.40390625 0.15546875 0.03046875 0.05625
10 0.44609375 0.22578125 0.028125 0.06171875
10 0.43984375 0.2734375 0.02578125 0.06015625
5 0.20859375 0.10390625 0.0328125 0.0609375
2 0.203125 0.1296875 0.03984375 0.075
0 0.2 0.16640625 0.0390625 0.08203125
4 0.17890625 0.1890625 0.053125 0.1171875
1 0.165625 0.228125 0.06171875 0.13671875
0 0.1625 0.29765625 0.04609375 0.0890625
2 0.15234375 0.34609375 0.04765625 0.08046875
12 0.53046875 0.109375 0.02890625 0.05625
9 0.5296875 0.14609375 0.0265625 0.06875
7 0.53046875 0.1765625 0.02734375 0.08125
8 0.54140625 0.196875 0.03984375 0.11953125
11 0.546875 0.24765625 0.04375 0.1125
7 0.55078125 0.30625 0.0390625 0.090625
9 0.55859375 0.35625 0.0453125 0.07890625
12 0.56328125 0.41640625 0.04453125 0.0765625
5 0.14296875 0.4140625 0.053125 0.08046875
10 0.45078125 0.425 0.03671875 0.0671875
10 0.39140625 0.36640625 0.03046875 0.0640625
10 0.35234375 0.26015625 0.03203125 0.0640625
10 0.45546875 0.31875 0.03125 0.0625
3 0.33359375 0.41953125 0.04140625 0.07421875