12 0.45582754629629624 0.22911458333333332 0.10053240740740747 0.07854166666666665
12 0.8552835648148148 0.3400520833333333 0.08001157407407397 0.04906249999999997
9 0.816082175925926 0.32390625 0.09256944444444457 0.05770833333333325
9 0.5388946759259259 0.25796874999999997 0.09112268518518504 0.07322916666666668
7 0.7714583333333334 0.31437499999999996 0.09570601851851848 0.05947916666666675
7 0.6046932870370371 0.27703125 0.09422453703703706 0.0703125
11 0.7322858796296297 0.30213541666666666 0.12236111111111114 0.07375000000000007
8 0.6860358796296296 0.28411458333333334 0.13967592592592587 0.09208333333333334
10 0.8431192129629629 0.3861979166666667 0.07377314814814824 0.05020833333333332
10 0.8087094907407408 0.3838020833333333 0.06438657407407433 0.04802083333333336
10 0.7562152777777778 0.3669791666666667 0.06436342592592581 0.04489583333333336
10 0.7038136574074073 0.36265625 0.06439814814814823 0.049583333333333354
10 0.6427488425925926 0.34953124999999996 0.07533564814814823 0.05031250000000007
10 0.5847685185185185 0.3307291666666667 0.0769328703703703 0.05510416666666664
10 0.5213541666666666 0.3169791666666667 0.0691087962962964 0.053020833333333336
10 0.4525115740740741 0.3090625 0.06750000000000007 0.046666666666666676
3 0.8379918981481481 0.6436979166666668 0.07216435185185191 0.04385416666666657
3 0.7918576388888889 0.6413020833333334 0.0627893518518519 0.04322916666666661
3 0.7410706018518518 0.64390625 0.07531250000000007 0.04718750000000007
3 0.6855787037037038 0.6444791666666667 0.06754629629629641 0.0529166666666665
3 0.6246006944444444 0.6430729166666667 0.06752314814814823 0.04979166666666668
3 0.5628472222222223 0.6425000000000001 0.06276620370370374 0.04010416666666679
3 0.49874421296296295 0.6413020833333334 0.07217592592592581 0.04541666666666675
3 0.42372106481481475 0.6431770833333333 0.07224537037037031 0.05479166666666657
5 0.8407175925925927 0.6951041666666666 0.0815509259259258 0.04604166666666672
5 0.41570023148148144 0.72109375 0.09105324074074073 0.06385416666666668
2 0.7970023148148148 0.7027083333333334 0.09718750000000007 0.04864583333333332
2 0.4922511574074074 0.7144270833333334 0.0879282407407409 0.06364583333333336
0 0.7508738425925927 0.70109375 0.09096064814814823 0.05135416666666668
0 0.5672106481481481 0.7039583333333334 0.09731481481481481 0.06583333333333333
1 0.714224537037037 0.7129166666666666 0.14577546296296298 0.07218750000000007
4 0.6423148148148148 0.7130208333333334 0.12703703703703706 0.07250000000000015