5 0.7109895833333333 0.6634895833333333 0.051875000000000074 0.078125
5 0.4849479166666667 0.9041145833333335 0.030729166666666786 0.06427083333333314
2 0.6694270833333333 0.7152604166666666 0.044062500000000074 0.07760416666666678
2 0.5076041666666666 0.8792708333333333 0.03468750000000007 0.07697916666666664
0 0.6351041666666667 0.7517708333333333 0.04624999999999986 0.08708333333333336
0 0.53328125 0.85578125 0.036354166666666646 0.07864583333333357
1 0.60328125 0.8091145833333332 0.05406249999999986 0.13427083333333342
4 0.5661979166666666 0.8403645833333332 0.05124999999999993 0.11541666666666686
3 0.37020833333333336 0.8635416666666668 0.028854166666666715 0.05947916666666657
3 0.4333854166666667 0.84921875 0.03322916666666664 0.05510416666666664
3 0.46416666666666667 0.8191666666666666 0.030312499999999964 0.0580208333333335
3 0.48968749999999994 0.7863541666666667 0.03031250000000014 0.0580208333333335
3 0.5199999999999999 0.7516666666666667 0.03208333333333328 0.06125000000000007
3 0.5545833333333333 0.7112499999999999 0.033333333333333395 0.05666666666666664
3 0.5891145833333333 0.6716145833333333 0.03343750000000014 0.058229166666666644
3 0.5867708333333332 0.6017708333333334 0.04010416666666679 0.06489583333333329
12 0.39208333333333334 0.5004166666666666 0.04468750000000003 0.08697916666666679
12 0.18932291666666665 0.8234895833333333 0.03447916666666666 0.07385416666666664
9 0.35302083333333334 0.5613541666666666 0.03864583333333336 0.08968750000000014
9 0.21875 0.7904166666666667 0.03354166666666671 0.08312500000000007
7 0.32265625 0.62015625 0.03718750000000002 0.09114583333333322
7 0.24281250000000001 0.7561458333333333 0.02833333333333332 0.09833333333333343
11 0.29359375 0.6827604166666668 0.044062499999999984 0.12427083333333329
8 0.2621875 0.7338541666666667 0.034062499999999926 0.13760416666666675
10 0.49572916666666667 0.5440625000000001 0.04072916666666657 0.07427083333333329
10 0.5059895833333333 0.6234895833333333 0.04354166666666668 0.06979166666666678
10 0.41973958333333333 0.6455729166666667 0.03375000000000004 0.06291666666666665
10 0.4683333333333334 0.7333333333333334 0.03343750000000014 0.058229166666666644
10 0.40098958333333334 0.6934895833333333 0.027187499999999965 0.0578125
10 0.36473958333333334 0.7355729166666667 0.029270833333333357 0.06572916666666657
10 0.3539583333333333 0.815625 0.028958333333333374 0.06104166666666657
10 0.31963541666666667 0.8521354166666667 0.03385416666666661 0.06447916666666664