1 0.3348958333333333 0.36334490740740744 0.09467592592592596 0.09752314814814814
0 0.3388020833333333 0.3211053240740741 0.0606481481481481 0.059791666666666646
2 0.3432291666666667 0.28589699074074076 0.0645833333333334 0.07075231481481481
5 0.34516782407407404 0.2382002314814815 0.06053240740740744 0.058229166666666644
12 0.6958622685185185 0.7726157407407407 0.08009259259259256 0.06930555555555547
12 0.6396122685185185 0.3931365740740741 0.05972222222222214 0.04729166666666664
9 0.6497685185185185 0.43527199074074074 0.0668981481481481 0.059837962962962975
9 0.6799768518518519 0.6953472222222222 0.07604166666666679 0.056782407407407476
7 0.6548032407407407 0.48213541666666665 0.06666666666666661 0.05671296296296298
7 0.6743055555555555 0.6398900462962963 0.07123842592592596 0.055185185185185046
11 0.6656828703703704 0.5234837962962964 0.08501157407407404 0.07246527777777771
8 0.6747974537037037 0.572662037037037 0.10208333333333339 0.07103009259259263
10 0.5646122685185185 0.3514814814814815 0.04699074074074083 0.044074074074074154
10 0.5243344907407408 0.3775752314814815 0.05584490740740744 0.058194444444444396
10 0.5752604166666667 0.4530208333333333 0.05289351851851851 0.03943287037037031
10 0.49438657407407405 0.4692534722222222 0.045775462962962976 0.04875000000000007
10 0.568113425925926 0.49372106481481487 0.05515046296296298 0.04881944444444457
10 0.5796585648148148 0.5546064814814814 0.046875 0.04251157407407398
10 0.548582175925926 0.6416030092592593 0.05538194444444446 0.05194444444444457
10 0.5581597222222222 0.7181365740740742 0.05862268518518512 0.05353009259259274
3 0.47829861111111105 0.31538194444444445 0.05572916666666679 0.056631944444444395
3 0.43628472222222225 0.3391435185185185 0.06354166666666661 0.05668981481481481
3 0.4337962962962963 0.3899710648148148 0.05538194444444446 0.05194444444444439
3 0.43689236111111107 0.44232060185185185 0.054282407407407265 0.05818287037037031
3 0.43608217592592596 0.4946990740740741 0.053587962962962976 0.04880787037037031
3 0.4339409722222222 0.5502141203703703 0.05717592592592595 0.055081018518518474
3 0.4361689814814815 0.6119502314814815 0.05642361111111107 0.0660069444444444
3 0.49490740740740746 0.687337962962963 0.055034722222222145 0.047256944444444574
5 0.31461226851851853 0.6277025462962963 0.0723958333333334 0.07081018518518523
2 0.3278935185185185 0.5642881944444444 0.06400462962962958 0.06293981481481481
0 0.33509837962962963 0.5032638888888888 0.07575231481481479 0.07395833333333321
4 0.33240740740740743 0.43527777777777776 0.08206018518518512 0.09586805555555547