10 0.5910995370370371 0.5833506944444444 0.04684027777777775 0.052569444444444356
10 0.5441145833333334 0.6070659722222222 0.04431712962962955 0.07281249999999986
10 0.4963715277777778 0.6315798611111111 0.03930555555555557 0.06177083333333329
10 0.44701967592592595 0.6545659722222222 0.04072916666666657 0.05711805555555553
10 0.316724537037037 0.71609375 0.040451388888888926 0.04774305555555554
10 0.27585069444444443 0.7349826388888889 0.04684027777777775 0.052569444444444356
12 0.5951793981481481 0.6418923611111111 0.06329861111111121 0.08104166666666668
12 0.26343171296296297 0.7907638888888888 0.053460648148148146 0.06520833333333335
9 0.30568287037037034 0.7655902777777778 0.05998842592592588 0.07472222222222236
9 0.5394618055555556 0.6611111111111111 0.06141203703703688 0.07006944444444443
7 0.49004050925925924 0.6817534722222222 0.055486111111111215 0.08086805555555543
7 0.34586805555555555 0.7498437499999999 0.056678240740740723 0.06840277777777785
11 0.38014467592592593 0.719375 0.08090277777777768 0.09548611111111108
8 0.42476273148148147 0.6949305555555556 0.0906944444444445 0.10975694444444457
3 0.5763252314814815 0.3749479166666666 0.04224537037037042 0.05559027777777779
3 0.5387847222222222 0.40079861111111115 0.03760416666666657 0.057048611111111036
3 0.49487847222222225 0.42288194444444444 0.037418981481481414 0.05079861111111104
3 0.46188657407407413 0.4439409722222222 0.04049768518518526 0.04930555555555553
3 0.42735532407407406 0.4658159722222222 0.04049768518518526 0.04930555555555553
3 0.3904108796296296 0.48539930555555555 0.04366898148148142 0.05093750000000004
3 0.3543865740740741 0.5096527777777778 0.03732638888888893 0.047673611111111215
3 0.32587384259259256 0.5235763888888889 0.040451388888888926 0.04774305555555554
5 0.5758333333333333 0.3319618055555556 0.04394675925925924 0.06031250000000003
5 0.3277025462962963 0.4797569444444444 0.04035879629629626 0.044618055555555536
2 0.5319965277777777 0.3563888888888889 0.04555555555555557 0.06190972222222228
2 0.35761574074074076 0.46032986111111107 0.037557870370370415 0.055486111111111215
0 0.4950520833333333 0.3759722222222222 0.045509259259259235 0.06034722222222229
0 0.39145833333333335 0.4415972222222222 0.05162037037037033 0.055798611111111104
4 0.4564525462962964 0.39246527777777784 0.06017361111111121 0.08097222222222218
1 0.41629050925925926 0.4089930555555556 0.06660879629629637 0.087361111111111