5 0.3698842592592592 0.17468171296296298 0.061249999999999985 0.08479166666666664
2 0.39944444444444444 0.19869212962962965 0.06336805555555554 0.09417824074074073
0 0.43065972222222226 0.22425347222222225 0.06125000000000007 0.08479166666666664
1 0.4636631944444445 0.24042245370370371 0.11071759259259259 0.1288888888888889
4 0.5200694444444445 0.2822106481481481 0.10262731481481477 0.12414351851851854
0 0.5802893518518518 0.32240740740740736 0.08864583333333335 0.09905092592592588
2 0.6321469907407408 0.36657407407407405 0.08321759259259257 0.08651620370370372
3 0.35796875 0.25058449074074074 0.0600462962962963 0.06447916666666664
3 0.38844907407407414 0.2769328703703704 0.06114583333333332 0.056678240740740723
3 0.426880787037037 0.3055671296296296 0.060231481481481455 0.06760416666666665
3 0.46572916666666664 0.3412326388888889 0.06335648148148146 0.0676273148148148
3 0.5091261574074074 0.3745196759259259 0.06491898148148145 0.06763888888888889
12 0.49021990740740745 0.9655439814814816 0.08495370370370381 0.06310185185185162
9 0.4384895833333333 0.8971469907407407 0.09369212962962958 0.07878472222222221
7 0.3941145833333333 0.8341666666666665 0.09138888888888888 0.06627314814814796
8 0.3352199074074074 0.7767650462962964 0.12981481481481483 0.08217592592592596
11 0.3078530092592593 0.7238194444444443 0.11409722222222225 0.08049768518518512
7 0.28738425925925926 0.6817650462962963 0.08761574074074074 0.05531250000000014
9 0.260619212962963 0.6389756944444445 0.08017361111111114 0.06150462962962955
12 0.23762152777777779 0.5938136574074073 0.07052083333333332 0.05674768518518505
10 0.5226793981481481 0.8933969907407407 0.07613425925925928 0.07240740740740748
10 0.47444444444444445 0.8312268518518519 0.06776620370370363 0.06297453703703723
10 0.4296585648148148 0.7745023148148149 0.07052083333333332 0.05674768518518523
10 0.3878125 0.7146296296296296 0.062430555555555586 0.05200231481481481
10 0.35355324074074074 0.6640798611111112 0.06261574074074075 0.05512731481481481
10 0.31897569444444446 0.6213483796296296 0.05921296296296301 0.050416666666666644
10 0.29009837962962964 0.5824826388888888 0.0561805555555555 0.05195601851851848
10 0.25841435185185185 0.5358217592592592 0.059398148148148165 0.05354166666666664
3 0.6764583333333334 0.49442708333333335 0.0720949074074074 0.08331018518518522
3 0.6132523148148148 0.4565972222222222 0.06988425925925927 0.07236111111111114
3 0.5533506944444444 0.40858217592592594 0.06354166666666661 0.07075231481481481
5 0.7083159722222222 0.41212384259259255 0.08018518518518505 0.08805555555555564