4 0.666724537037037 0.8370949074074074 0.03888888888888893 0.118888888888889
10 0.29670717592592594 0.8085590277777778 0.03572916666666668 0.057951388888889
11 0.277494212962963 0.6634201388888888 0.0757407407407408 0.10833333333333321
7 0.2636805555555556 0.7125694444444445 0.044780092592592614 0.052187500000000143
9 0.256412037037037 0.7527083333333333 0.04822916666666668 0.05859953703703695
12 0.24811921296296297 0.7881192129629631 0.04707175925925924 0.06633101851851855
12 0.3480266203703704 0.38580439814814815 0.049120370370370384 0.07578703703703704
9 0.3329108796296296 0.46994791666666663 0.06482638888888896 0.07815972222222226
7 0.31530092592592596 0.5360416666666666 0.05849537037037038 0.07627314814814809
8 0.2918460648148148 0.6096238425925925 0.0851157407407408 0.10881944444444436
10 0.41570601851851857 0.44385416666666666 0.04214120370370367 0.061400462962962976
10 0.39222222222222225 0.5018518518518519 0.04510416666666668 0.05843750000000014
10 0.3756481481481481 0.5578703703703705 0.04822916666666668 0.05859953703703695
10 0.3606365740740741 0.6139699074074074 0.04534722222222225 0.06312499999999996
10 0.34336226851851853 0.6715104166666667 0.045185185185185175 0.060000000000000143
10 0.3279050925925926 0.7190162037037038 0.0449421296296296 0.05531250000000014
10 0.31421296296296297 0.7705092592592593 0.04149305555555553 0.04890046296296298
3 0.6906886574074074 0.6380960648148148 0.03432870370370367 0.06099537037037024
3 0.664537037037037 0.6897222222222222 0.03605324074074083 0.064201388888889
3 0.6380208333333334 0.7343171296296296 0.03244212962962969 0.05466435185185183
3 0.6131481481481481 0.7805555555555556 0.029641203703703666 0.06075231481481502
3 0.5944849537037037 0.8263368055555557 0.026678240740740832 0.06371527777777786
3 0.5731944444444445 0.8665277777777778 0.02675925925925924 0.06527777777777785
3 0.5477951388888889 0.9026099537037038 0.02980324074074083 0.06387731481481466
3 0.5279456018518519 0.9405381944444444 0.02659722222222225 0.062152777777777855
5 0.5700289351851853 0.9675028935185186 0.027083333333333216 0.0649942129629629
5 0.7504456018518518 0.67859375 0.04031249999999993 0.08623842592592598
2 0.5940682870370371 0.9385127314814815 0.030775462962962942 0.08262731481481467
2 0.7209664351851852 0.7261516203703704 0.03891203703703709 0.08928240740740741
0 0.6175694444444444 0.9109027777777777 0.0280555555555555 0.09027777777777786
0 0.6867997685185185 0.7734664351851851 0.0374305555555555 0.090763888888889
1 0.640613425925926 0.8895023148148148 0.03633101851851848 0.12966435185185182