12 0.6878819444444444 0.27784143518518517 0.06670138888888885 0.05984953703703706
9 0.6469097222222222 0.2853530092592592 0.07010416666666668 0.06612268518518523
7 0.6086979166666666 0.28350694444444446 0.07628472222222218 0.06460648148148156
8 0.5731076388888889 0.27542824074074074 0.09913194444444447 0.08664351851851855
11 0.5252430555555556 0.27976273148148145 0.08982638888888879 0.08813657407407405
5 0.7711805555555555 0.7246990740740741 0.06513888888888886 0.059837962962962975
2 0.7395833333333334 0.7322800925925925 0.073576388888889 0.07395833333333321
0 0.7016666666666667 0.7413773148148148 0.0734375 0.07083333333333322
4 0.6717187499999999 0.7646006944444445 0.09444444444444429 0.08660879629629648
1 0.6279166666666667 0.7830324074074074 0.10579861111111111 0.09606481481481488
0 0.5669965277777778 0.7997743055555555 0.07392361111111115 0.08177083333333339
10 0.3761805555555555 0.3630613425925926 0.06052083333333336 0.06136574074074073
10 0.4253298611111111 0.36498842592592595 0.060590277777777854 0.06292824074074073
10 0.47809027777777774 0.3560011574074074 0.06052083333333336 0.06136574074074073
10 0.5272048611111111 0.35870949074074077 0.054201388888888855 0.05975694444444439
10 0.5735069444444445 0.35436342592592596 0.05385416666666672 0.05194444444444439
10 0.6143750000000001 0.34919560185185183 0.053923611111111214 0.05350694444444439
10 0.656875 0.34247685185185184 0.04902777777777771 0.04878472222222223
10 0.6933854166666666 0.3474363425925926 0.06343750000000004 0.05670138888888889
3 0.44730902777777776 0.7496527777777777 0.06236111111111118 0.0676273148148148
3 0.49814236111111115 0.7312731481481481 0.06222222222222236 0.0645023148148148
3 0.55015625 0.7214988425925926 0.055763888888888856 0.05976851851851848
3 0.59765625 0.7077835648148147 0.05718750000000004 0.05665509259259256
3 0.6375520833333332 0.6893229166666666 0.05541666666666671 0.05195601851851848
3 0.6785937499999999 0.6802488425925926 0.05385416666666672 0.05194444444444439
3 0.714375 0.6664467592592592 0.04916666666666671 0.05190972222222214
3 0.7507986111111111 0.655775462962963 0.052291666666666715 0.05193287037037031
5 0.4616666666666667 0.8310358796296295 0.07059027777777764 0.07706018518518505
2 0.5232986111111112 0.8158622685185184 0.068888888888889 0.07392361111111115
12 0.36069444444444443 0.2894849537037037 0.06875 0.07079861111111115
9 0.42112847222222227 0.28368055555555555 0.06690972222222218 0.06453703703703706
7 0.47105902777777775 0.2856134259259259 0.0719444444444445 0.07238425925925931