3 0.690625 0.5979745370370371 0.0335532407407408 0.026701388888889
3 0.6755439814814814 0.5643287037037037 0.03677083333333329 0.02998842592592581
3 0.6600925925925927 0.5181828703703704 0.035208333333333286 0.029907407407407403
3 0.6472395833333333 0.4805092592592592 0.03686342592592595 0.03311342592592581
3 0.631099537037037 0.4375289351851852 0.039988425925925955 0.03327546296296298
3 0.6156018518518518 0.38982060185185186 0.03686342592592595 0.03311342592592599
3 0.5969791666666666 0.34227430555555555 0.03530092592592595 0.033032407407407406
3 0.5840104166666666 0.3006944444444445 0.038703703703703594 0.042569444444444396
5 0.7086111111111111 0.5712210648148148 0.03989583333333328 0.030150462962962976
5 0.6080150462962963 0.2658043981481481 0.04490740740740744 0.041331018518518545
2 0.6956192129629629 0.5288599537037036 0.047939814814814775 0.03836805555555571
2 0.6226157407407408 0.30964699074074076 0.04812499999999993 0.044618055555555536
0 0.6866030092592592 0.4886400462962962 0.05097222222222229 0.03540509259259252
0 0.6405497685185185 0.3603587962962963 0.05124999999999993 0.044780092592592524
4 0.6790798611111111 0.4459953703703704 0.07160879629629627 0.047395833333333214
1 0.6674652777777779 0.39730324074074075 0.08140046296296291 0.06194444444444454
12 0.5958217592592593 0.8313657407407409 0.04803240740740726 0.04149305555555571
12 0.4476967592592592 0.4799016203703704 0.05612268518518526 0.051273148148148096
9 0.5772222222222222 0.7846006944444446 0.05115740740740744 0.04165509259259252
9 0.4737210648148148 0.5395833333333334 0.0560300925925926 0.04814814814814809
7 0.5625520833333333 0.7384143518518519 0.057499999999999926 0.04510416666666668
7 0.4995833333333334 0.5937962962962964 0.06554398148148159 0.053321759259259235
8 0.5524537037037037 0.6880787037037036 0.08888888888888893 0.051412037037037096
11 0.5266608796296296 0.6362094907407407 0.07818287037037042 0.05865740740740755
10 0.46990740740740744 0.4372800925925926 0.04660879629629626 0.04609953703703695
10 0.49455439814814817 0.5032928240740742 0.04499999999999993 0.04445601851851855
10 0.5155439814814814 0.5514988425925926 0.04164351851851862 0.03648148148148138
10 0.5380960648148149 0.5996238425925926 0.04164351851851862 0.03648148148148138
10 0.5552951388888889 0.6519386574074074 0.04315972222222229 0.03500000000000014
10 0.5739872685185186 0.7018287037037038 0.03975694444444446 0.025462962962962975
10 0.5931597222222222 0.7415219907407408 0.04325231481481477 0.038124999999999964
10 0.6140104166666667 0.7850405092592593 0.03226851851851862 0.035995370370370414