5 0.6243055555555556 0.2729166666666667 0.08420138888888892 0.06556712962962959
5 0.70109375 0.7425636574074075 0.07638888888888892 0.06527777777777785
2 0.6415451388888889 0.3461516203703704 0.07468749999999993 0.05896990740740744
2 0.6825347222222222 0.6802083333333334 0.0841666666666665 0.06400462962962976
0 0.6492534722222223 0.4120081018518519 0.08416666666666668 0.06400462962962976
0 0.6778819444444444 0.6113425925925926 0.07472222222222218 0.060532407407407264
1 0.6670659722222222 0.5461516203703705 0.09031249999999993 0.05954861111111107
4 0.6538194444444445 0.4769675925925926 0.07791666666666668 0.06377314814814809
3 0.5506249999999999 0.29438657407407404 0.07465277777777786 0.05740740740740744
3 0.54890625 0.3575520833333333 0.06965277777777779 0.04317129629629628
3 0.5575520833333333 0.43046875 0.07145833333333336 0.054166666666666606
3 0.5681944444444444 0.4878472222222222 0.06961805555555553 0.041608796296296366
3 0.575 0.5482060185185185 0.0651041666666666 0.04924768518518512
3 0.5905381944444444 0.6151331018518519 0.058819444444444355 0.04745370370370381
3 0.5928472222222222 0.6839120370370371 0.08239583333333336 0.05457175925925917
3 0.6073784722222222 0.7406539351851851 0.0761111111111111 0.052777777777777854
10 0.24861111111111112 0.7546875 0.06809027777777779 0.04311342592592595
10 0.2322222222222222 0.6846064814814815 0.060243055555555536 0.04126157407407405
10 0.22868055555555555 0.630613425925926 0.06802083333333338 0.039988425925925955
10 0.21809027777777779 0.5755787037037037 0.07267361111111112 0.03859953703703702
10 0.20980902777777777 0.519068287037037 0.06649305555555554 0.04149305555555553
10 0.1959548611111111 0.457667824074074 0.07267361111111112 0.03859953703703702
10 0.19005208333333332 0.402806712962963 0.06652777777777778 0.043055555555555534
10 0.1763715277777778 0.34921875 0.06666666666666665 0.04930555555555553
12 0.10930555555555554 0.3521990740740741 0.07920138888888886 0.05133101851851851
12 0.17515624999999999 0.7511863425925925 0.08395833333333336 0.054629629629629764
9 0.11300347222222222 0.4132233796296296 0.09472222222222224 0.047222222222222145
9 0.15513888888888888 0.6934606481481482 0.09149305555555554 0.04241898148148149
7 0.14605902777777777 0.6361400462962963 0.10406249999999999 0.04600694444444446
7 0.12048611111111111 0.4689236111111111 0.09968750000000001 0.05989583333333322
8 0.11638888888888888 0.5304398148148148 0.12920138888888885 0.05318287037037024
11 0.12781250000000002 0.5878472222222222 0.11336805555555554 0.04322916666666661