10 0.30341435185185184 0.5077430555555555 0.049942129629629586 0.04170138888888886
10 0.3583622685185185 0.4924479166666666 0.04982638888888893 0.038576388888888855
10 0.41660879629629627 0.48177083333333337 0.048379629629629585 0.04166666666666678
10 0.4802951388888889 0.4701909722222222 0.04542824074074083 0.04628472222222228
10 0.5385416666666666 0.4595138888888889 0.04207175925925917 0.03996527777777779
10 0.5997974537037036 0.4456423611111111 0.04207175925925917 0.03996527777777779
10 0.6659143518518518 0.43635416666666665 0.0375 0.04298611111111121
10 0.7153935185185185 0.42118055555555556 0.03587962962962958 0.04138888888888879
12 0.7076388888888889 0.38069444444444445 0.04861111111111107 0.04791666666666661
12 0.2884837962962963 0.46350694444444446 0.05341435185185191 0.051145833333333356
9 0.35298032407407404 0.4526909722222222 0.051851851851851906 0.05111111111111111
9 0.6446469907407407 0.3899131944444444 0.04565972222222214 0.05253472222222229
7 0.41192129629629637 0.4396527777777777 0.048784722222222146 0.052604166666666785
7 0.5888599537037037 0.40366319444444443 0.05023148148148149 0.04951388888888886
11 0.5296585648148149 0.40967013888888887 0.05387731481481488 0.06364583333333336
8 0.46973379629629636 0.4172569444444444 0.052604166666666785 0.0714236111111111
3 0.32265625 0.73171875 0.05613425925925926 0.04027777777777786
3 0.390162037037037 0.7177083333333334 0.04484953703703702 0.030659722222222286
3 0.45613425925925927 0.7045138888888889 0.0640625 0.04357638888888893
3 0.5228587962962963 0.6905208333333334 0.0546875 0.043368055555555604
3 0.5921006944444445 0.6811631944444445 0.0549768518518519 0.05118055555555543
3 0.6612847222222221 0.6702430555555556 0.04050925925925917 0.03993055555555554
3 0.7356481481481482 0.6513888888888889 0.04866898148148149 0.04947916666666678
3 0.8040219907407409 0.6397048611111111 0.053298611111111074 0.04802083333333336
5 0.32332175925925927 0.7919097222222222 0.0627893518518519 0.05135416666666668
5 0.8284722222222222 0.6876388888888889 0.06122685185185191 0.05131944444444443
2 0.7540219907407407 0.7041493055555555 0.06273148148148149 0.04979166666666668
2 0.3828125 0.7726041666666668 0.0549768518518519 0.05118055555555543
0 0.45954861111111106 0.7544791666666667 0.05642361111111107 0.04809027777777786
0 0.6841145833333334 0.7166493055555556 0.05798611111111107 0.04812499999999993
4 0.5279513888888889 0.7435763888888889 0.06302083333333322 0.0576041666666665
1 0.6109953703703704 0.7268749999999999 0.055208333333333214 0.05743055555555561