8 0.3328298611111111 0.2550173611111111 0.13381944444444444 0.17635416666666667
10 0.6411111111111112 0.9018576388888888 0.16106481481481474 0.11760416666666665
10 0.31903935185185184 0.8168576388888888 0.15456018518518516 0.10027777777777765
10 0.6449131944444444 0.6979340277777778 0.14212962962962977 0.1046875
10 0.0525462962962963 0.564375 0.1050925925925926 0.13375000000000004
12 0.4019849537037037 0.5424479166666666 0.13925925925925925 0.1218055555555555
12 0.6615219907407408 0.3148784722222222 0.10782407407407409 0.10861111111111113
9 0.07756944444444444 0.3404166666666667 0.15513888888888888 0.11604166666666664
9 0.7542650462962963 0.4861979166666667 0.12237268518518522 0.14173611111111112
7 0.8608854166666667 0.3534027777777778 0.1191782407407409 0.1369791666666667
11 0.4061284722222222 0.36819444444444444 0.12097222222222222 0.15263888888888885