8 0.3247916666666667 0.21571180555555552 0.10392361111111112 0.08344907407407405
11 0.379224537037037 0.2091435185185185 0.08484953703703706 0.07181712962962968
7 0.29161458333333334 0.22853009259259255 0.07221064814814815 0.06666666666666661
12 0.21232060185185184 0.23885995370370372 0.061134259259259235 0.061574074074074045
10 0.5771701388888889 0.27890625 0.04688657407407391 0.05480324074074074
10 0.5062152777777778 0.2809606481481482 0.04518518518518526 0.05005787037037042
10 0.45566550925925925 0.2868923611111111 0.05005787037037042 0.05648148148148149
10 0.40516203703703707 0.29438657407407404 0.05506944444444439 0.06759259259259257
10 0.35532407407407407 0.29800347222222223 0.053043981481481414 0.05190972222222223
10 0.3077372685185185 0.29858217592592595 0.05456018518518517 0.05040509259259256
10 0.2705150462962963 0.30656828703703703 0.046932870370370416 0.056365740740740744
10 0.23400462962962965 0.3122395833333333 0.04844907407407408 0.05486111111111107
12 0.5532754629629629 0.18359375 0.07101851851851855 0.07910879629629627
9 0.4911226851851852 0.19299768518518517 0.07258101851851854 0.07916666666666665
9 0.25416087962962963 0.22870370370370371 0.06596064814814814 0.06643518518518512
7 0.4352662037037037 0.20419560185185187 0.07253472222222221 0.0776041666666667
3 0.6214930555555556 0.6949363425925925 0.057916666666666575 0.058333333333333216
3 0.5681597222222222 0.6859375 0.048680555555555574 0.06267361111111107
3 0.5094039351851851 0.6782986111111111 0.057916666666666575 0.058333333333333216
3 0.4567824074074074 0.6669849537037036 0.05295138888888893 0.048784722222222146
3 0.4113078703703704 0.6598379629629629 0.04973379629629626 0.04554398148148149
3 0.36987847222222225 0.657523148148148 0.04656250000000002 0.04386574074074083
3 0.3267939814814815 0.6520254629629629 0.05616898148148151 0.052025462962962975
3 0.28775462962962967 0.6513599537037037 0.04987268518518526 0.05023148148148149
5 0.28813657407407406 0.7169270833333334 0.059108796296296263 0.04589120370370381
5 0.6298090277777778 0.791232638888889 0.05975694444444439 0.06776620370370381
2 0.32818865740740744 0.7254340277777778 0.06866898148148151 0.05248842592592595
2 0.5754861111111111 0.775173611111111 0.06168981481481488 0.08032407407407405
0 0.36982638888888886 0.7347800925925926 0.06724537037037041 0.05711805555555571
0 0.514224537037037 0.7619791666666667 0.0659143518518519 0.06487268518518512
4 0.4060185185185185 0.7447048611111111 0.09128472222222221 0.07829861111111107
1 0.452644675925926 0.764380787037037 0.09491898148148152 0.09560185185185191