8 0.5831597222222222 0.6839699074074075 0.07874999999999996 0.08495370370370381
9 0.6635590277777779 0.6751909722222222 0.05043981481481481 0.05974537037037031
4 0.7157465277777778 0.23263310185185185 0.07709490740740747 0.07244212962962963
0 0.7486979166666667 0.2516261574074074 0.05666666666666664 0.05666666666666664
2 0.7932870370370371 0.2597685185185185 0.05981481481481481 0.05981481481481481
5 0.8285069444444444 0.2686226851851852 0.056643518518518475 0.05354166666666664
3 0.8008680555555555 0.33403935185185185 0.05513888888888907 0.06134259259259256
3 0.7586284722222223 0.32669560185185187 0.04099537037037031 0.050300925925925985
3 0.7202314814814814 0.31078703703703703 0.04877314814814824 0.045671296296296224
3 0.6795486111111112 0.30267361111111113 0.047256944444444574 0.05190972222222223
3 0.6364467592592593 0.2843865740740741 0.04255787037037031 0.05031249999999998
3 0.5894502314814816 0.26763310185185185 0.04092592592592581 0.0409259259259259
3 0.5355150462962962 0.2633275462962963 0.045671296296296404 0.04877314814814815
3 0.48694444444444446 0.24500000000000002 0.04410879629629623 0.04876157407407415
5 0.505167824074074 0.1740451388888889 0.056770833333333215 0.07072916666666665
2 0.5685416666666667 0.1870138888888889 0.061423611111111144 0.06607638888888889
0 0.6123958333333334 0.20140046296296296 0.06136574074074073 0.05826388888888889
1 0.6679861111111111 0.2182175925925926 0.08027777777777771 0.08027777777777771
10 0.4098032407407407 0.5881597222222222 0.04572916666666664 0.05658564814814824
10 0.45276041666666667 0.5869155092592593 0.048865740740740723 0.0581712962962964
10 0.5028414351851852 0.5982233796296297 0.03947916666666664 0.0565393518518519
10 0.5481539351851852 0.5985590277777778 0.04414351851851848 0.053449074074073975
10 0.5950983796296296 0.60828125 0.036250000000000074 0.042453703703703737
10 0.6334259259259258 0.6148148148148149 0.047256944444444574 0.05190972222222214
10 0.6748958333333333 0.6237152777777778 0.04251157407407398 0.044062500000000074
10 0.7147222222222223 0.6216666666666667 0.05040509259259256 0.05505787037037031
12 0.38991898148148146 0.6458217592592593 0.050428240740740725 0.05818287037037031
12 0.7097222222222223 0.6849074074074074 0.059837962962962975 0.06293981481481481
9 0.4446875 0.6571643518518518 0.05364583333333321 0.07070601851851847
7 0.48923032407407413 0.659056712962963 0.05203703703703688 0.06444444444444439
7 0.6244618055555555 0.6702141203703704 0.05355324074074073 0.058206018518518476
11 0.5361805555555555 0.6695601851851852 0.0662268518518518 0.08173611111111115