8 0.34652777777777777 0.13642939814814817 0.16631944444444446 0.1894675925925926
10 0.4803530092592593 0.8219039351851851 0.1799189814814815 0.14230324074074083
10 0.8811631944444445 0.734548611111111 0.11684027777777786 0.12986111111111107
10 0.6656828703703704 0.5999710648148149 0.13333333333333322 0.12175925925925916
10 0.8680555555555556 0.6039641203703704 0.1043981481481481 0.10873842592592595
10 0.3056423611111111 0.5717303240740741 0.14027777777777778 0.13159722222222214
10 0.10775462962962963 0.432957175925926 0.15028935185185185 0.11990740740740743
10 0.4102141203703704 0.475 0.1362268518518519 0.11886574074074083
9 0.5605324074074074 0.3863715277777778 0.11168981481481488 0.12326388888888892
7 0.8280671296296296 0.4651041666666667 0.1234375 0.13501157407407405
7 0.6978877314814815 0.3454861111111111 0.11203703703703702 0.12795138888888885
12 0.5628182870370371 0.26006944444444446 0.11869212962962958 0.11290509259259256
12 0.2777777777777778 0.32222222222222224 0.13188657407407406 0.1232060185185185
9 0.11958912037037037 0.11412037037037037 0.12962962962962962 0.11371527777777776
11 0.34890046296296295 0.21044560185185185 0.14004629629629628 0.17042824074074076