10 0.9040219907407409 0.2570543981481482 0.15844907407407405 0.16386574074074076
10 0.6584780092592593 0.09923611111111111 0.08495370370370363 0.09623842592592594
10 0.46261574074074063 0.6364872685185186 0.07980324074074083 0.08974537037037038
10 0.5123263888888889 0.21949074074074076 0.08385416666666679 0.10240740740740736
10 0.5629050925925926 0.34131944444444445 0.09021990740740726 0.10429398148148153
12 0.2815393518518518 0.8788425925925927 0.09577546296296298 0.0952430555555555
10 0.6211516203703704 0.6031423611111111 0.09357638888888893 0.1075810185185185
10 0.4960648148148148 0.8836921296296296 0.09131944444444447 0.09812499999999993
11 0.11993634259259259 0.911244212962963 0.14704861111111112 0.11502314814814803
12 0.13156828703703702 0.7330381944444444 0.09004629629629628 0.08093749999999993
7 0.3505208333333333 0.3499131944444444 0.11290509259259256 0.11636574074074071
7 0.21961805555555552 0.5501678240740742 0.10839120370370373 0.0974537037037038
9 0.3050347222222222 0.6040046296296296 0.1114583333333334 0.11784722222222221