1 0.48211805555555554 0.6291203703703705 0.039583333333333214 0.10056712962962955
4 0.5257523148148148 0.6234027777777778 0.04085648148148149 0.09284722222222222
0 0.4456597222222222 0.6171875 0.030613425925925954 0.06885416666666658
0 0.564380787037037 0.609369212962963 0.033912037037037025 0.0737268518518519
2 0.4041956018518519 0.6180787037037037 0.02893518518518512 0.06563657407407408
2 0.6040798611111111 0.6031018518518518 0.03981481481481488 0.06472222222222221
5 0.3705439814814815 0.6185069444444444 0.028645833333333304 0.05782407407407408
5 0.647800925925926 0.5997280092592593 0.03634259259259256 0.055162037037036885
10 0.3136863425925926 0.39403356481481483 0.03339120370370372 0.059664351851851816
10 0.37285879629629626 0.3850462962962963 0.03344907407407405 0.06122685185185191
10 0.42042824074074076 0.3798784722222222 0.03165509259259256 0.05488425925925924
10 0.4727719907407407 0.37677662037037035 0.03321759259259256 0.0549768518518519
10 0.5779224537037038 0.36193287037037036 0.03321759259259256 0.0549768518518519
10 0.6272569444444445 0.3621412037037037 0.039583333333333214 0.05847222222222222
10 0.6763020833333334 0.354537037037037 0.03634259259259274 0.05516203703703706
12 0.6877604166666667 0.30453125000000003 0.05115740740740744 0.07630787037037035
12 0.3046585648148148 0.3405439814814815 0.04322916666666661 0.07271990740740737
9 0.6317997685185185 0.31567708333333333 0.0465856481481481 0.07915509259259261
9 0.3601273148148148 0.33725694444444443 0.04184027777777786 0.07731481481481488
7 0.5749710648148149 0.3245254629629629 0.04056712962962976 0.08503472222222222
7 0.4134837962962963 0.3403587962962963 0.04195601851851851 0.0804398148148148
8 0.515451388888889 0.34527777777777774 0.054166666666666786 0.11546296296296302
11 0.4614872685185185 0.34690972222222227 0.047800925925925955 0.11196759259259252
3 0.6488136574074075 0.5636516203703704 0.0315393518518519 0.05175925925925924
3 0.6088541666666666 0.5628877314814815 0.03142361111111107 0.04863425925925924
3 0.5619502314814815 0.5648842592592593 0.03634259259259256 0.05516203703703706
3 0.526099537037037 0.5693576388888889 0.029918981481481487 0.050104166666666575
3 0.48475115740740743 0.5733738425925926 0.026851851851851904 0.05148148148148159
3 0.44337384259259255 0.5766087962962964 0.02835648148148149 0.05001157407407408
3 0.40031828703703703 0.5768113425925926 0.031307870370370416 0.045509259259259235
3 0.3644675925925926 0.5812847222222223 0.026793981481481488 0.04991898148148159