10 0.83171875 0.928125 0.17151620370370396 0.14375
10 0.9599739583333333 0.66640625 0.08005208333333336 0.08125
10 0.3933564814814815 0.5046875 0.09303240740740737 0.0765625
10 0.8294849537037038 0.5234375 0.10569444444444472 0.0796875
10 0.7092881944444445 0.5859375 0.1075810185185185 0.0859375
12 0.1227662037037037 0.33359375 0.10017361111111112 0.09375
10 0.4439699074074074 0.6671875 0.1108680555555555 0.0890625
10 0.14142361111111112 0.5578125 0.10461805555555559 0.0890625
11 0.0918460648148148 0.17421875 0.08221064814814816 0.1390625
12 0.25714699074074077 0.16796875 0.08430555555555559 0.0890625
7 0.6767708333333333 0.365625 0.12285879629629619 0.109375
7 0.4556481481481482 0.24453125 0.10074074074074062 0.1046875
9 0.4097280092592593 0.33828125 0.1211342592592592 0.10625