10 0.6454629629629629 0.0038194444444444448 0.1503009259259258 0.0076388888888888895
10 0.48250578703703706 0.44333333333333336 0.0997800925925926 0.09281249999999996
10 0.8038483796296296 0.29473958333333333 0.11402777777777792 0.10562500000000004
10 0.3904282407407408 0.29454861111111114 0.11241898148148141 0.10246527777777778
10 0.14271990740740742 0.45479166666666676 0.11710648148148146 0.10256944444444435
7 0.7903645833333334 0.650625 0.10800925925925924 0.12111111111111121
12 0.6205902777777779 0.7434895833333334 0.08888888888888893 0.09569444444444457
9 0.11306712962962964 0.8798090277777778 0.07806712962962963 0.103263888888889
12 0.31893518518518515 0.6384375 0.10465277777777775 0.10541666666666671
7 0.9487268518518519 0.5032118055555556 0.10254629629629619 0.12899305555555554
9 0.6393229166666666 0.5836458333333333 0.10635416666666657 0.11482638888888878
8 0.35381944444444446 0.8830555555555556 0.10868055555555553 0.1664236111111112
11 0.3836226851851852 0.7847048611111112 0.14310185185185187 0.1703125