5 0.7981597222222222 0.3128761574074074 0.07570601851851855 0.07710648148148147
2 0.7794675925925926 0.3674131944444444 0.08379629629629619 0.0865393518518518
0 0.7649363425925926 0.43057291666666664 0.08375000000000003 0.0849768518518518
4 0.7557581018518519 0.48986689814814816 0.10466435185185183 0.10543981481481488
5 0.713275462962963 0.8222916666666666 0.0993287037037037 0.08353009259259281
2 0.732349537037037 0.7279224537037037 0.0978587962962962 0.08664351851851855
0 0.738744212962963 0.6537673611111111 0.09146990740740737 0.08190972222222222
1 0.7470659722222222 0.5655671296296296 0.11583333333333332 0.11333333333333329
3 0.4478761574074074 0.8015798611111112 0.0862268518518519 0.06312500000000014
3 0.5541782407407407 0.7250405092592592 0.08650462962962954 0.07250000000000015
3 0.5690972222222223 0.6486053240740741 0.07993055555555557 0.06151620370370381
3 0.5864988425925926 0.576875 0.07680555555555557 0.06149305555555564
3 0.5940914351851851 0.5167881944444443 0.07547453703703706 0.06929398148148139
3 0.6079340277777778 0.4567476851851852 0.06903935185185191 0.06299768518518505
3 0.6187905092592592 0.4013715277777778 0.06099537037037024 0.05512731481481481
3 0.5505844907407408 0.3664988425925926 0.06274305555555557 0.061388888888888896
10 0.49137152777777776 0.5824189814814815 0.0737268518518519 0.06303240740740748
10 0.3910821759259259 0.7300810185185185 0.08002314814814807 0.06464120370370381
10 0.29086805555555556 0.8011979166666666 0.08466435185185191 0.06311342592592588
10 0.32971643518518523 0.6624537037037037 0.0751504629629629 0.058356481481481384
10 0.36460648148148145 0.6010069444444445 0.07050925925925924 0.05988425925925931
10 0.380630787037037 0.5355150462962962 0.07060185185185182 0.0630092592592593
10 0.4643171296296297 0.4338136574074074 0.07216435185185191 0.06302083333333339
10 0.4695196759259259 0.37214699074074076 0.0769444444444444 0.06618055555555555
12 0.3052083333333333 0.3888946759259259 0.07547453703703706 0.06929398148148147
9 0.29111111111111115 0.4403414351851852 0.08177083333333339 0.07090277777777772
7 0.26913194444444444 0.48938657407407404 0.08815972222222221 0.07563657407407405
8 0.22527777777777777 0.5382696759259259 0.13439814814814816 0.10722222222222229
11 0.2145601851851852 0.5983333333333334 0.12460648148148153 0.09309027777777779
7 0.20620949074074074 0.6591956018518518 0.1020833333333333 0.07105324074074063
9 0.18299189814814815 0.7191666666666666 0.09753472222222222 0.07570601851851855
12 0.16554398148148147 0.7893344907407407 0.09744212962962964 0.07258101851851854