10 0.34921875 0.44765625 0.10625 0.0859375
10 0.59375 0.3375 0.08125 0.0625
10 0.40625 0.29921875 0.0671875 0.06015625
10 0.54296875 0.2640625 0.071875 0.0625
10 0.16171875 0.33984375 0.08359375 0.06796875
10 0.19765625 0.2671875 0.09453125 0.0640625
7 0.48828125 0.1890625 0.08828125 0.0859375
7 0.36015625 0.1359375 0.0765625 0.0796875
9 0.28046875 0.18671875 0.07421875 0.07421875
12 0.2421875 0.11015625 0.0765625 0.071875
12 0.06484375 0.196875 0.09296875 0.07421875
11 0.07890625 0.1109375 0.09296875 0.10390625
8 0.053125 0.0609375 0.10625 0.12109375