8 0.3514756944444445 0.18666087962962963 0.13912037037037042 0.18015046296296297
10 0.553587962962963 0.8300347222222222 0.16377314814814808 0.1305555555555557
10 0.26059027777777777 0.7263020833333333 0.15532407407407406 0.1127893518518519
10 0.585011574074074 0.6337094907407408 0.14293981481481488 0.11498842592592595
10 0.923148148148148 0.6967013888888889 0.06655092592592596 0.11400462962962976
10 0.04959490740740741 0.46296296296296297 0.09918981481481481 0.13969907407407406
12 0.37769097222222225 0.46753472222222214 0.14195601851851852 0.13049768518518512
12 0.653125 0.2671585648148148 0.11180555555555553 0.11579861111111107
9 0.09273726851851852 0.25179398148148147 0.16996527777777776 0.1294560185185185
9 0.7177372685185185 0.43689236111111107 0.128587962962963 0.1482060185185185
7 0.83671875 0.3166666666666667 0.1221643518518519 0.14305555555555555
11 0.4049189814814815 0.3003472222222222 0.12743055555555555 0.15902777777777785