10 0.7535879629629629 0.30697916666666664 0.05648148148148149 0.04570601851851848
10 0.7505497685185185 0.36083333333333334 0.05625 0.042581018518518476
10 0.7581597222222223 0.43194444444444446 0.053125 0.04255787037037031
10 0.7519675925925926 0.4959259259259259 0.05746527777777786 0.03790509259259274
10 0.7591724537037037 0.5615682870370371 0.054456018518518515 0.039444444444444574
10 0.7663773148148147 0.6272106481481481 0.05625 0.042581018518518476
10 0.7684895833333333 0.687349537037037 0.054456018518518515 0.039444444444444574
10 0.7683159722222223 0.7482523148148148 0.06597222222222232 0.04733796296296298
12 0.8613136574074074 0.780954861111111 0.0862268518518519 0.0677893518518518
12 0.8360532407407408 0.3029050925925926 0.06712962962962976 0.06296296296296297
9 0.8402488425925927 0.37008680555555556 0.07181712962962976 0.06299768518518523
9 0.85 0.7020081018518518 0.07170138888888893 0.061435185185185225
7 0.8417824074074073 0.6332349537037036 0.06209490740740762 0.058240740740740725
7 0.8405381944444444 0.4372395833333333 0.06799768518518512 0.05359953703703706
11 0.838917824074074 0.4996932870370371 0.07615740740740762 0.05834490740740748
8 0.8461805555555555 0.5661168981481481 0.06822916666666679 0.05672453703703688
3 0.3672164351851852 0.2877199074074074 0.06944444444444446 0.05204861111111114
3 0.36921296296296297 0.34629629629629627 0.07100694444444447 0.05206018518518522
3 0.3712673611111111 0.40565393518518517 0.06921296296296298 0.04892361111111114
3 0.37236689814814816 0.462662037037037 0.06574074074074074 0.044212962962962975
3 0.3794849537037037 0.5165914351851851 0.07366898148148149 0.04583333333333321
3 0.38052662037037044 0.572818287037037 0.07008101851851851 0.039560185185185046
3 0.3830150462962963 0.6274942129629629 0.07054398148148149 0.04581018518518505
3 0.38399884259259254 0.6829398148148148 0.06608796296296297 0.04890046296296298
5 0.3109953703703704 0.6777141203703703 0.07748842592592595 0.05523148148148138
5 0.2964409722222222 0.28094907407407405 0.0807291666666666 0.056817129629629634
2 0.2955439814814815 0.3426273148148148 0.08530092592592595 0.0552893518518518
2 0.31053240740740745 0.6292997685185184 0.09380787037037042 0.06472222222222221
0 0.31070601851851853 0.5683969907407407 0.08819444444444446 0.05218749999999996
0 0.2937789351851852 0.3925868055555556 0.08940972222222214 0.047511574074074046
1 0.28130787037037036 0.4455902777777778 0.12158564814814818 0.060243055555555716
4 0.2892939814814815 0.5112384259259259 0.11174768518518521 0.053923611111111214