3 0.57265625 0.3078125 0.06640625 0.04765625
3 0.56640625 0.36953125 0.06484375 0.03359375
3 0.5671875 0.43984375 0.05703125 0.04609375
3 0.56953125 0.49609375 0.06640625 0.0390625
3 0.565625 0.5578125 0.0671875 0.04140625
3 0.57265625 0.61640625 0.071875 0.04375
3 0.5734375 0.6859375 0.0578125 0.04453125
3 0.57890625 0.74375 0.071875 0.04375
5 0.66640625 0.753125 0.06484375 0.0546875
5 0.65546875 0.29296875 0.059375 0.04765625
2 0.65390625 0.36328125 0.06953125 0.0546875
2 0.653125 0.69140625 0.05546875 0.05
0 0.65546875 0.42890625 0.06796875 0.03984375
0 0.6578125 0.62265625 0.071875 0.03984375
4 0.6546875 0.4890625 0.0890625 0.03984375
1 0.6515625 0.56015625 0.08125 0.0515625
10 0.22421875 0.72578125 0.05546875 0.03671875
10 0.22265625 0.66171875 0.07421875 0.0375
10 0.215625 0.60859375 0.0609375 0.0328125
10 0.22265625 0.55390625 0.0671875 0.03359375
10 0.21875 0.49765625 0.06875 0.028125
10 0.2109375 0.440625 0.06328125 0.03359375
10 0.21171875 0.3890625 0.05625 0.03828125
10 0.209375 0.33203125 0.059375 0.03984375
12 0.14375 0.33125 0.0703125 0.04140625
12 0.15546875 0.71640625 0.08125 0.05
9 0.14375 0.65859375 0.08125 0.034375
9 0.14140625 0.38984375 0.0796875 0.0359375
7 0.1375 0.44453125 0.0828125 0.03828125
7 0.14375 0.60625 0.08671875 0.0359375
8 0.121875 0.50234375 0.12890625 0.04140625
11 0.13125 0.55859375 0.1171875 0.04375