10 0.7975983796296295 0.3403703703703703 0.04890046296296298 0.05746527777777786
10 0.7835069444444445 0.38085069444444447 0.04253472222222214 0.05396990740740737
10 0.7662326388888889 0.4195833333333333 0.04571759259259274 0.05571759259259253
11 0.778443287037037 0.5387962962962962 0.08327546296296298 0.10159722222222207
8 0.8069444444444445 0.48747685185185186 0.09461805555555536 0.11318287037037038
7 0.8150752314814815 0.4544386574074074 0.07152777777777786 0.07907407407407412
7 0.7527488425925926 0.6027546296296296 0.0747106481481481 0.08082175925925927
9 0.8317418981481481 0.42034722222222226 0.06469907407407405 0.0630787037037038
12 0.8519386574074073 0.3763310185185185 0.052430555555555716 0.06858796296296302
4 0.47644675925925933 0.13035300925925924 0.048553240740740834 0.1322800925925926
0 0.5105324074074075 0.12457754629629629 0.04618055555555554 0.1103125
2 0.5359664351851852 0.09568287037037036 0.039004629629629764 0.08494212962962962
5 0.5592881944444444 0.07289930555555554 0.03530092592592595 0.06913194444444444
5 0.31779513888888894 0.3088194444444444 0.05040509259259256 0.09809027777777776
2 0.36244212962962963 0.2514409722222222 0.04259259259259256 0.09762731481481479
0 0.40031828703703703 0.221724537037037 0.04606481481481488 0.10718750000000003
1 0.44320023148148147 0.15878472222222223 0.06325231481481489 0.15030092592592595
3 0.371412037037037 0.36734374999999997 0.038541666666666606 0.07244212962962963
3 0.4111689814814815 0.3252662037037037 0.046238425925925954 0.06978009259259262
3 0.44988425925925923 0.2761111111111111 0.03831018518518512 0.06619212962962964
3 0.48223379629629626 0.24450810185185184 0.03686342592592595 0.06922453703703706
3 0.512991898148148 0.21203124999999998 0.028993055555555713 0.06719907407407408
3 0.5430844907407407 0.18263310185185186 0.03396990740740744 0.07528935185185186
3 0.571585648148148 0.1523611111111111 0.029050925925925952 0.06876157407407409
3 0.5948206018518519 0.1272337962962963 0.03385416666666678 0.07216435185185185
12 0.6935474537037037 0.7302083333333333 0.06070601851851851 0.0815509259259258
9 0.7268807870370371 0.6620254629629629 0.06539351851851852 0.0818287037037038
10 0.6382233796296296 0.6676851851851853 0.05526620370370381 0.06096064814814817
10 0.6611689814814815 0.6136979166666666 0.047511574074074046 0.06206018518518519
10 0.6927083333333334 0.5602199074074073 0.05219907407407405 0.06233796296296283
10 0.7147858796296296 0.5038425925925927 0.04612268518518512 0.06665509259259253
10 0.7387731481481481 0.4569328703703704 0.04606481481481488 0.06509259259259252