8 0.9216753472222223 0.71203125 0.15664930555555542 0.16318287037037038
10 0.25145833333333334 0.5317592592592593 0.14208333333333334 0.17741898148148144
10 0.3314236111111112 0.11905092592592592 0.14104166666666665 0.1539814814814815
10 0.4725520833333333 0.36276041666666664 0.12125000000000004 0.1299884259259259
10 0.46668402777777784 0.16050925925925924 0.10756944444444443 0.10305555555555554
10 0.5017708333333333 0.7217476851851853 0.13090277777777787 0.13651620370370382
10 0.6428298611111111 0.9272309027777779 0.11895833333333332 0.14553819444444435
10 0.5988888888888889 0.6247569444444444 0.11826388888888886 0.1330208333333333
9 0.6861111111111111 0.4806597222222223 0.12190972222222207 0.10972222222222214
7 0.6061631944444444 0.20911458333333335 0.13333333333333322 0.1209837962962963
7 0.7270138888888888 0.3476736111111111 0.12659722222222225 0.10986111111111115
12 0.8127777777777776 0.48675347222222226 0.11288194444444458 0.1172569444444445
12 0.7519097222222222 0.7673900462962964 0.12274305555555554 0.12847222222222215
9 0.952873263888889 0.9122627314814814 0.094253472222222 0.07309027777777785
11 0.8637326388888888 0.702824074074074 0.16989583333333336 0.13611111111111107