3 0.9246469907407407 0.7057465277777778 0.06444444444444457 0.03559027777777786
3 0.8972337962962964 0.7559548611111111 0.05663194444444457 0.035243055555555534
3 0.8608854166666667 0.7605729166666666 0.0661921296296299 0.03878472222222236
3 0.8224652777777777 0.7565277777777778 0.06315972222222221 0.04020833333333336
3 0.7819791666666667 0.7570659722222223 0.07124999999999986 0.0452430555555555
3 0.7314756944444445 0.7594965277777778 0.06656250000000004 0.04503472222222218
3 0.6791319444444445 0.7571701388888888 0.07143518518518518 0.0483680555555555
10 0.9275636574074074 0.6497743055555556 0.06297453703703688 0.03708333333333336
10 0.887216435185185 0.65265625 0.059849537037037236 0.036944444444444356
10 0.8163773148148149 0.6011979166666667 0.06600694444444458 0.035659722222222356
10 0.76734375 0.6021354166666667 0.0659143518518519 0.03409722222222218
5 0.9382696759259259 0.8567361111111111 0.06628472222222222 0.040347222222222
2 0.911892361111111 0.8586805555555556 0.08246527777777786 0.050416666666666644
0 0.8744386574074074 0.8577951388888888 0.09027777777777786 0.05076388888888914
4 0.8513773148148147 0.87625 0.1255787037037038 0.06791666666666671
1 0.809837962962963 0.8853124999999998 0.14957175925925908 0.07833333333333314
0 0.7394328703703703 0.8806249999999999 0.09689814814814816 0.05729166666666643
2 0.6898032407407407 0.8846527777777776 0.08770833333333332 0.060000000000000143
12 0.9359664351851851 0.52859375 0.06141203703703724 0.03701388888888886
9 0.8983738425925925 0.5253645833333334 0.07381944444444458 0.0360069444444445
7 0.8677199074074075 0.5208854166666667 0.08641203703703723 0.038124999999999964
8 0.8466666666666667 0.5074826388888889 0.12787037037037016 0.05399305555555554
11 0.7945486111111111 0.4958159722222222 0.12180555555555568 0.05684027777777771
7 0.7354456018518519 0.4846180555555556 0.09809027777777786 0.05111111111111111
9 0.6840162037037036 0.4714236111111111 0.08752314814814817 0.05687499999999997
12 0.6225231481481481 0.45934027777777775 0.08421296296296302 0.053611111111111144
5 0.6197685185185186 0.8862152777777776 0.08798611111111114 0.06468750000000015
10 0.6120949074074075 0.5726388888888889 0.07437499999999986 0.0453819444444445
10 0.6713599537037037 0.6391666666666667 0.06931712962962955 0.03892361111111118
10 0.7796990740740741 0.6922916666666666 0.06940972222222222 0.04048611111111118
10 0.7208738425925926 0.5805902777777778 0.06775462962962955 0.038854166666666676
3 0.6168344907407407 0.6920659722222222 0.08090277777777785 0.05034722222222214