8 0.06405092592592591 0.741388888888889 0.12282407407407407 0.13083333333333336
11 0.11098379629629629 0.7346180555555556 0.11810185185185187 0.12604166666666677
10 0.48309606481481476 0.6053645833333333 0.11504629629629619 0.13534722222222229
10 0.33824652777777775 0.2231770833333333 0.09785879629629637 0.13496527777777773
10 0.3084837962962963 0.44364583333333335 0.0961342592592593 0.11305555555555546
10 0.3592708333333333 0.7604513888888889 0.09135416666666671 0.10045138888888908
10 0.3150289351851852 0.9313715277777778 0.08837962962962961 0.12069444444444458
10 0.2114872685185185 0.9825173611111111 0.06903935185185191 0.03496527777777771
10 0.27392361111111113 0.6788541666666668 0.08206018518518512 0.11118055555555557
10 0.2558564814814815 0.2697916666666667 0.08187499999999996 0.08618055555555557
12 0.2035763888888889 0.7874652777777779 0.08353009259259254 0.09871527777777782
12 0.0991724537037037 0.5358854166666667 0.08032407407407408 0.0877083333333335
9 0.11427662037037037 0.9230034722222221 0.08204861111111113 0.10961805555555557
9 0.18040509259259258 0.5400347222222222 0.09287037037037038 0.09423611111111115
7 0.16498842592592594 0.3005902777777778 0.10530092592592592 0.08513888888888896
7 0.12428240740740741 0.41611111111111115 0.11628472222222222 0.09163194444444436