3 0.321875 0.8263599537037039 0.04375 0.054745370370370236
3 0.35546875 0.7774594907407406 0.0375 0.04670138888888893
3 0.38671875 0.7356770833333333 0.0421875 0.05
3 0.4203125 0.6836516203703703 0.0421875 0.0421875
3 0.45390625 0.6386574074074074 0.0390625 0.04050925925925917
3 0.49296875 0.5864293981481481 0.0375 0.04357638888888893
3 0.525 0.5305555555555556 0.040625 0.04369212962962958
3 0.5625 0.4807291666666667 0.0421875 0.0421875
5 0.59375 0.5178530092592593 0.0515625 0.05347222222222214
5 0.34609375 0.8864004629629629 0.0546875 0.059837962962962975
2 0.371875 0.8409143518518519 0.05625 0.06927083333333357
2 0.55625 0.5840856481481481 0.046875 0.04236111111111107
0 0.5203125 0.6268229166666666 0.05 0.051851851851851906
0 0.40546875 0.784982638888889 0.0546875 0.05827546296296297
4 0.43828125 0.740017361111111 0.0703125 0.060416666666666785
1 0.47734375 0.6831018518518519 0.0765625 0.0668981481481481
10 0.415625 0.2939814814814815 0.0484375 0.04554398148148149
10 0.39296875 0.33700810185185187 0.0421875 0.0390625
10 0.359375 0.3866898148148148 0.04375 0.043807870370370414
10 0.32890625 0.437818287037037 0.040625 0.042129629629629586
10 0.29765625 0.48506944444444444 0.0453125 0.03761574074074083
10 0.2640625 0.5269386574074074 0.0375 0.032638888888888926
10 0.2359375 0.572511574074074 0.040625 0.03275462962962976
10 0.21171875 0.6155960648148149 0.0390625 0.04050925925925917
12 0.178125 0.5848090277777778 0.0484375 0.04085648148148149
12 0.39375 0.2572916666666667 0.05 0.051851851851851906
9 0.36015625 0.30384837962962963 0.0546875 0.05046296296296297
9 0.2125 0.5358796296296295 0.05625 0.04427083333333322
7 0.2390625 0.4927083333333333 0.0546875 0.04108796296296298
7 0.328125 0.3511284722222222 0.059375 0.05219907407407405
8 0.25703125 0.44048032407407406 0.08125 0.05613425925925917
11 0.29296875 0.3953993055555555 0.071875 0.057349537037037025