10 0.6682407407407407 0.7482060185185185 0.04331018518518519 0.046516203703703775
10 0.6546643518518518 0.7033506944444444 0.05728009259259252 0.045370370370370415
10 0.6465972222222222 0.6461805555555555 0.05222222222222221 0.038981481481481596
10 0.6317766203703703 0.5934895833333333 0.05728009259259252 0.04537037037037024
10 0.6271122685185185 0.5410995370370371 0.058379629629629545 0.03760416666666657
10 0.6193229166666667 0.4886168981481481 0.04450231481481488 0.04031249999999993
10 0.6109837962962963 0.44001736111111106 0.04587962962962955 0.037233796296296265
10 0.5980497685185184 0.39284143518518516 0.04606481481481488 0.04035879629629626
12 0.7346469907407407 0.750173611111111 0.04671296296296283 0.051296296296296263
12 0.6692708333333334 0.370775462962963 0.06546296296296283 0.051851851851851906
9 0.7237326388888888 0.6975983796296296 0.051307870370370344 0.04987268518518526
9 0.6706770833333333 0.4339872685185185 0.05755787037037034 0.05005787037037024
7 0.7127719907407407 0.6442418981481481 0.05240740740740755 0.04210648148148159
7 0.6807175925925926 0.4849768518518519 0.05543981481481488 0.04063657407407408
11 0.7034201388888889 0.5917129629629629 0.0608680555555555 0.053275462962962906
8 0.6965509259259258 0.5415972222222222 0.05543981481481488 0.04063657407407408
3 0.34688078703703706 0.7605208333333333 0.06021990740740737 0.042337962962962904
3 0.33716435185185184 0.7150000000000001 0.05396990740740737 0.04215277777777793
3 0.32565393518518515 0.6655266203703704 0.05203703703703706 0.03585648148148142
3 0.3157060185185185 0.616099537037037 0.05341435185185191 0.03277777777777775
3 0.31136574074074075 0.5691782407407407 0.06104166666666666 0.02988425925925924
3 0.30155671296296294 0.5220949074074074 0.056817129629629634 0.037557870370370415
3 0.2957928240740741 0.4774710648148147 0.051851851851851906 0.0327314814814816
3 0.2892013888888889 0.43204282407407407 0.05222222222222221 0.038981481481481416
5 0.2850289351851852 0.7696064814814815 0.062152777777777765 0.04863425925925924
5 0.22086805555555555 0.437037037037037 0.06021990740740737 0.042337962962962904
2 0.2687384259259259 0.7184317129629629 0.07318287037037034 0.05052083333333339
2 0.22722800925925926 0.47855902777777776 0.08108796296296301 0.05231481481481488
0 0.2614583333333333 0.6745428240740741 0.07253472222222221 0.039583333333333394
0 0.24094328703703702 0.5257581018518518 0.07456018518518519 0.04744212962962955
1 0.24016203703703703 0.6310185185185185 0.09855324074074075 0.057511574074074014
4 0.23692129629629627 0.5763310185185185 0.09027777777777776 0.04946759259259252