12 0.29971064814814813 0.3080555555555556 0.06313657407407405 0.10464120370370367
11 0.5289351851851852 0.32969907407407406 0.05978009259259256 0.14033564814814808
8 0.6030381944444445 0.32897569444444447 0.06464120370370381 0.14526620370370374
7 0.45381944444444444 0.31565972222222227 0.05723379629629619 0.11369212962962968
7 0.6837384259259259 0.31855324074074076 0.05717592592592595 0.11212962962962969
9 0.7627604166666666 0.31133680555555554 0.07262731481481488 0.10825231481481482
9 0.3783275462962963 0.31177662037037035 0.06938657407407404 0.10496527777777782
12 0.8515914351851851 0.29191550925925924 0.07563657407407405 0.1052893518518518
10 0.3060763888888889 0.47303240740740743 0.0515625 0.08688657407407412
10 0.37800925925925927 0.5519560185185185 0.04803240740740744 0.07578703703703696
10 0.4468171296296296 0.46261574074074074 0.04641203703703702 0.07414351851851855
10 0.5108217592592592 0.4819097222222222 0.04814814814814809 0.07891203703703695
10 0.5877893518518519 0.46700231481481486 0.0465856481481481 0.07883101851851855
10 0.6983796296296296 0.5337847222222223 0.052719907407407264 0.07603009259259252
10 0.7767650462962964 0.5227025462962963 0.05613425925925917 0.08400462962962969
10 0.5142361111111111 0.6002546296296296 0.04959490740740726 0.07586805555555554
3 0.32109375 0.6149479166666667 0.04982638888888893 0.08211805555555554
3 0.38761574074074073 0.6715393518518519 0.04670138888888893 0.08195601851851855
3 0.44288194444444445 0.6741319444444445 0.04803240740740744 0.07578703703703696
3 0.5060474537037036 0.6739756944444444 0.03848379629629619 0.07061342592592582
3 0.5614872685185185 0.671880787037037 0.036979166666666605 0.0720949074074074
3 0.6152777777777778 0.6722106481481481 0.04322916666666661 0.07241898148148156
3 0.6809895833333334 0.6664641203703704 0.04033564814814809 0.07850694444444457
3 0.7486689814814815 0.6075925925925926 0.04982638888888893 0.08211805555555554
5 0.70625 0.7844560185185185 0.05 0.08680555555555554
5 0.3259548611111111 0.778443287037037 0.04832175925925926 0.08359953703703696
2 0.38501157407407405 0.7839583333333333 0.050289351851851904 0.09461805555555536
2 0.6578993055555555 0.7846238425925927 0.05046296296296297 0.09930555555555554
0 0.4339409722222222 0.7892187500000001 0.04438657407407405 0.10366898148148138
0 0.6026331018518519 0.78203125 0.047511574074074046 0.10383101851851854
4 0.5480613425925925 0.8027951388888889 0.05353009259259274 0.1400115740740741
1 0.4861979166666667 0.8099016203703704 0.050868055555555534 0.15234953703703696