12 0.22652777777777774 0.8132638888888888 0.05270833333333336 0.06167824074074062
12 0.6382291666666667 0.8725231481481484 0.0468055555555555 0.06939814814814796
9 0.2892881944444444 0.825920138888889 0.05298611111111109 0.06792824074074062
9 0.5774305555555556 0.8684953703703704 0.042048611111111 0.06776620370370381
7 0.34447916666666667 0.832991898148148 0.05121527777777777 0.06321759259259281
7 0.5201388888888889 0.8559201388888888 0.044965277777777854 0.06312500000000014
11 0.39640624999999996 0.8431423611111111 0.0563194444444445 0.07266203703703696
8 0.4538368055555555 0.8525925925925926 0.04750000000000014 0.08502314814814796
10 0.6432638888888889 0.7944212962962963 0.05079861111111121 0.053842592592592456
10 0.5873958333333333 0.784994212962963 0.03802083333333339 0.047407407407407474
10 0.5307118055555555 0.7763368055555555 0.039722222222222214 0.050555555555555465
10 0.4733854166666667 0.764542824074074 0.038576388888888855 0.05990740740740748
10 0.41748263888888887 0.7558969907407407 0.04135416666666671 0.05214120370370381
10 0.35668402777777775 0.7518692129629629 0.041423611111111126 0.05370370370370381
10 0.30625 0.7433043981481482 0.04454861111111112 0.053749999999999964
10 0.23727430555555556 0.7297743055555556 0.041284722222222216 0.050578703703703806
5 0.7116145833333334 0.32950231481481485 0.051145833333333356 0.06165509259259263
5 0.3128472222222222 0.2782523148148148 0.059375 0.07114583333333328
2 0.6485069444444445 0.3246585648148148 0.05583333333333336 0.06172453703703704
2 0.3632465277777778 0.28759837962962964 0.059513888888888825 0.07427083333333329
0 0.5958333333333334 0.31371527777777775 0.047812499999999855 0.056921296296296296
0 0.4253993055555556 0.2963368055555556 0.057673611111111 0.06799768518518512
4 0.5430902777777777 0.3043344907407407 0.0563194444444445 0.07266203703703704
1 0.47913194444444446 0.30104166666666665 0.07114583333333328 0.09005787037037036
3 0.69734375 0.40434027777777776 0.04170138888888886 0.05995370370370381
3 0.6385763888888889 0.40737847222222223 0.04888888888888889 0.04600694444444446
3 0.5723784722222222 0.401707175925926 0.04440972222222221 0.05062499999999996
3 0.5241840277777777 0.3955208333333333 0.04454861111111121 0.053749999999999964
3 0.47045138888888893 0.3908159722222222 0.03774305555555557 0.041157407407407476
3 0.41166666666666674 0.37665509259259256 0.039583333333333214 0.04743055555555564
3 0.3526736111111111 0.367181712962963 0.0458333333333333 0.047523148148148134
3 0.30210069444444443 0.36174189814814817 0.044756944444444446 0.05843749999999996