5 0.5263773148148149 0.7468171296296295 0.1127893518518519 0.16012731481481488
0 0.4462731481481482 0.7568287037037036 0.12070601851851848 0.13234953703703703
5 0.3867418981481482 0.27294560185185185 0.12943287037037035 0.12019675925925925
2 0.604056712962963 0.7353298611111112 0.1363888888888889 0.16412037037037042
2 0.48964699074074075 0.44603587962962965 0.12809027777777776 0.1544560185185185
3 0.4149363425925926 0.499681712962963 0.09325231481481477 0.11417824074074083
3 0.43157407407407405 0.09594907407407408 0.1220254629629629 0.1277199074074074
3 0.5413136574074074 0.31027199074074074 0.11378472222222218 0.14924768518518522
3 0.6623958333333333 0.5320023148148147 0.1402430555555556 0.17829861111111106
3 0.5542708333333334 0.9375578703703702 0.0951620370370371 0.09085648148148166
4 0.7638599537037037 0.8131655092592591 0.21126157407407414 0.22459490740740762
1 0.6934548611111111 0.19505208333333332 0.2539351851851851 0.23553240740740738