3 0.41545138888888894 0.7116203703703704 0.027777777777777856 0.034189814814814846
3 0.44782986111111106 0.7016030092592593 0.027835648148148096 0.03575231481481485
3 0.49198495370370365 0.693755787037037 0.030902777777777855 0.034351851851851835
3 0.5275752314814814 0.6862442129629629 0.03252314814814809 0.03599537037037024
3 0.5677662037037037 0.6766319444444445 0.031076388888888928 0.03903935185185183
3 0.6134837962962963 0.6688657407407408 0.030960648148148095 0.035914351851851836
3 0.658275462962963 0.6571527777777778 0.03084490740740744 0.03278935185185183
3 0.6978009259259259 0.650625 0.04039351851851851 0.037962962962962976
5 0.4395833333333334 0.7315856481481482 0.02795138888888893 0.038877314814814844
5 0.7283854166666667 0.6763831018518518 0.0390625 0.04413194444444457
2 0.4798900462962963 0.7250983796296296 0.035995370370370414 0.0455324074074074
2 0.6873553240740741 0.684392361111111 0.042303240740740836 0.04741898148148138
0 0.5171585648148149 0.7207928240740741 0.03611111111111107 0.048657407407407406
0 0.6394386574074075 0.6959432870370371 0.04241898148148149 0.050543981481481384
4 0.556886574074074 0.7197337962962963 0.046238425925925954 0.06945601851851854
1 0.6027199074074074 0.7150925925925926 0.05902777777777786 0.07791666666666668
12 0.2061053240740741 0.5962789351851852 0.03917824074074074 0.047256944444444574
12 0.540306712962963 0.5036631944444444 0.04884259259259256 0.05555555555555554
9 0.25014467592592593 0.5853067129629629 0.039293981481481485 0.05038194444444457
9 0.4832465277777779 0.5209780092592593 0.04565972222222214 0.05383101851851855
7 0.2942997685185185 0.5774594907407408 0.044212962962962975 0.05687499999999997
7 0.43237847222222225 0.5370543981481481 0.050694444444444466 0.06344907407407412
8 0.34175347222222224 0.5744618055555556 0.049942129629629586 0.08524305555555553
11 0.39024884259259257 0.5574826388888889 0.05584490740740744 0.07619212962962969
10 0.5787037037037037 0.5298263888888889 0.045370370370370415 0.04601851851851855
10 0.5153067129629629 0.5444733796296296 0.040625 0.044212962962962975
10 0.4689814814814815 0.556886574074074 0.03425925925925917 0.040763888888889
10 0.42352430555555554 0.5716840277777777 0.03431712962962976 0.042326388888889
10 0.3747685185185185 0.5816319444444444 0.03269675925925926 0.04068287037037024
10 0.3275752314814815 0.5916608796296297 0.02482638888888893 0.038715277777777855
10 0.2890625 0.6044791666666667 0.03587962962962958 0.04240740740740741
10 0.24748263888888888 0.6186979166666667 0.032349537037037024 0.031307870370370236