5 0.4308796296296296 0.1522685185185185 0.0708217592592593 0.06927083333333331
2 0.47043402777777776 0.19103587962962962 0.08181712962962955 0.07716435185185185
0 0.5185879629629631 0.22895833333333332 0.08025462962962955 0.0771527777777778
4 0.5660069444444444 0.2606365740740741 0.09913194444444429 0.09447916666666671
5 0.8342418981481481 0.4336400462962963 0.07724537037037038 0.09275462962962955
2 0.7604398148148148 0.37793981481481487 0.08034722222222221 0.08965277777777772
0 0.6989872685185186 0.3424594907407407 0.07561342592592588 0.08336805555555556
1 0.6266493055555555 0.3000289351851852 0.10701388888888878 0.10391203703703696
3 0.7130613425925926 0.657181712962963 0.05840277777777771 0.08011574074074072
3 0.6882002314814815 0.5331539351851852 0.0662037037037038 0.07861111111111115
3 0.6299421296296297 0.488275462962963 0.05679398148148138 0.07385416666666664
3 0.5747974537037036 0.44493634259259257 0.056770833333333215 0.07072916666666665
3 0.5258159722222222 0.4132696759259259 0.06613425925925931 0.06923611111111114
3 0.4807754629629629 0.37688657407407405 0.059826388888888894 0.06137731481481481
3 0.4372627314814815 0.34517939814814813 0.051979166666666646 0.056631944444444395
3 0.38067708333333333 0.39090856481481484 0.058229166666666644 0.056678240740740723
10 0.5429166666666667 0.530324074074074 0.05831018518518505 0.06761574074074073
10 0.6301041666666667 0.6773263888888889 0.058356481481481384 0.07386574074074073
10 0.6518923611111112 0.7943460648148148 0.058379629629629545 0.07699074074074055
10 0.5478761574074074 0.7044965277777777 0.05363425925925931 0.06914351851851848
10 0.5092303240740741 0.6485358796296297 0.05516203703703706 0.06446759259259256
10 0.45953125000000006 0.60828125 0.05672453703703688 0.06447916666666664
10 0.40491319444444446 0.49384837962962963 0.05829861111111114 0.06605324074074073
10 0.3543576388888889 0.46375578703703707 0.0614583333333333 0.07076388888888889
12 0.3048032407407407 0.6148958333333333 0.06457175925925931 0.06922453703703688
9 0.3436226851851852 0.6474189814814815 0.06461805555555555 0.07547453703703706
7 0.37692129629629634 0.6870138888888888 0.0709143518518518 0.08177083333333321
8 0.40148726851851857 0.7454224537037037 0.09935185185185187 0.12416666666666672
11 0.4488888888888889 0.7794444444444444 0.08521990740740737 0.11468750000000014
7 0.49787037037037035 0.8111111111111111 0.06474537037037038 0.09266203703703724
9 0.5397164351851852 0.856892361111111 0.06940972222222222 0.08957175925925895
12 0.5948668981481482 0.8994502314814815 0.06472222222222221 0.08953703703703689