1 0.6175173611111111 0.4654166666666667 0.10250000000000004 0.04885416666666664
4 0.6027372685185185 0.4259375 0.09303240740740755 0.046666666666666676
0 0.61203125 0.50546875 0.0706018518518519 0.035833333333333425
0 0.5828067129629629 0.39458333333333334 0.07391203703703705 0.03916666666666666
2 0.6198726851851852 0.5438541666666666 0.06582175925925923 0.033958333333333354
2 0.5694502314814816 0.35734374999999996 0.06646990740740737 0.04489583333333336
5 0.6272569444444445 0.5768229166666666 0.05957175925925924 0.03354166666666671
5 0.5585300925925927 0.31838541666666664 0.05681712962962955 0.039583333333333394
10 0.41585648148148147 0.70375 0.05984953703703706 0.03822916666666672
10 0.3973148148148148 0.6489583333333334 0.06141203703703706 0.03833333333333329
10 0.3835474537037037 0.6055208333333333 0.05497685185185182 0.034791666666666644
10 0.3716666666666667 0.5565104166666667 0.05506944444444439 0.036354166666666646
10 0.33770254629629626 0.4599479166666667 0.05506944444444439 0.036354166666666646
10 0.328761574074074 0.4138541666666667 0.06021990740740737 0.044479166666666715
10 0.31352430555555555 0.36895833333333333 0.056817129629629634 0.039583333333333394
12 0.262650462962963 0.37390625 0.0780555555555555 0.05656249999999998
12 0.3653414351851852 0.72890625 0.07446759259259261 0.04854166666666657
9 0.2830324074074074 0.42390624999999993 0.08090277777777777 0.05208333333333322
9 0.35208333333333336 0.676875 0.07915509259259261 0.04885416666666664
7 0.30180555555555555 0.47479166666666667 0.08531250000000004 0.04770833333333328
7 0.34581018518518525 0.6251562500000001 0.08218750000000004 0.04750000000000014
8 0.3322511574074074 0.5256770833333333 0.11739583333333332 0.06385416666666668
11 0.3432118055555556 0.5770833333333334 0.11233796296296301 0.05729166666666678
3 0.5229108796296297 0.3285416666666666 0.051851851851851906 0.03458333333333332
3 0.5299710648148148 0.3669791666666667 0.04881944444444457 0.0359375
3 0.5406134259259259 0.410625 0.05681712962962955 0.039583333333333394
3 0.5502951388888888 0.44421875 0.05175925925925924 0.03302083333333332
3 0.562042824074074 0.48234375000000007 0.053136574074074086 0.030000000000000072
3 0.5722280092592593 0.5205729166666667 0.05166666666666657 0.031458333333333324
3 0.5799305555555556 0.5613020833333333 0.04560185185185191 0.03416666666666668
3 0.5912210648148148 0.5940104166666667 0.051574074074074085 0.029895833333333323