5 0.770457175925926 0.7363020833333334 0.08710648148148152 0.09593750000000015
3 0.5672511574074074 0.9010069444444444 0.10572916666666679 0.14513888888888857
3 0.6694212962962963 0.9434027777777778 0.09679398148148141 0.05423611111111128
3 0.7122511574074075 0.514375 0.0968055555555555 0.1072916666666666
3 0.5411516203703703 0.07295138888888889 0.0928587962962963 0.13208333333333333
3 0.4621122685185185 0.20397569444444447 0.0964467592592591 0.14784722222222219
3 0.42453703703703705 0.38791666666666663 0.10563657407407412 0.14201388888888894
5 0.6086342592592592 0.3703472222222222 0.09607638888888878 0.1353472222222222
2 0.6861226851851852 0.715017361111111 0.10962962962962966 0.11878472222222207
0 0.665167824074074 0.19260416666666666 0.10862268518518511 0.13746527777777778
2 0.5662962962962963 0.5255555555555556 0.13031249999999997 0.13218750000000004
4 0.46765625 0.7607118055555555 0.1910763888888889 0.1817013888888889