5 0.1722511574074074 0.29828125 0.0928587962962963 0.06472222222222221
2 0.12245949074074074 0.34715277777777775 0.09074074074074075 0.055335648148148134
2 0.008298611111111113 0.5306423611111111 0.016597222222222225 0.039409722222222145
0 0.08884837962962963 0.38676504629629627 0.10030092592592592 0.05853009259259254
0 0.019334490740740742 0.5033738425925927 0.038668981481481485 0.04424768518518522
1 0.05405092592592593 0.42626736111111113 0.10810185185185187 0.07128472222222229
4 0.035567129629629636 0.4659837962962963 0.07113425925925927 0.06321759259259263
3 0.024626736111111113 0.6769733796296296 0.049253472222222226 0.03642361111111114
3 0.025515046296296296 0.6090046296296296 0.05103009259259259 0.03951388888888889
3 0.04648726851851852 0.5740335648148148 0.06775462962962964 0.03642361111111114
3 0.07715277777777778 0.5445601851851852 0.06453703703703702 0.03483796296296297
3 0.10970486111111111 0.5096296296296297 0.0695023148148148 0.039560185185185046
3 0.14726851851851852 0.4692650462962963 0.06646990740740741 0.04109953703703688
3 0.18405092592592592 0.4288946759259259 0.06646990740740737 0.04109953703703706
3 0.2608912037037037 0.42477430555555556 0.07630787037037035 0.048981481481481556
12 0.40478587962962964 0.6212384259259259 0.09855324074074083 0.05539351851851855
12 0.08937500000000001 0.8658854166666666 0.08540509259259257 0.04436342592592588
9 0.3464467592592593 0.6692650462962962 0.102962962962963 0.05074074074074062
9 0.12109953703703705 0.8317303240740742 0.09312499999999999 0.04285879629629648
7 0.28719328703703706 0.7063425925925927 0.10434027777777785 0.04762731481481488
7 0.15328124999999998 0.8030497685185185 0.10700231481481479 0.03983796296296305
11 0.22407986111111108 0.7426099537037038 0.14092592592592598 0.058831018518518616
8 0.1742013888888889 0.7797569444444445 0.15130787037037038 0.049537037037037025
10 0.3391145833333334 0.5160185185185184 0.08577546296296301 0.05061342592592588
10 0.2509722222222222 0.5130208333333334 0.08127314814814816 0.05370370370370381
10 0.24238425925925924 0.6051851851851853 0.07281250000000003 0.042708333333333216
10 0.13785300925925928 0.5622048611111111 0.06637731481481479 0.03953703703703706
10 0.1932465277777778 0.629832175925926 0.06775462962962964 0.03642361111111114
10 0.1540277777777778 0.6717476851851852 0.07400462962962964 0.03646990740740748
10 0.06927662037037037 0.6906597222222223 0.07087962962962964 0.03644675925925931
10 0.03644675925925926 0.7302777777777777 0.07281249999999999 0.042708333333333216