5 0.26722800925925927 0.6115046296296296 0.07295138888888886 0.09010416666666661
5 0.7255497685185185 0.7408969907407407 0.07267361111111104 0.08072916666666678
2 0.33825810185185184 0.6367650462962964 0.06637731481481488 0.07907407407407412
2 0.6662384259259259 0.7158101851851851 0.07134259259259253 0.08851851851851862
0 0.40354166666666663 0.6525694444444444 0.07134259259259253 0.08851851851851844
0 0.5987037037037037 0.7030960648148149 0.06793981481481488 0.07909722222222229
1 0.5349131944444444 0.6849710648148148 0.06840277777777785 0.09472222222222229
4 0.46712384259259265 0.6636631944444444 0.06959490740740755 0.08224537037037045
3 0.2987384259259259 0.5416898148148148 0.06481481481481488 0.07905092592592596
3 0.36135416666666664 0.5465219907407407 0.050567129629629545 0.07259259259259263
3 0.4337152777777778 0.5639930555555556 0.061550925925925884 0.07431712962962962
3 0.48967013888888894 0.5812210648148148 0.04900462962962955 0.07256944444444446
3 0.5478530092592593 0.5945775462962963 0.05511574074074073 0.06797453703703696
3 0.6141261574074074 0.6174247685185185 0.05336805555555557 0.061701388888888785
3 0.6815914351851852 0.6277951388888889 0.061875000000000034 0.08525462962962962
3 0.7368576388888888 0.648136574074074 0.05856481481481488 0.07895833333333328
10 0.797488425925926 0.2960648148148148 0.05052083333333339 0.07103009259259263
10 0.7296064814814814 0.27163194444444444 0.0471643518518519 0.0631712962962963
10 0.6762268518518518 0.2622511574074074 0.04734953703703706 0.0694212962962963
10 0.6218344907407408 0.24504629629629626 0.04436342592592588 0.07406249999999996
10 0.5667303240740741 0.2301736111111111 0.04734953703703706 0.0694212962962963
10 0.5075810185185186 0.21055555555555555 0.04436342592592588 0.07406249999999996
10 0.4533275462962963 0.19803819444444443 0.04891203703703706 0.06944444444444446
10 0.40118634259259256 0.17774305555555556 0.055208333333333394 0.07109953703703704
12 0.41252314814814817 0.11231481481481483 0.0587037037037037 0.08364583333333334
12 0.8031481481481482 0.22352430555555552 0.06348379629629619 0.08684027777777778
9 0.47376157407407404 0.12337384259259258 0.05594907407407401 0.09609953703703704
9 0.7476967592592592 0.19693287037037038 0.051168981481481524 0.09290509259259254
7 0.6917881944444444 0.18126736111111114 0.05622685185185183 0.10547453703703705
7 0.5280381944444444 0.1366724537037037 0.07019675925925917 0.10255787037037037
8 0.5898263888888888 0.13993055555555556 0.06634259259259263 0.1306134259259259
11 0.6465856481481481 0.15795138888888888 0.056504629629629474 0.11484953703703704