10 0.5564583333333333 0.4265625 0.05684027777777771 0.0484375
10 0.5927083333333334 0.46875 0.07708333333333321 0.046875
10 0.6289583333333333 0.5109375 0.06423611111111108 0.0390625
10 0.6652777777777779 0.5546875 0.06281250000000008 0.0421875
10 0.7610416666666666 0.6703125 0.05024305555555557 0.040625
10 0.7900173611111112 0.70703125 0.05364583333333339 0.046875
12 0.6135763888888889 0.4109375 0.08729166666666668 0.065625
12 0.8486458333333335 0.7078125 0.06805555555555572 0.0546875
9 0.8126388888888888 0.67109375 0.08090277777777785 0.0625
9 0.6470486111111111 0.4609375 0.07472222222222236 0.0640625
7 0.6803125 0.50625 0.08538194444444436 0.0578125
7 0.7860069444444445 0.634375 0.07288194444444436 0.0578125
11 0.7465104166666666 0.60703125 0.10368055555555564 0.0828125
8 0.7112152777777778 0.56875 0.11510416666666679 0.09375
3 0.3560416666666667 0.4875 0.05975694444444439 0.04375
3 0.3910590277777778 0.51953125 0.05798611111111107 0.0390625
3 0.4247916666666667 0.5578125 0.05166666666666657 0.0375
3 0.4533854166666667 0.5859375 0.05336805555555557 0.040625
3 0.4843923611111111 0.615625 0.05336805555555557 0.040625
3 0.5139409722222222 0.64765625 0.053576388888888896 0.0453125
3 0.5473263888888888 0.678125 0.050104166666666575 0.0375
3 0.5687847222222222 0.70390625 0.05180555555555557 0.040625
5 0.3134895833333333 0.496875 0.06607638888888889 0.0453125
5 0.5245659722222222 0.7109375 0.04704861111111107 0.0390625
2 0.34956597222222224 0.53515625 0.06607638888888889 0.0453125
2 0.49842013888888886 0.68515625 0.05961805555555557 0.040625
0 0.3783333333333333 0.5671875 0.06295138888888889 0.0453125
0 0.47053819444444445 0.65546875 0.05861111111111104 0.053125
4 0.40489583333333334 0.60234375 0.08388888888888886 0.059375
1 0.43149305555555556 0.63828125 0.092048611111111 0.0671875