5 0.1645138888888889 0.7450694444444445 0.059097222222222225 0.060381944444444356
2 0.17387152777777776 0.7103125 0.06541666666666668 0.06378472222222235
0 0.19045138888888888 0.6666493055555556 0.06097222222222225 0.07451388888888885
4 0.19118055555555555 0.6338368055555555 0.07524305555555558 0.084513888888889
1 0.203125 0.5880381944444444 0.07850694444444448 0.09090277777777782
0 0.21927083333333336 0.5287847222222222 0.06225694444444443 0.06208333333333336
12 0.5860590277777777 0.7411631944444445 0.04815972222222218 0.05989583333333322
7 0.6197916666666666 0.6631770833333333 0.059236111111111 0.06663194444444435
8 0.6509895833333333 0.6290104166666667 0.07378472222222214 0.0891319444444445
12 0.7340625000000001 0.4380034722222222 0.06850694444444443 0.062361111111111
9 0.7125694444444444 0.49203125 0.06694444444444443 0.062291666666666676
7 0.6858506944444445 0.5353645833333334 0.06545138888888893 0.06534722222222218
7 0.6667881944444444 0.5853819444444445 0.07531250000000007 0.08763888888888882
9 0.6026215277777778 0.69828125 0.06534722222222236 0.06065972222222236
10 0.6692534722222222 0.4393229166666667 0.05111111111111129 0.05222222222222221
10 0.6433680555555557 0.4802777777777777 0.05888888888888886 0.051006944444444355
10 0.6227430555555555 0.5303645833333334 0.054166666666666786 0.049236111111111036
10 0.5991145833333333 0.5751215277777778 0.04628472222222228 0.045763888888888896
10 0.5802256944444444 0.6173263888888888 0.04788194444444436 0.047395833333333214
10 0.5637152777777777 0.6578645833333333 0.04312500000000004 0.044062500000000074
10 0.5464756944444444 0.69609375 0.041597222222222285 0.04555555555555557
10 0.5253993055555556 0.7313715277777778 0.04472222222222229 0.04569444444444439
3 0.32305555555555554 0.42427083333333326 0.05270833333333336 0.05385416666666672
3 0.3086284722222222 0.4764236111111112 0.047986111111111104 0.05208333333333322
3 0.28953125 0.5280034722222222 0.054166666666666606 0.049236111111111217
3 0.27835069444444444 0.5745486111111111 0.0479166666666667 0.048958333333333395
3 0.26800347222222226 0.6187152777777778 0.04791666666666661 0.048958333333333215
3 0.2538020833333333 0.6607118055555555 0.05104166666666661 0.049097222222222216
3 0.24513888888888888 0.6993402777777777 0.049444444444444444 0.04746527777777772
3 0.23022569444444443 0.7382465277777778 0.047951388888888856 0.050520833333333216
5 0.2505381944444444 0.42124999999999996 0.062152777777777765 0.057395833333333354
2 0.22810763888888888 0.48234374999999996 0.062152777777777765 0.057395833333333354