11 0.7351909722222223 0.6456770833333334 0.07274305555555553 0.12947916666666667
8 0.7357638888888889 0.6059895833333334 0.0872916666666665 0.14135416666666673
7 0.7299826388888888 0.6686979166666667 0.05395833333333329 0.09239583333333332
7 0.7276736111111111 0.5291145833333333 0.061701388888888965 0.09135416666666671
9 0.7324652777777778 0.70703125 0.055034722222222145 0.08156250000000007
12 0.7297569444444444 0.75125 0.049131944444444464 0.08895833333333343
10 0.6823784722222223 0.7543229166666666 0.032326388888888856 0.06135416666666664
10 0.6819965277777778 0.7106770833333333 0.03531249999999986 0.05843749999999996
10 0.6780555555555555 0.6745833333333333 0.03531249999999986 0.05843750000000014
10 0.6699305555555556 0.6319791666666668 0.03531249999999986 0.05843750000000014
10 0.6693749999999999 0.5844270833333333 0.043611111111111 0.06989583333333335
10 0.6660590277777778 0.52734375 0.04673611111111118 0.07010416666666668
10 0.6588715277777778 0.47078124999999993 0.0484375 0.07333333333333343
3 0.4659722222222221 0.8099999999999999 0.035381944444444355 0.060000000000000143
3 0.45524305555555555 0.77890625 0.03388888888888886 0.06145833333333321
3 0.4370659722222222 0.73796875 0.038576388888888855 0.06177083333333329
3 0.4244965277777778 0.7005208333333333 0.043611111111111 0.06989583333333335
3 0.40692708333333333 0.6557291666666666 0.0436805555555555 0.07145833333333336
1 0.37373263888888886 0.7501041666666668 0.06590277777777782 0.1508333333333333
4 0.3510243055555556 0.69484375 0.06364583333333336 0.13510416666666672
0 0.39175347222222223 0.7700000000000001 0.040034722222222284 0.09458333333333328
0 0.32579861111111114 0.6355208333333333 0.05791666666666666 0.11135416666666664
2 0.40883680555555557 0.8038541666666668 0.05381944444444446 0.08927083333333315
5 0.4170486111111112 0.8308854166666666 0.0374305555555555 0.07104166666666671
5 0.26317708333333334 0.5059375 0.06354166666666669 0.09770833333333329
2 0.29975694444444445 0.5753645833333334 0.06062499999999993 0.10218749999999996
3 0.3278298611111111 0.4884375 0.04715277777777782 0.07947916666666668
3 0.3639930555555556 0.5484895833333333 0.0468055555555555 0.0716666666666665
3 0.3839583333333333 0.6121354166666666 0.046944444444444414 0.07479166666666667
10 0.6554513888888889 0.41135416666666663 0.054895833333333324 0.07843750000000008
12 0.7161979166666667 0.39359375 0.06652777777777778 0.09479166666666669
9 0.7241145833333333 0.46656250000000005 0.06958333333333329 0.09343749999999992