3 0.9008796296296296 0.36151620370370374 0.05210648148148138 0.0413657407407408
3 0.8492534722222222 0.3896354166666667 0.04405092592592581 0.03656249999999996
3 0.8046180555555555 0.4170775462962963 0.04898148148148138 0.041319444444444464
3 0.7506481481481482 0.4451620370370371 0.04116898148148138 0.04120370370370381
3 0.7029687499999999 0.47412037037037036 0.039444444444444574 0.03805555555555564
3 0.6485416666666667 0.5084432870370371 0.04092592592592599 0.03651620370370381
3 0.5905844907407408 0.5349074074074074 0.04585648148148138 0.04127314814814813
3 0.5375983796296296 0.5669097222222221 0.04124999999999997 0.042766203703703806
5 0.5754398148148148 0.6041608796296296 0.04946759259259252 0.050694444444444466
5 0.961875 0.39364583333333336 0.05900462962962969 0.05395833333333329
2 0.9145717592592593 0.4148032407407407 0.06829861111111128 0.05253472222222229
2 0.6456944444444445 0.5739756944444444 0.04149305555555553 0.04745370370370381
0 0.6900868055555556 0.5418460648148148 0.04930555555555553 0.04756944444444446
0 0.8558738425925926 0.4420370370370371 0.05571759259259253 0.05078703703703695
4 0.8089351851851851 0.47022569444444445 0.05825231481481481 0.06956018518518511
1 0.7490393518518518 0.5044675925925926 0.06326388888888879 0.07587962962962962
10 0.3466550925925926 0.39233796296296297 0.04618055555555554 0.047523148148148134
10 0.3925578703703704 0.3742824074074074 0.039687499999999966 0.042743055555555555
10 0.44332175925925926 0.34458912037037037 0.042731481481481384 0.04122685185185189
10 0.49749421296296303 0.3204108796296296 0.03952546296296298 0.03961805555555555
10 0.5468171296296296 0.2930381944444444 0.036562500000000143 0.04269675925925931
10 0.5905902777777777 0.26402199074074073 0.030069444444444572 0.03791666666666664
10 0.6378125 0.24130208333333333 0.031874999999999966 0.04262731481481481
10 0.6844155092592593 0.22169560185185183 0.03952546296296298 0.03961805555555555
12 0.6519618055555556 0.18296296296296294 0.03993055555555571 0.04743055555555555
12 0.30934027777777773 0.3652430555555556 0.04946759259259252 0.050694444444444466
9 0.35780092592592594 0.3362962962962963 0.04962962962962969 0.05381944444444446
9 0.6011979166666667 0.21265625 0.04197916666666668 0.05682870370370372
7 0.5554571759259259 0.23383680555555558 0.040173611111111104 0.052118055555555556
7 0.40790509259259256 0.3089351851851852 0.04987268518518526 0.058506944444444466
8 0.5014583333333333 0.24630787037037036 0.05265046296296294 0.08196759259259263
11 0.45390046296296294 0.27760995370370367 0.0552893518518518 0.07263888888888888