3 0.26071180555555556 0.7671122685185185 0.06809027777777779 0.044606481481481455
3 0.2846701388888889 0.7071759259259259 0.07121527777777778 0.044791666666666785
3 0.31947916666666665 0.6504976851851852 0.05697916666666671 0.0361458333333335
3 0.35388888888888886 0.541568287037037 0.0729166666666666 0.051134259259259095
3 0.37994791666666666 0.4924305555555556 0.06663194444444445 0.04920138888888879
5 0.47958333333333325 0.3975810185185185 0.08583333333333343 0.07062499999999998
5 0.31171875 0.789056712962963 0.08732638888888893 0.06759259259259257
2 0.45052083333333337 0.4414351851851851 0.07774305555555543 0.057662037037037095
2 0.3397048611111111 0.7234201388888889 0.09215277777777775 0.07412037037037038
0 0.4258854166666667 0.496730324074074 0.09510416666666668 0.06649305555555554
0 0.3588888888888889 0.6676678240740741 0.0952430555555556 0.07274305555555553
4 0.3959201388888889 0.5460995370370371 0.11416666666666667 0.08166666666666664
1 0.36569444444444443 0.6071875 0.13454861111111116 0.08599537037037024
3 0.4186805555555555 0.3996296296296296 0.06506944444444436 0.049108796296296296
3 0.4028125 0.44660300925925933 0.05552083333333328 0.040740740740740834
12 0.1581423611111111 0.36201388888888886 0.05874999999999999 0.04561342592592599
12 0.023211805555555555 0.6716319444444444 0.04642361111111111 0.04423611111111114
9 0.13911458333333332 0.4107349537037037 0.07614583333333336 0.05600694444444443
9 0.034366319444444446 0.6215798611111112 0.06873263888888889 0.05600694444444443
7 0.1140625 0.4496701388888889 0.08229166666666665 0.05168981481481474
7 0.04878472222222222 0.5783738425925926 0.08385416666666667 0.0517824074074074
8 0.07104166666666667 0.48967013888888894 0.1265625 0.07771990740740727
11 0.06222222222222222 0.5354456018518519 0.11538194444444443 0.06613425925925931
10 0.20151041666666666 0.3766087962962963 0.05871527777777778 0.044050925925925896
10 0.18036458333333333 0.4153124999999999 0.058645833333333286 0.04092592592592581
10 0.16069444444444445 0.457829861111111 0.0634375 0.04589120370370381
10 0.13944444444444443 0.5012210648148148 0.0603472222222222 0.047268518518518474
10 0.11736111111111111 0.5470023148148149 0.06187499999999999 0.045798611111111144
10 0.09762152777777777 0.592644675925926 0.06177083333333333 0.04111111111111114
10 0.07314236111111112 0.6409085648148147 0.06177083333333333 0.04111111111111114
10 0.054322916666666665 0.6802546296296297 0.058680555555555555 0.042488425925925985