12 0.815804398148148 0.45456018518518515 0.0613657407407409 0.061423611111111144
12 0.5365914351851852 0.7233391203703704 0.05516203703703706 0.06730324074074083
9 0.5813657407407408 0.6878877314814815 0.04892361111111114 0.06849537037037053
9 0.7733796296296296 0.4890914351851852 0.05975694444444457 0.055081018518518474
7 0.73484375 0.5257349537037037 0.06141203703703706 0.06767361111111114
7 0.6230439814814815 0.6487152777777778 0.06304398148148138 0.07714120370370381
11 0.6654687499999999 0.6141840277777778 0.07398148148148138 0.07778935185185176
8 0.7070717592592592 0.5851678240740741 0.09126157407407405 0.09130787037037039
10 0.7761863425925926 0.3210300925925926 0.04718750000000007 0.04496527777777777
10 0.7298784722222222 0.35266782407407404 0.04711805555555557 0.03559027777777777
10 0.6657465277777778 0.4712615740740741 0.039456018518518474 0.05543981481481488
10 0.6021469907407407 0.4125578703703704 0.04877314814814824 0.04818287037037035
10 0.6186053240740741 0.5099768518518519 0.045648148148148236 0.04799768518518519
10 0.584664351851852 0.5588425925925925 0.04413194444444457 0.054155092592592526
10 0.5215046296296297 0.5461863425925926 0.04571759259259274 0.05737268518518519
10 0.49503472222222217 0.6406828703703704 0.04415509259259274 0.05728009259259252
3 0.45677662037037037 0.5344039351851851 0.03633101851851848 0.05525462962962955
3 0.48332754629629626 0.42896990740740737 0.04572916666666664 0.05893518518518519
3 0.5281539351851852 0.3864872685185185 0.045648148148148236 0.04799768518518519
3 0.5847048611111111 0.3425289351851852 0.06283564814814824 0.04901620370370372
3 0.6255729166666667 0.3073090277777778 0.0549768518518519 0.042303240740740745
3 0.6633680555555556 0.26524305555555555 0.05500000000000007 0.04542824074074074
3 0.7089699074074074 0.22349537037037037 0.045648148148148236 0.04799768518518519
3 0.7625925925925926 0.2585821759259259 0.058101851851851904 0.042488425925925985
5 0.7290046296296296 0.048946759259259266 0.05505787037037031 0.05324074074074074
5 0.3822511574074074 0.3693634259259259 0.05818287037037031 0.0534259259259259
2 0.6857523148148148 0.08977430555555556 0.06444444444444457 0.055358796296296274
2 0.43890624999999994 0.3113425925925926 0.0645138888888889 0.0647337962962963
0 0.4883969907407407 0.2717071759259259 0.0660069444444444 0.055451388888888876
0 0.6448032407407407 0.13593171296296297 0.06437500000000007 0.0459837962962963
4 0.597644675925926 0.17699074074074075 0.07858796296296297 0.06712962962962962
1 0.5449710648148148 0.2246238425925926 0.08486111111111114 0.07062499999999998