12 0.634375 0.2734375 0.0453125 0.04921875
9 0.63828125 0.3125 0.04921875 0.0515625
7 0.64765625 0.346875 0.04765625 0.0578125
8 0.6640625 0.378125 0.06328125 0.07734375
11 0.671875 0.42265625 0.0671875 0.06640625
5 0.203125 0.2890625 0.04609375 0.0484375
2 0.20390625 0.31953125 0.05703125 0.053125
0 0.2046875 0.35546875 0.0546875 0.0546875
4 0.18984375 0.3875 0.06484375 0.07109375
1 0.18359375 0.43125 0.071875 0.0796875
0 0.18203125 0.48984375 0.06484375 0.0515625
10 0.6296875 0.57578125 0.046875 0.04375
10 0.61640625 0.53125 0.05 0.0421875
10 0.6125 0.48125 0.0484375 0.0421875
10 0.5984375 0.43671875 0.046875 0.0390625
10 0.59140625 0.39375 0.03984375 0.03984375
10 0.5859375 0.3546875 0.04140625 0.03984375
10 0.5828125 0.315625 0.03828125 0.0359375
10 0.56953125 0.2828125 0.04140625 0.0484375
3 0.25703125 0.5890625 0.053125 0.04375
3 0.26171875 0.5390625 0.05 0.04375
3 0.25859375 0.48984375 0.046875 0.03984375
3 0.26015625 0.44375 0.04453125 0.04140625
3 0.2671875 0.403125 0.03984375 0.0421875
3 0.26640625 0.3640625 0.03984375 0.03984375
3 0.26953125 0.32890625 0.04140625 0.0359375
3 0.27109375 0.29296875 0.03984375 0.03828125
5 0.178125 0.59296875 0.06171875 0.0484375
2 0.178125 0.53359375 0.06015625 0.04921875
12 0.7015625 0.57421875 0.05546875 0.0484375
9 0.6921875 0.51875 0.0484375 0.05
7 0.6796875 0.4734375 0.05703125 0.0515625