10 0.3568807870370371 0.6239699074074074 0.043182870370370365 0.06937499999999996
10 0.5245543981481482 0.6878761574074075 0.04628472222222228 0.06797453703703696
3 0.4177314814814815 0.5739756944444444 0.05423611111111111 0.07775462962962969
3 0.36626157407407406 0.5703993055555555 0.04626157407407412 0.06641203703703695
5 0.20644097222222224 0.4506597222222222 0.06225694444444443 0.09222222222222225
2 0.2734664351851852 0.4581134259259259 0.06239583333333325 0.10159722222222226
0 0.32563657407407404 0.4671180555555555 0.05936342592592592 0.10768518518518526
1 0.3829861111111111 0.4953703703703704 0.07547453703703706 0.14130787037037038
4 0.4446122685185186 0.49842013888888886 0.07375000000000007 0.1302893518518518
0 0.500011574074074 0.5002314814814814 0.05920138888888893 0.09674768518518526
2 0.5577662037037037 0.5011400462962963 0.060694444444444426 0.09214120370370367
5 0.6100868055555555 0.4999884259259259 0.0637037037037036 0.08449074074074084
3 0.19335069444444444 0.5965393518518518 0.04633101851851853 0.07109953703703695
3 0.25795717592592593 0.5564988425925925 0.04640046296296294 0.07578703703703696
3 0.3125173611111111 0.5622569444444444 0.04320601851851853 0.07093749999999996
3 0.46838541666666667 0.5799363425925926 0.052604166666666785 0.07298611111111111
3 0.5182349537037038 0.5875 0.04614583333333329 0.05859953703703695
3 0.5400925925925926 0.6402314814814815 0.052604166666666785 0.07298611111111111
10 0.47320023148148155 0.6764872685185186 0.04633101851851862 0.07109953703703695
10 0.3768518518518519 0.6986574074074074 0.0462847222222222 0.06797453703703696
10 0.32619791666666664 0.6926967592592593 0.04327546296296294 0.07562500000000014
10 0.2777835648148148 0.6936458333333333 0.043182870370370365 0.06937499999999996
10 0.2371296296296296 0.6450115740740741 0.04628472222222228 0.06797453703703696
10 0.17647569444444444 0.6817245370370371 0.04313657407407408 0.06624999999999996
12 0.17066550925925927 0.7577488425925927 0.041736111111111106 0.07710648148148139
9 0.21818287037037037 0.7646527777777778 0.05122685185185185 0.0854050925925927
9 0.44353587962962965 0.7818518518518518 0.05901620370370377 0.08424768518518526
12 0.48952546296296295 0.7864930555555555 0.04950231481481478 0.07438657407407412
7 0.39828125 0.7802951388888889 0.05131944444444443 0.09165509259259252
7 0.2633449074074074 0.7724594907407407 0.04819444444444443 0.09149305555555536
11 0.30450810185185184 0.78671875 0.057939814814814826 0.1169791666666665
8 0.3464756944444444 0.7993750000000001 0.06437499999999999 0.12980324074074084