10 0.3131076388888889 0.47928240740740746 0.12089120370370372 0.09641203703703702
10 0.5722511574074074 0.3651041666666667 0.09103009259259273 0.07193287037037033
10 0.378587962962963 0.3250289351851852 0.07517361111111107 0.0682291666666666
10 0.5222800925925926 0.2888310185185185 0.08165509259259274 0.07158564814814809
10 0.1232060185185185 0.3672743055555555 0.09606481481481484 0.07679398148148149
10 0.1632523148148148 0.2919849537037037 0.1050925925925926 0.07245370370370363
7 0.4685185185185185 0.21085069444444443 0.10057870370370363 0.09565972222222223
7 0.33706597222222223 0.15584490740740742 0.08917824074074074 0.08900462962962963
9 0.25176504629629626 0.20752314814814815 0.08570601851851851 0.08420138888888892
12 0.21536458333333336 0.12783564814814813 0.08859953703703702 0.08119212962962963
12 0.040393518518518516 0.21736111111111112 0.08078703703703703 0.08472222222222223
11 0.04971064814814814 0.128587962962963 0.09942129629629629 0.11464120370370372
8 0.04166666666666667 0.078125 0.08333333333333334 0.128125