10 0.38298611111111114 0.555150462962963 0.12795138888888885 0.11203703703703702
10 0.619820601851852 0.72109375 0.09618055555555571 0.08171296296296297
10 0.42743055555555554 0.7146122685185186 0.08165509259259274 0.0744212962962962
10 0.5620659722222222 0.7805266203703703 0.08668981481481489 0.07945601851851851
10 0.18408564814814815 0.618113425925926 0.0997685185185185 0.08819444444444446
10 0.21403356481481484 0.6972511574074074 0.11215277777777777 0.08755787037037024
7 0.500636574074074 0.8427951388888889 0.10896990740740727 0.10752314814814809
7 0.36629050925925927 0.8646990740740741 0.09745370370370363 0.09890046296296298
9 0.29050925925925924 0.7961516203703705 0.09230324074074074 0.09230324074074084
12 0.24499421296296298 0.8634837962962962 0.09519675925925926 0.08940972222222214
12 0.08949652777777778 0.7361979166666666 0.07690972222222221 0.09427083333333322
11 0.09765625 0.8253761574074074 0.08234953703703703 0.1257523148148149
8 0.08912037037037038 0.8674768518518519 0.05972222222222223 0.1349537037037038