12 0.16709490740740743 0.5395949074074073 0.06565972222222224 0.061400462962962976
12 0.44005208333333334 0.25699652777777776 0.06121527777777782 0.06605324074074073
9 0.3950810185185185 0.2940625 0.05512731481481481 0.0691319444444444
9 0.20976273148148147 0.5033275462962963 0.0652546296296296 0.053587962962962976
7 0.24688078703703703 0.46553819444444444 0.06590277777777782 0.06608796296296297
7 0.3550405092592593 0.33578125000000003 0.06803240740740737 0.07703703703703706
11 0.3123726851851852 0.3720486111111111 0.07888888888888897 0.07555555555555556
8 0.270162037037037 0.40206018518518516 0.0983680555555555 0.08975694444444446
10 0.2229861111111111 0.6829861111111111 0.050706018518518546 0.0441087962962964
10 0.2697627314814815 0.6505960648148148 0.0517824074074074 0.03474537037037031
10 0.32734375 0.5251215277777778 0.043460648148148096 0.05498842592592599
10 0.40101851851851855 0.5894444444444444 0.052430555555555536 0.04724537037037031
10 0.3737152777777778 0.48491898148148155 0.04930555555555553 0.047222222222222145
10 0.4053761574074074 0.4323206018518519 0.04806712962962969 0.053460648148148236
10 0.47415509259259264 0.44744212962962954 0.04979166666666668 0.056597222222222146
10 0.4923668981481481 0.3464872685185185 0.04822916666666668 0.05658564814814815
3 0.5444155092592593 0.4609895833333333 0.04041666666666668 0.05652777777777764
3 0.5268113425925927 0.5736631944444445 0.04995370370370367 0.05972222222222214
3 0.48376736111111107 0.6177488425925926 0.04930555555555571 0.047222222222222145
3 0.4275636574074074 0.6642766203703704 0.06805555555555554 0.047361111111111145
3 0.3864988425925926 0.7013136574074074 0.05835648148148156 0.04104166666666664
3 0.35048611111111116 0.7453472222222223 0.058518518518518546 0.044166666666666646
3 0.3050983796296296 0.7894502314814815 0.04930555555555553 0.047222222222222145
3 0.2445196759259259 0.7516030092592593 0.06304398148148146 0.04107638888888889
5 0.3005960648148148 0.973929398148148 0.06032407407407412 0.048865740740740904
5 0.642795138888889 0.6400173611111111 0.06204861111111111 0.05200231481481481
2 0.34380208333333334 0.93296875 0.0683796296296296 0.053611111111111144
2 0.5865393518518518 0.7006134259259259 0.06894675925925924 0.06454861111111114
0 0.5378645833333333 0.7416145833333333 0.07158564814814809 0.055196759259259306
0 0.38347800925925923 0.8842187499999999 0.06789351851851855 0.04423611111111114
4 0.4297280092592593 0.8416724537037037 0.08613425925925924 0.06467592592592589
1 0.48182291666666666 0.7912673611111112 0.09246527777777783 0.06628472222222222