10 0.26375000000000004 0.2535648148148148 0.05718750000000004 0.0636921296296297
10 0.26625 0.2983796296296296 0.05062499999999996 0.058680555555555534
10 0.2719270833333334 0.3425752314814815 0.05395833333333329 0.061967592592592616
11 0.2284375 0.4539930555555555 0.09927083333333328 0.11103009259259267
8 0.21432291666666664 0.39524884259259263 0.11416666666666667 0.12425925925925921
7 0.21593749999999998 0.3592708333333333 0.08364583333333328 0.08686342592592596
7 0.23385416666666664 0.5256134259259259 0.08708333333333336 0.09171296296296312
9 0.20911458333333335 0.3205034722222222 0.07479166666666667 0.07083333333333339
12 0.20229166666666668 0.26997685185185183 0.0625 0.07331018518518517
4 0.6233333333333333 0.16324074074074074 0.06979166666666661 0.13597222222222222
0 0.5932291666666667 0.1444328703703704 0.06364583333333336 0.11385416666666667
2 0.576875 0.10752314814814815 0.05270833333333336 0.08993055555555554
5 0.5616666666666666 0.07694444444444445 0.046875 0.07249999999999998
5 0.7249479166666667 0.3911516203703704 0.06447916666666664 0.10299768518518518
2 0.69828125 0.32078125 0.05812500000000007 0.10111111111111111
0 0.6705208333333333 0.2785763888888889 0.06343750000000004 0.11072916666666668
1 0.6474479166666667 0.20133680555555555 0.08656249999999996 0.15396990740740737
3 0.6580208333333333 0.4307986111111111 0.05031250000000007 0.07734953703703713
3 0.6311458333333333 0.3753125 0.057916666666666575 0.07462962962962968
3 0.6094270833333333 0.3130381944444444 0.048229166666666504 0.06945601851851854
3 0.5871354166666667 0.27111689814814816 0.0484375 0.07258101851851854
3 0.5672916666666666 0.22775462962962964 0.04041666666666668 0.0690509259259259
3 0.5455729166666667 0.1889988425925926 0.04572916666666664 0.07866898148148146
3 0.5278124999999999 0.14966435185185184 0.04052083333333343 0.0706134259259259
3 0.5119270833333334 0.11748263888888891 0.04552083333333332 0.07554398148148148
12 0.25479166666666664 0.670162037037037 0.07437500000000004 0.0879398148148148
9 0.2427083333333333 0.5927083333333333 0.07916666666666661 0.08974537037037038
10 0.32416666666666666 0.6290740740740741 0.06364583333333336 0.06714120370370366
10 0.31723958333333335 0.5683506944444444 0.057500000000000016 0.06837962962962969
10 0.30265624999999996 0.5048784722222223 0.06208333333333336 0.06706018518518526
10 0.29661458333333335 0.44263310185185184 0.05614583333333334 0.0714236111111111
10 0.28692708333333333 0.38803819444444443 0.05604166666666668 0.06986111111111111