5 0.4110590277777778 0.9157118055555555 0.052326388888888783 0.08965277777777772
2 0.43545138888888885 0.8856076388888889 0.05274305555555543 0.09902777777777771
0 0.4613368055555556 0.8540104166666665 0.05225694444444429 0.08809027777777771
1 0.4931423611111111 0.8328125 0.09937499999999985 0.13072916666666679
4 0.5407118055555555 0.7803472222222222 0.09142361111111122 0.1272569444444443
0 0.5930381944444444 0.7296527777777777 0.08079861111111111 0.09871527777777764
2 0.6365972222222223 0.6746701388888889 0.07711805555555565 0.08607638888888883
3 0.37786458333333334 0.8354861111111112 0.057534722222222265 0.06649305555555571
3 0.4029340277777778 0.8030729166666667 0.05711805555555553 0.05711805555555571
3 0.4348958333333333 0.7678472222222222 0.05760416666666668 0.06805555555555572
3 0.46729166666666666 0.72484375 0.057673611111111175 0.06961805555555571
3 0.5028472222222222 0.6827604166666668 0.060798611111111 0.06975694444444436
12 0.31715277777777773 0.04840277777777778 0.08267361111111118 0.07072916666666666
9 0.2819097222222222 0.1326041666666667 0.08920138888888891 0.07725694444444446
7 0.25243055555555555 0.20614583333333333 0.09163194444444445 0.06177083333333329
8 0.20559027777777777 0.27501736111111114 0.1311805555555555 0.07444444444444445
11 0.1918923611111111 0.3352256944444444 0.1125 0.07517361111111107
7 0.1823263888888889 0.3831423611111111 0.0864583333333333 0.05062499999999996
9 0.1657638888888889 0.43152777777777784 0.07899305555555554 0.058090277777777644
12 0.1540277777777778 0.48324652777777777 0.06642361111111113 0.05597222222222218
10 0.3720833333333333 0.12647569444444445 0.0718055555555555 0.07180555555555554
10 0.33862847222222225 0.19828125000000002 0.06677083333333336 0.06378472222222217
10 0.3080555555555556 0.2647569444444445 0.06791666666666671 0.054479166666666676
10 0.27999999999999997 0.33524305555555556 0.059965277777777715 0.051006944444444445
10 0.2584548611111111 0.3943229166666667 0.060104166666666715 0.05413194444444436
10 0.23180555555555554 0.4438194444444445 0.0584027777777778 0.05093749999999986
10 0.21272569444444445 0.4881944444444445 0.0552777777777778 0.05079861111111121
10 0.19256944444444443 0.5434375 0.05697916666666671 0.05399305555555554
3 0.6474305555555556 0.5324652777777777 0.06461805555555564 0.08552083333333335
3 0.5911284722222222 0.5814236111111111 0.0640625 0.07302083333333335
3 0.5407465277777778 0.6407812500000001 0.057673611111111175 0.06961805555555571
5 0.7042361111111111 0.6176388888888888 0.07100694444444447 0.08892361111111118