10 0.9247569444444445 0.5161111111111112 0.06461805555555564 0.03939814814814824
10 0.8882465277777778 0.5031365740740741 0.06464120370370381 0.04096064814814824
10 0.8494733796296294 0.4847627314814815 0.07096064814814795 0.04583333333333321
10 0.8043923611111111 0.47048032407407414 0.06625000000000014 0.04413194444444457
10 0.7530613425925926 0.4563831018518519 0.0709837962962963 0.047395833333333214
10 0.7018923611111111 0.43134837962962963 0.07721064814814813 0.04601851851851855
8 0.8597627314814815 0.4227662037037037 0.15423611111111094 0.0795370370370371
7 0.8844502314814815 0.44311921296296297 0.09906250000000014 0.04510416666666668
11 0.8046643518518518 0.39940972222222226 0.14015046296296313 0.07755787037037036
7 0.7449016203703703 0.37462962962962965 0.11027777777777778 0.06417824074074074
9 0.9178472222222223 0.45540509259259265 0.08667824074074063 0.05254629629629619
12 0.9504050925925928 0.47162037037037036 0.08506944444444428 0.049374999999999857
3 0.8165972222222223 0.7535879629629629 0.06314814814814795 0.04560185185185191
3 0.7800520833333333 0.7429571759259259 0.06942129629629612 0.04734953703703706
3 0.7285821759259259 0.7382349537037036 0.07277777777777779 0.06306712962962954
4 0.6893402777777778 0.804212962962963 0.14194444444444443 0.09322916666666678
1 0.6386053240740741 0.8025925925925925 0.15619212962962958 0.10614583333333343
0 0.7206481481481481 0.799380787037037 0.09773148148148145 0.060682870370370526
2 0.7635706018518519 0.8012326388888888 0.08674768518518512 0.05723379629629619
2 0.4850462962962963 0.7837152777777778 0.09646990740740743 0.08094907407407419
5 0.8049421296296296 0.8023495370370369 0.08527777777777779 0.06343749999999986
5 0.4156655092592592 0.7756192129629629 0.0980787037037036 0.08412037037037035
0 0.5607118055555556 0.7892824074074074 0.11053240740740744 0.08136574074074084
3 0.44406249999999997 0.7037152777777778 0.07907407407407412 0.06637731481481488
3 0.5080208333333334 0.7088483796296297 0.0726157407407408 0.05212962962962955
3 0.5718981481481482 0.7194502314814815 0.07273148148148145 0.05994212962962955
3 0.6342939814814815 0.7246296296296297 0.07103009259259263 0.050520833333333216
3 0.6896585648148148 0.7300173611111112 0.06480324074074062 0.051898148148148235
12 0.6067071759259259 0.32015625000000003 0.09952546296296294 0.07635416666666668
9 0.682829861111111 0.3475752314814815 0.10099537037037046 0.07015046296296301
10 0.5674652777777778 0.38613425925925926 0.08210648148148145 0.06021990740740737
10 0.6444039351851851 0.4111863425925926 0.07728009259259264 0.050706018518518546