10 0.9478703703703705 0.6541203703703704 0.03333333333333357 0.1409953703703703
10 0.5476736111111111 0.47895833333333326 0.08487268518518523 0.08868055555555543
10 0.6458391203703704 0.7850462962962963 0.09664351851851852 0.10290509259259259
10 0.6975231481481481 0.40024305555555556 0.09508101851851851 0.10288194444444443
10 0.5790162037037037 0.16080439814814815 0.09526620370370367 0.10600694444444447
7 0.3166261574074074 0.7555787037037037 0.1134606481481482 0.09690972222222208
12 0.2513020833333333 0.5934085648148149 0.09047453703703709 0.0778356481481481
9 0.18644675925925927 0.09402777777777778 0.10482638888888891 0.10927083333333334
12 0.38712962962962966 0.3166377314814815 0.09765046296296295 0.09355324074074076
7 0.43134837962962963 0.927164351851852 0.12119212962962962 0.12200231481481509
9 0.3981655092592593 0.6177719907407407 0.10711805555555554 0.09525462962962958
8 0.1556886574074074 0.33645833333333336 0.15555555555555553 0.09597222222222221
11 0.24271412037037035 0.36951388888888886 0.16062499999999993 0.12883101851851855