8 0.10250000000000001 0.72421875 0.13218749999999999 0.1265625
11 0.150625 0.7171875 0.12097222222222222 0.1203125
10 0.5213541666666666 0.5859375 0.11996527777777785 0.1328125
10 0.36211805555555554 0.20234375 0.10277777777777777 0.1328125
10 0.3407638888888889 0.425 0.09868055555555558 0.1109375
10 0.4017013888888889 0.74140625 0.09499999999999993 0.0984375
10 0.3625 0.9140625 0.09121527777777771 0.11875
10 0.26208333333333333 0.975 0.07097222222222221 0.05
10 0.31375000000000003 0.6609375 0.08461805555555557 0.1109375
10 0.2813888888888889 0.24921875 0.08343749999999997 0.084375
12 0.2467361111111111 0.7703125 0.0871180555555556 0.096875
12 0.1315798611111111 0.5171875 0.08194444444444446 0.0859375
9 0.16137152777777777 0.90625 0.08447916666666666 0.1078125
9 0.21460069444444443 0.521875 0.09465277777777778 0.090625
7 0.19059027777777776 0.28046875 0.1067361111111111 0.08125
7 0.1527951388888889 0.396875 0.11788194444444447 0.0859375