11 0.666232638888889 0.34953124999999996 0.05097222222222229 0.11729166666666675
8 0.6739756944444444 0.3872395833333333 0.0636805555555556 0.12750000000000003
7 0.6557638888888888 0.3291666666666667 0.03930555555555557 0.08375000000000003
7 0.6794097222222222 0.4586458333333333 0.04704861111111107 0.08114583333333343
9 0.6510763888888889 0.294375 0.040590277777777926 0.07135416666666669
12 0.6402951388888889 0.25296874999999996 0.03454861111111107 0.08031249999999997
10 0.5949131944444443 0.25911458333333337 0.024618055555555428 0.0546875
10 0.6018229166666667 0.29921875 0.027673611111111107 0.05177083333333332
10 0.6049826388888888 0.3325520833333333 0.027673611111111107 0.05177083333333332
10 0.6056250000000001 0.37385416666666665 0.027708333333333356 0.05333333333333332
10 0.6140277777777777 0.4169791666666667 0.031006944444444427 0.06135416666666664
10 0.6214062499999999 0.47109375 0.03569444444444443 0.06166666666666672
10 0.6256770833333334 0.5246354166666667 0.03732638888888893 0.06489583333333329
3 0.3776215277777778 0.24317708333333332 0.02618055555555552 0.05479166666666666
3 0.37302083333333336 0.27468750000000003 0.026215277777777858 0.05635416666666675
3 0.36277777777777775 0.31437499999999996 0.02930555555555552 0.05500000000000007
3 0.35805555555555557 0.3513541666666667 0.03256944444444443 0.06145833333333339
3 0.3492881944444445 0.39484375 0.03416666666666668 0.06312499999999996
1 0.2996006944444444 0.31390625 0.04208333333333334 0.1385416666666667
4 0.2874479166666667 0.36932291666666667 0.041770833333333354 0.12447916666666661
0 0.31333333333333335 0.29270833333333335 0.02538194444444448 0.0890625
0 0.27522569444444445 0.4278645833333334 0.03815972222222221 0.10239583333333328
2 0.3234375 0.25927083333333334 0.037673611111111074 0.08052083333333329
5 0.3263715277777778 0.23255208333333335 0.026388888888888927 0.06416666666666666
5 0.2395486111111111 0.5589583333333333 0.04718749999999998 0.08739583333333342
2 0.2621875 0.4880208333333334 0.044201388888888894 0.09343749999999992
3 0.3049826388888889 0.5631770833333334 0.03434027777777775 0.07093749999999996
3 0.32819444444444446 0.5015625 0.03416666666666668 0.06312499999999996
3 0.3358159722222222 0.43942708333333336 0.03423611111111109 0.06624999999999996
10 0.6330381944444444 0.5795312499999999 0.04052083333333325 0.06822916666666679
12 0.6945486111111111 0.5847916666666666 0.050277777777777824 0.08604166666666657
9 0.6882465277777777 0.51734375 0.053298611111111074 0.08156250000000007