12 0.4681712962962963 0.8474247685185186 0.045509259259259235 0.06468750000000015
9 0.43178240740740736 0.7952835648148148 0.042465277777777824 0.06620370370370363
7 0.39642939814814815 0.7533217592592593 0.04542824074074066 0.06312499999999996
8 0.34977430555555555 0.7182291666666666 0.05372685185185189 0.07261574074074062
11 0.31516203703703705 0.6770601851851852 0.05364583333333339 0.07105324074074063
7 0.2788252314814815 0.6389930555555556 0.048553240740740744 0.0631712962962963
9 0.24080439814814816 0.6032465277777778 0.052592592592592614 0.050740740740740795
12 0.20392939814814817 0.5604803240740741 0.052592592592592524 0.050740740740740795
10 0.2736226851851852 0.4528356481481481 0.04437499999999996 0.04281250000000014
10 0.34721064814814817 0.43594328703703705 0.043055555555555534 0.0474768518518518
10 0.3443287037037037 0.5367592592592592 0.04124999999999997 0.042766203703703806
10 0.39089120370370367 0.5585590277777778 0.03491898148148147 0.04111111111111114
10 0.4257581018518518 0.6098958333333334 0.03664351851851855 0.04425925925925931
10 0.5230613425925925 0.6332291666666666 0.036562500000000143 0.04269675925925931
10 0.5626562500000001 0.6838541666666667 0.04642361111111111 0.05221064814814813
3 0.6028182870370371 0.6179918981481481 0.04618055555555554 0.047523148148148134
3 0.6075578703703703 0.5265856481481481 0.041412037037036956 0.04589120370370381
3 0.5716261574074074 0.48070601851851846 0.038124999999999964 0.04271990740740748
3 0.535005787037037 0.4481076388888889 0.03976851851851855 0.04430555555555564
3 0.4996122685185185 0.40692708333333333 0.03335648148148138 0.04108796296296298
3 0.45862847222222225 0.3680092592592593 0.043055555555555534 0.0474768518518518
3 0.4213078703703704 0.33383680555555556 0.041898148148148094 0.05526620370370363
3 0.34574074074074074 0.3436631944444445 0.04642361111111111 0.05221064814814813
5 0.7230729166666666 0.43994791666666666 0.046666666666666676 0.05689814814814813
5 0.4459375 0.1754861111111111 0.05003472222222207 0.06163194444444446
2 0.4899247685185185 0.2167939814814815 0.04731481481481481 0.06939814814814813
2 0.6847280092592593 0.4104513888888889 0.04534722222222225 0.061562500000000145
0 0.6419791666666667 0.3754166666666666 0.05307870370370367 0.060115740740740796
0 0.5250231481481482 0.24858796296296296 0.042303240740740836 0.06307870370370372
1 0.5678530092592593 0.2820601851851852 0.055208333333333394 0.07107638888888897
4 0.609994212962963 0.3288136574074074 0.0581712962962964 0.06799768518518512