10 0.6470775462962963 0.6828125 0.05601851851851851 0.0390625
10 0.6210648148148149 0.64375 0.05949074074074083 0.04375
10 0.6656828703703703 0.71640625 0.052430555555555536 0.0328125
10 0.6820891203703704 0.75859375 0.04965277777777786 0.0375
10 0.6126157407407408 0.5890625 0.05625 0.0421875
10 0.5936053240740741 0.53984375 0.059375 0.0421875
10 0.5750289351851852 0.4953125 0.06116898148148149 0.0453125
10 0.5544560185185186 0.44609375 0.05601851851851851 0.0390625
1 0.3673900462962963 0.61953125 0.08431712962962959 0.0625
4 0.3470775462962963 0.57734375 0.0838541666666666 0.05625
0 0.4008101851851852 0.64296875 0.05648148148148149 0.0453125
0 0.3413773148148148 0.53828125 0.06875 0.0421875
2 0.4203125 0.675 0.05891203703703703 0.0359375
2 0.32511574074074073 0.5046875 0.06238425925925926 0.040625
5 0.4331886574074074 0.7015625 0.05410879629629619 0.034375
5 0.30190972222222223 0.459375 0.05914351851851851 0.0390625
3 0.3440972222222222 0.459375 0.058680555555555534 0.0328125
3 0.36397569444444444 0.496875 0.04907407407407405 0.0296875
3 0.3859085648148148 0.53828125 0.05758101851851851 0.0390625
3 0.40451388888888895 0.571875 0.050868055555555534 0.0328125
3 0.4229456018518519 0.6078125 0.05254629629629619 0.034375
3 0.4422743055555555 0.6421875 0.04137731481481488 0.03125
3 0.46154513888888893 0.67734375 0.03703703703703702 0.0359375
3 0.4805555555555555 0.70546875 0.04450231481481488 0.03125
12 0.6049189814814815 0.43984375 0.07771990740740745 0.0578125
12 0.736082175925926 0.76796875 0.06765046296296298 0.0484375
9 0.6249710648148149 0.49609375 0.07581018518518512 0.053125
9 0.7173321759259259 0.72578125 0.07795138888888893 0.0609375
7 0.6381655092592593 0.55 0.07627314814814809 0.059375
7 0.6992476851851851 0.68515625 0.0784143518518519 0.0671875
8 0.6475983796296296 0.6125 0.1091435185185187 0.08125
11 0.6712673611111111 0.6515625 0.08993055555555571 0.075