10 0.45048611111111114 0.92734375 0.03729166666666668 0.0609375
10 0.4645659722222222 0.89140625 0.040486111111111 0.0640625
10 0.4841666666666667 0.853125 0.04371527777777775 0.06875
10 0.49998263888888894 0.809375 0.043611111111111 0.0640625
10 0.5167187500000001 0.759375 0.0436805555555555 0.0671875
10 0.5444097222222222 0.70859375 0.0422569444444445 0.0734375
8 0.5433506944444444 0.86171875 0.07836805555555557 0.1515625
7 0.523263888888889 0.88671875 0.042743055555555645 0.0953125
11 0.569513888888889 0.809375 0.07333333333333343 0.1359375
7 0.5966145833333334 0.75 0.06329861111111121 0.10625
9 0.5100173611111112 0.9203125 0.051875000000000074 0.084375
12 0.4913194444444445 0.953125 0.04715277777777782 0.0828125
3 0.22381944444444443 0.8265625 0.04350694444444443 0.059375
3 0.23635416666666664 0.78984375 0.04677083333333325 0.065625
3 0.24371527777777774 0.73984375 0.06090277777777775 0.06875
4 0.1812673611111111 0.70234375 0.09055555555555554 0.1375
1 0.18470486111111112 0.653125 0.10177083333333332 0.15
0 0.1837152777777778 0.7328125 0.059930555555555556 0.0953125
2 0.1804513888888889 0.77421875 0.05343750000000003 0.084375
2 0.21069444444444443 0.503125 0.07704861111111114 0.0921875
5 0.1772048611111111 0.81484375 0.06277777777777778 0.0828125
5 0.2223611111111111 0.43515625 0.0818402777777778 0.096875
0 0.20204861111111114 0.57578125 0.07895833333333328 0.1078125
3 0.29052083333333334 0.46171875 0.06260416666666666 0.075
3 0.28368055555555555 0.5234375 0.05 0.0703125
3 0.2697743055555556 0.58671875 0.05777777777777775 0.06875
3 0.26140625 0.646875 0.04996527777777775 0.06875
3 0.25315972222222227 0.7015625 0.05135416666666668 0.0609375
12 0.6574305555555556 0.61484375 0.07083333333333322 0.09375
9 0.6260937500000001 0.6890625 0.06934027777777771 0.096875
10 0.5949826388888889 0.57734375 0.05802083333333332 0.0796875
10 0.5659722222222221 0.65234375 0.04854166666666657 0.075