8 0.730005787037037 0.028825231481481483 0.15248842592592596 0.057650462962962966
10 0.6090972222222222 0.5415219907407407 0.1376504629629629 0.11663194444444436
10 0.9415624999999999 0.2461226851851852 0.05115740740740762 0.07849537037037031
10 0.18949652777777778 0.4438599537037037 0.0919212962962963 0.0881712962962963
10 0.4182291666666667 0.3484259259259259 0.0825231481481481 0.0865393518518518
10 0.7698842592592593 0.33957175925925925 0.09504629629629627 0.08819444444444446
7 0.38004050925925925 0.13154513888888889 0.07809027777777774 0.10369212962962963
10 0.6703414351851851 0.25672453703703707 0.08399305555555543 0.08030092592592589
7 0.25059606481481483 0.22155671296296298 0.08914351851851858 0.11158564814814813
10 0.21371527777777777 0.3382233796296296 0.07932870370370368 0.08182870370370372
9 0.5145601851851852 0.1735127314814815 0.09215277777777793 0.1037962962962963
12 0.79 0.14178819444444443 0.1343865740740739 0.10723379629629629
12 0.5121006944444444 0.07588541666666668 0.0887731481481481 0.08658564814814815
11 0.7155034722222222 0.05857060185185185 0.15649305555555557 0.1171412037037037