10 0.6894675925925926 0.3785069444444445 0.04745370370370381 0.059826388888888894
10 0.647511574074074 0.40394097222222225 0.05075231481481488 0.06465277777777771
10 0.7269965277777778 0.3598958333333333 0.03790509259259256 0.05472222222222225
10 0.7708912037037037 0.3446875 0.04409722222222214 0.053437499999999985
10 0.590017361111111 0.4099652777777777 0.04901620370370381 0.05989583333333322
10 0.5383969907407408 0.42717013888888894 0.050694444444444466 0.06309027777777772
10 0.49071180555555555 0.4453298611111111 0.05231481481481488 0.06472222222222221
10 0.4383680555555555 0.4640625 0.04745370370370381 0.059826388888888894
1 0.6135706018518519 0.6668402777777778 0.07349537037037024 0.0890625
4 0.569068287037037 0.6867013888888889 0.06724537037037041 0.08878472222222218
0 0.6403935185185186 0.6329340277777777 0.05214120370370381 0.06003472222222221
0 0.5278645833333334 0.6903298611111112 0.051041666666666784 0.07246527777777771
2 0.6740162037037037 0.6141493055555556 0.04444444444444447 0.06281250000000008
2 0.4917824074074074 0.7058854166666666 0.04924768518518512 0.06614583333333321
5 0.7031828703703704 0.6014062499999999 0.04108796296296298 0.05642361111111107
5 0.4442708333333334 0.728732638888889 0.047511574074074046 0.061388888888888896
3 0.44574652777777785 0.6843402777777777 0.04293981481481488 0.06430555555555557
3 0.48559027777777775 0.6650520833333333 0.036226851851851906 0.05152777777777775
3 0.529224537037037 0.6428125 0.04432870370370381 0.059687500000000074
3 0.5652777777777778 0.6264756944444445 0.03790509259259256 0.05472222222222225
3 0.6043981481481482 0.6087152777777778 0.04108796296296298 0.05642361111111107
3 0.6403356481481481 0.5892534722222222 0.039120370370370236 0.04541666666666657
3 0.6778645833333334 0.5706423611111111 0.04050925925925917 0.04079861111111107
3 0.7083912037037037 0.5525 0.039293981481481485 0.050104166666666575
12 0.434056712962963 0.41083333333333333 0.06701388888888893 0.08253472222222218
12 0.7821180555555556 0.28980902777777773 0.05729166666666678 0.07274305555555553
9 0.4926793981481482 0.3931597222222222 0.062268518518518515 0.08076388888888886
9 0.7375 0.30654513888888885 0.07170138888888893 0.0827430555555555
7 0.5507233796296297 0.38092013888888887 0.07008101851851851 0.08111111111111118
7 0.6936921296296296 0.3240972222222222 0.07800925925925917 0.08458333333333332
8 0.6167534722222222 0.3737152777777778 0.09473379629629637 0.11496527777777779
11 0.6580150462962964 0.3505902777777778 0.08778935185185191 0.09593749999999997