5 0.53359375 0.7849247685185186 0.084375 0.1546875
0 0.6171875 0.7740162037037037 0.0984375 0.12395833333333339
5 0.565625 0.27123842592592595 0.1125 0.10572916666666661
2 0.4515625 0.7926504629629629 0.109375 0.15405092592592595
2 0.5 0.4728877314814815 0.103125 0.14600694444444445
3 0.5890625 0.5063078703703704 0.075 0.10902777777777786
3 0.478125 0.10338541666666665 0.1015625 0.11469907407407405
3 0.41640625 0.3486400462962963 0.0890625 0.14079861111111108
3 0.3453125 0.602835648148148 0.109375 0.16967592592592595
3 0.5515625 0.9616030092592591 0.078125 0.038831018518518334
4 0.30859375 0.8995081018518519 0.178125 0.18159722222222213
1 0.23515625 0.27175925925925926 0.221875 0.21134259259259255