10 0.36558449074074073 0.29538194444444443 0.13994212962962962 0.12326388888888892
10 0.0952662037037037 0.5253125 0.10453703703703703 0.07878472222222221
10 0.8795717592592591 0.4563888888888889 0.08587962962962976 0.07993055555555557
10 0.6425925925925926 0.4265451388888889 0.0873495370370371 0.07840277777777782
10 0.34953125 0.5399479166666666 0.08091435185185185 0.07513888888888882
10 0.6231944444444444 0.5432291666666667 0.07585648148148146 0.06878472222222225
10 0.19044560185185186 0.6176041666666666 0.09047453703703705 0.07847222222222214
7 0.2884722222222222 0.7145138888888889 0.09939814814814821 0.09739583333333339
7 0.45968171296296295 0.7614236111111111 0.08505787037037038 0.09239583333333315
12 0.6187731481481482 0.7758333333333333 0.06997685185185176 0.07489583333333343
9 0.5521354166666667 0.6758854166666668 0.08000000000000007 0.08604166666666657
8 0.8662789351851853 0.7992013888888889 0.09086805555555558 0.13777777777777783
11 0.8092766203703704 0.7341493055555556 0.09168981481481495 0.12531250000000008
12 0.8113946759259261 0.6194097222222222 0.08293981481481509 0.08298611111111107