12 0.8159895833333334 0.5252604166666666 0.06313657407407405 0.09010416666666679
9 0.7841956018518518 0.55515625 0.05541666666666671 0.10208333333333339
11 0.7151157407407407 0.6114583333333333 0.07130787037037045 0.1390625
7 0.6197164351851852 0.6988020833333334 0.061701388888888785 0.10718749999999985
12 0.5244733796296297 0.8072395833333333 0.0647337962962963 0.09489583333333336
9 0.5763136574074074 0.7427604166666667 0.06314814814814813 0.09166666666666679
8 0.6762905092592593 0.6408854166666667 0.08847222222222229 0.13708333333333336
7 0.7492766203703705 0.58484375 0.06479166666666672 0.10270833333333336
10 0.7356828703703704 0.43635416666666665 0.05209490740740748 0.07531250000000007
10 0.6644675925925926 0.41520833333333335 0.05048611111111114 0.06895833333333332
10 0.6697858796296297 0.5006770833333334 0.05053240740740748 0.07520833333333332
10 0.6214699074074075 0.5138541666666667 0.04428240740740748 0.07479166666666667
10 0.5812037037037037 0.5595833333333333 0.048969907407407476 0.07510416666666657
10 0.4712152777777778 0.5748958333333334 0.0584143518518518 0.08510416666666672
10 0.42005787037037035 0.6261458333333334 0.048969907407407476 0.07510416666666657
3 0.6593055555555555 0.35083333333333333 0.05365740740740747 0.07541666666666665
3 0.5935937499999999 0.33473958333333337 0.04429398148148138 0.07635416666666668
3 0.5547106481481482 0.35635416666666664 0.037986111111111144 0.06812500000000003
3 0.5143171296296296 0.3848958333333333 0.04429398148148138 0.07635416666666668
3 0.47703703703703704 0.41208333333333336 0.03645833333333322 0.07270833333333329
3 0.43501736111111117 0.43192708333333335 0.041157407407407476 0.07458333333333336
3 0.38763310185185185 0.46546875 0.04586805555555547 0.07802083333333343
3 0.384375 0.5527083333333334 0.056782407407407476 0.07562499999999997
5 0.2808275462962963 0.3833854166666667 0.05062499999999996 0.08770833333333332
5 0.5741030092592593 0.23348958333333333 0.04273148148148156 0.07625000000000001
2 0.535162037037037 0.24729166666666663 0.0427893518518518 0.08406249999999993
0 0.500943287037037 0.26609375 0.0428587962962963 0.09343749999999992
0 0.37885416666666666 0.33447916666666666 0.04762731481481479 0.1046875
2 0.3275173611111111 0.36151041666666667 0.05065972222222222 0.09239583333333332
4 0.41994791666666664 0.2950520833333333 0.05090277777777778 0.1252083333333333
1 0.4650115740740741 0.26447916666666665 0.05412037037037045 0.13791666666666663
10 0.5537789351851853 0.44140625 0.04585648148148138 0.07645833333333343