12 0.4106770833333333 0.8168229166666666 0.08499999999999996 0.06166666666666672
9 0.446875 0.7997916666666667 0.09552083333333332 0.05614583333333343
11 0.5180208333333333 0.7586458333333332 0.13249999999999992 0.07416666666666671
7 0.6233333333333333 0.7050000000000001 0.09906249999999997 0.06260416666666657
12 0.7509895833333333 0.6598437500000001 0.08833333333333329 0.06500000000000003
9 0.6778645833333334 0.68296875 0.08666666666666671 0.06333333333333328
8 0.5553645833333334 0.73546875 0.12885416666666671 0.08947916666666664
7 0.484375 0.7789583333333333 0.09770833333333329 0.065625
10 0.35052083333333334 0.7194791666666667 0.06885416666666666 0.05281249999999993
10 0.3514583333333333 0.651875 0.06395833333333334 0.04937500000000004
10 0.42744791666666665 0.6833854166666666 0.06864583333333325 0.049687499999999926
10 0.45380208333333333 0.6470312500000001 0.06989583333333335 0.0451041666666665
10 0.5076562499999999 0.6265104166666666 0.07020833333333343 0.04979166666666668
10 0.5522395833333333 0.5369270833333333 0.07697916666666664 0.05802083333333332
10 0.61265625 0.50984375 0.07020833333333343 0.04979166666666668
3 0.2944791666666667 0.6255208333333334 0.06885416666666666 0.05281249999999993
3 0.2973958333333333 0.5642708333333333 0.07145833333333336 0.04520833333333343
3 0.32744791666666667 0.53671875 0.06468749999999997 0.036979166666666605
3 0.36468749999999994 0.5119791666666667 0.07145833333333336 0.04520833333333343
3 0.40041666666666664 0.48791666666666667 0.06760416666666665 0.034062499999999926
3 0.43046875 0.4603645833333333 0.06812500000000003 0.041874999999999926
3 0.47354166666666664 0.4297916666666667 0.07312499999999993 0.046875
3 0.5553645833333333 0.45546875 0.07062500000000008 0.05604166666666668
5 0.42822916666666666 0.3101041666666666 0.08260416666666667 0.04906249999999997
5 0.20921875 0.51328125 0.07135416666666669 0.04364583333333325
2 0.2321875 0.4844791666666667 0.07906250000000004 0.042604166666666644
0 0.25859375 0.46057291666666667 0.08989583333333329 0.041770833333333354
0 0.35578125 0.3783854166666667 0.09666666666666668 0.05
2 0.39546875000000004 0.3436979166666666 0.0875 0.05250000000000003
4 0.30833333333333335 0.40166666666666667 0.11708333333333334 0.05291666666666668
1 0.26822916666666663 0.4301041666666666 0.13135416666666666 0.05697916666666671
10 0.40546875 0.5636979166666667 0.07145833333333336 0.04520833333333343