8 0.6660532407407407 0.6763020833333334 0.07937499999999993 0.08611111111111107
9 0.740451388888889 0.63734375 0.04934027777777779 0.062013888888888855
4 0.6126099537037037 0.17918402777777778 0.07918981481481477 0.07361111111111115
0 0.6517534722222222 0.18552083333333333 0.058668981481481454 0.059097222222222225
2 0.6992592592592592 0.1764236111111111 0.061840277777777786 0.062291666666666676
5 0.7366898148148149 0.17256944444444444 0.05706018518518512 0.05593749999999997
3 0.7370196759259259 0.24755208333333334 0.055613425925925955 0.06371527777777777
3 0.6918460648148148 0.25592013888888887 0.0413657407407408 0.05090277777777778
3 0.6480960648148149 0.25494791666666666 0.0506712962962963 0.04642361111111111
3 0.6060243055555555 0.2618229166666667 0.044490740740740796 0.0509722222222222
3 0.5575868055555555 0.2607465277777778 0.04138888888888896 0.052465277777777784
3 0.5045081018518518 0.2626909722222222 0.042766203703703806 0.040000000000000036
3 0.45162615740740736 0.2779166666666667 0.04761574074074062 0.05104166666666661
3 0.3953993055555555 0.27822916666666664 0.04134259259259263 0.04934027777777779
5 0.3856828703703704 0.20225694444444448 0.055752314814814866 0.07309027777777777
2 0.45109953703703703 0.18965277777777778 0.06034722222222229 0.06694444444444447
0 0.5002719907407407 0.1876215277777778 0.06335648148148146 0.05920138888888884
1 0.5611168981481482 0.18272569444444445 0.07930555555555543 0.08142361111111111
10 0.4594328703703704 0.64671875 0.04616898148148145 0.058819444444444355
10 0.5005844907407407 0.6304513888888889 0.04773148148148145 0.05885416666666661
10 0.5535590277777778 0.6214756944444444 0.03991898148148145 0.058680555555555715
10 0.5978240740740741 0.6044965277777778 0.04299768518518512 0.055625000000000036
10 0.6476967592592593 0.5970138888888888 0.03814814814814813 0.04458333333333329
10 0.6874016203703703 0.5885243055555556 0.047662037037036954 0.054166666666666786
10 0.7310358796296297 0.5816840277777777 0.04127314814814813 0.044652777777777784
10 0.7690509259259259 0.5645659722222222 0.05237268518518512 0.05583333333333336
12 0.46428819444444447 0.7108680555555555 0.04931712962962962 0.06045138888888886
12 0.7895312499999999 0.6290625000000001 0.05876157407407412 0.06534722222222236
9 0.5203877314814814 0.7019618055555557 0.054189814814814954 0.07305555555555543
7 0.5646759259259259 0.6865451388888889 0.05253472222222229 0.06677083333333336
7 0.6999768518518519 0.6465972222222222 0.05552083333333328 0.05746527777777786
11 0.6153530092592593 0.6806423611111111 0.06531249999999993 0.085798611111111