12 0.6646296296296296 0.3457928240740741 0.10143518518518527 0.06364583333333336
11 0.6249189814814814 0.5675636574074074 0.13532407407407412 0.05630787037037024
8 0.6196296296296296 0.6393460648148148 0.14197916666666668 0.0644907407407409
7 0.6450925925925926 0.4958796296296296 0.11040509259259253 0.05638888888888882
7 0.6233506944444445 0.7187152777777778 0.10884259259259252 0.05629629629629633
9 0.6233275462962963 0.7947280092592592 0.10488425925925923 0.0700810185185187
9 0.6559317129629629 0.4228587962962963 0.10175925925925924 0.06989583333333335
12 0.634537037037037 0.8808101851851852 0.1019212962962964 0.07302083333333335
10 0.5044444444444445 0.3519733796296296 0.08359953703703696 0.050127314814814736
10 0.422511574074074 0.42078125 0.07249999999999997 0.046354166666666606
10 0.5028645833333333 0.4882349537037037 0.07093749999999996 0.04626157407407412
10 0.47931134259259256 0.54953125 0.07562500000000014 0.04653935185185176
10 0.487962962962963 0.6244907407407407 0.07562499999999997 0.04653935185185176
10 0.4126793981481482 0.7313078703703704 0.07266203703703696 0.04947916666666678
10 0.41660300925925925 0.8067708333333332 0.08063657407407412 0.05306712962962976
10 0.3631192129629629 0.5536168981481481 0.07258101851851854 0.04791666666666679
3 0.36506944444444445 0.36487268518518523 0.07726851851851854 0.04819444444444443
3 0.3044733796296296 0.43024305555555553 0.07718749999999996 0.04663194444444443
3 0.29859375000000005 0.48318287037037033 0.07249999999999997 0.046354166666666786
3 0.2930497685185185 0.5447627314814815 0.067488425925926 0.039826388888888786
3 0.2902546296296296 0.5986689814814815 0.06732638888888882 0.036701388888888783
3 0.2852372685185185 0.6500925925925927 0.06765046296296298 0.04295138888888879
3 0.2850405092592593 0.7143402777777779 0.0737384259259259 0.0401967592592591
3 0.336568287037037 0.7785185185185185 0.07726851851851854 0.04819444444444443
5 0.1686574074074074 0.7372222222222222 0.0835185185185185 0.04856481481481474
5 0.20652777777777778 0.3695833333333333 0.07874999999999996 0.04672453703703701
2 0.19571759259259258 0.4269328703703703 0.0897685185185185 0.04893518518518505
2 0.1733912037037037 0.6912673611111112 0.09445601851851851 0.04921296296296305
0 0.18699652777777778 0.47421875 0.09890046296296298 0.04480324074074069
0 0.17931134259259257 0.6375462962962963 0.09890046296296293 0.04480324074074069
4 0.16405671296296295 0.5841377314814815 0.13351851851851854 0.05152777777777775
1 0.16244791666666664 0.5244849537037037 0.1460185185185185 0.05226851851851855