12 0.7828356481481482 0.6880208333333334 0.06283564814814824 0.04994212962962976
9 0.7503993055555556 0.6348090277777778 0.06437500000000007 0.046932870370370416
7 0.7265277777777778 0.5861400462962962 0.05812500000000007 0.04646990740740744
8 0.7120775462962963 0.5319155092592592 0.0691203703703703 0.05509259259259256
11 0.6882002314814815 0.48402777777777783 0.06755787037037031 0.0549768518518519
7 0.6682291666666667 0.4364293981481481 0.05972222222222214 0.051273148148148096
9 0.6498263888888889 0.38816550925925924 0.04879629629629641 0.052025462962962975
12 0.6259606481481482 0.33871527777777777 0.04879629629629641 0.052025462962962975
10 0.5093981481481482 0.3511863425925926 0.04250000000000007 0.0453125
10 0.46911458333333333 0.40760995370370373 0.04560185185185191 0.04241898148148149
10 0.5579224537037037 0.448582175925926 0.042465277777777824 0.040625
10 0.5614699074074074 0.49730902777777786 0.040879629629629655 0.037384259259259166
10 0.592349537037037 0.5496238425925926 0.042453703703703737 0.0390625
10 0.5799305555555556 0.643287037037037 0.042453703703703737 0.0390625
10 0.6100057870370371 0.6986689814814815 0.05031250000000007 0.04589120370370363
3 0.5396122685185185 0.7043981481481482 0.045636574074073975 0.047106481481481485
3 0.45858217592592593 0.6686921296296295 0.044050925925925986 0.04386574074074083
3 0.43082175925925925 0.6173900462962962 0.03931712962962965 0.03726851851851851
3 0.4155150462962963 0.5732638888888889 0.044039351851851906 0.042303240740740836
3 0.39242476851851854 0.5246527777777777 0.039293981481481485 0.03414351851851851
3 0.37248263888888894 0.4731481481481482 0.04560185185185191 0.04241898148148149
3 0.35563078703703704 0.4265625 0.0534259259259259 0.04456018518518512
3 0.3896875 0.366550925925926 0.05031249999999998 0.04589120370370363
5 0.3447858796296296 0.729832175925926 0.05502314814814815 0.04936342592592595
5 0.21058449074074073 0.3798611111111111 0.05973379629629631 0.05283564814814819
2 0.2328472222222222 0.4346643518518519 0.06596064814814814 0.05017361111111107
2 0.3326099537037037 0.68515625 0.059699074074074064 0.04814814814814809
0 0.3165856481481481 0.6323784722222222 0.05818287037037031 0.05428240740740744
0 0.24737847222222223 0.47795138888888894 0.061249999999999985 0.04670138888888893
1 0.2618460648148148 0.5298321759259259 0.07070601851851847 0.058333333333333216
4 0.28800925925925924 0.5857060185185186 0.06604166666666664 0.061111111111111074