3 0.6954166666666667 0.5104166666666666 0.06781249999999997 0.08200231481481488
3 0.6294270833333333 0.5183159722222223 0.05177083333333332 0.07517361111111107
3 0.55578125 0.5358506944444444 0.06385416666666668 0.06938657407407404
3 0.4955729166666666 0.5505497685185186 0.058333333333333216 0.08009259259259256
3 0.4294791666666667 0.5600115740740741 0.06145833333333339 0.08020833333333321
3 0.36895833333333333 0.579398148148148 0.06489583333333329 0.08501157407407404
3 0.29614583333333333 0.5961226851851851 0.060833333333333336 0.07083333333333322
3 0.2348958333333333 0.6147569444444445 0.06479166666666672 0.08344907407407405
5 0.23500000000000001 0.7067129629629629 0.0739583333333333 0.08067129629629619
5 0.71953125 0.5929108796296296 0.0640625 0.07251157407407405
2 0.6453125 0.607349537037037 0.07583333333333328 0.08541666666666661
2 0.29911458333333335 0.6801793981481481 0.06697916666666667 0.06950231481481488
0 0.57640625 0.6239293981481481 0.05989583333333322 0.08015046296296298
0 0.3730729166666667 0.6696469907407407 0.06020833333333338 0.08483796296296298
4 0.5132291666666667 0.6364004629629629 0.06447916666666664 0.1021412037037038
1 0.4376041666666667 0.6485532407407407 0.075 0.09629629629629637
10 0.21369791666666665 0.24302662037037037 0.05281249999999993 0.06741898148148148
10 0.2810416666666667 0.22650462962962964 0.05875000000000004 0.08634259259259255
10 0.3360416666666667 0.20810185185185187 0.05 0.07199074074074074
10 0.3955729166666667 0.20355902777777776 0.051979166666666646 0.07829861111111107
10 0.4536458333333334 0.18582175925925926 0.047395833333333214 0.0796875
10 0.5142187500000001 0.16565393518518517 0.050104166666666575 0.07355324074074074
10 0.5679166666666667 0.1550925925925926 0.05437499999999993 0.06747685185185186
10 0.62734375 0.1404224537037037 0.05770833333333325 0.07071759259259261
12 0.6210416666666667 0.07129629629629629 0.06166666666666672 0.08333333333333333
12 0.21546875000000001 0.1697048611111111 0.0734375 0.09623842592592595
9 0.275625 0.1440972222222222 0.05760416666666668 0.09253472222222223
9 0.5586979166666667 0.08295717592592591 0.057499999999999926 0.0909722222222222
7 0.5005208333333333 0.09056712962962962 0.0609375 0.09577546296296298
7 0.33015625000000004 0.13272569444444443 0.05958333333333332 0.0988425925925926
8 0.43843750000000004 0.08663194444444444 0.07666666666666658 0.1446759259259259
11 0.37921875 0.10986689814814814 0.07593750000000003 0.13373842592592594