8 0.6488715277777778 0.37277199074074074 0.0747106481481481 0.07922453703703702
9 0.7259548611111111 0.4107349537037037 0.047395833333333214 0.057928240740740655
4 0.6566261574074075 0.8559895833333332 0.07280092592592595 0.06979166666666643
0 0.6938368055555555 0.8495659722222222 0.05509259259259256 0.05509259259259238
2 0.7401331018518519 0.856741898148148 0.05671296296296298 0.05671296296296298
5 0.7769386574074074 0.8604456018518519 0.05341435185185191 0.05190972222222214
3 0.7680266203703704 0.7883391203703705 0.05208333333333322 0.058101851851851904
3 0.7240451388888889 0.78046875 0.037673611111111074 0.04820601851851869
3 0.6819444444444445 0.78125 0.04525462962962958 0.04224537037037024
3 0.6395833333333334 0.775 0.04236111111111107 0.048379629629629585
3 0.592824074074074 0.7763888888888889 0.03923611111111107 0.048263888888888926
3 0.5421006944444444 0.776070601851852 0.03888888888888893 0.03888888888888893
3 0.4885127314814815 0.7616030092592593 0.04386574074074083 0.046875
3 0.4346643518518519 0.7611689814814815 0.03923611111111107 0.048263888888888926
5 0.4343171296296296 0.8360532407407408 0.05092592592592595 0.06898148148148167
2 0.4986689814814815 0.8462384259259259 0.056944444444444464 0.06296296296296297
0 0.5463252314814815 0.8480034722222222 0.05815972222222214 0.05364583333333357
1 0.605005787037037 0.8525173611111111 0.07777777777777786 0.07777777777777786
10 0.4526331018518519 0.40373263888888894 0.041030092592592736 0.05457175925925917
10 0.4953414351851852 0.41935763888888894 0.04415509259259256 0.0546875
10 0.5463541666666666 0.42748842592592595 0.03645833333333322 0.057523148148148094
10 0.59140625 0.44320023148148147 0.0409143518518519 0.051446759259259164
10 0.6408564814814814 0.4512731481481481 0.034317129629629586 0.04184027777777786
10 0.6793402777777777 0.45815972222222223 0.04241898148148149 0.049942129629629586
10 0.7232638888888889 0.46446759259259257 0.039004629629629764 0.04201388888888893
10 0.7613136574074074 0.4807002314814815 0.0471643518518519 0.05167824074074083
12 0.449537037037037 0.34120370370370373 0.04733796296296298 0.056365740740740744
12 0.7738136574074075 0.41796875 0.05688657407407405 0.061400462962962976
9 0.5060185185185185 0.34953703703703703 0.04930555555555553 0.06736111111111107
7 0.5502314814814815 0.3636574074074074 0.047511574074074046 0.06105324074074074
7 0.6866030092592592 0.4014756944444445 0.05196759259259256 0.0549768518518519
11 0.5996238425925926 0.37016782407407406 0.06232638888888893 0.08188657407407404