5 0.4457812499999999 0.16703125000000002 0.054166666666666786 0.08809027777777781
2 0.4729166666666667 0.20017361111111112 0.054895833333333324 0.0990277777777778
0 0.5009375 0.23491319444444442 0.054166666666666786 0.08809027777777781
1 0.5337500000000001 0.25973958333333336 0.10218750000000014 0.13072916666666662
4 0.5858854166666667 0.3173611111111111 0.09250000000000007 0.12562499999999996
0 0.6411458333333334 0.3751215277777778 0.08135416666666657 0.09864583333333332
2 0.68953125 0.43491319444444443 0.07895833333333328 0.086076388888889
3 0.41812499999999997 0.24291666666666667 0.057395833333333354 0.06642361111111113
3 0.4453645833333333 0.27762152777777777 0.058333333333333216 0.05711805555555553
3 0.4815104166666667 0.3173958333333333 0.057395833333333354 0.06642361111111113
3 0.51734375 0.36416666666666664 0.05906249999999993 0.06805555555555554
3 0.55625 0.4102951388888889 0.06218749999999993 0.06819444444444436
12 0.41640625 0.9920833333333334 0.08000000000000007 0.015833333333333144
9 0.37677083333333333 0.9312152777777779 0.09083333333333332 0.07725694444444428
7 0.34124999999999994 0.8540798611111111 0.09145833333333328 0.06326388888888915
8 0.2895833333333333 0.7801215277777778 0.13104166666666667 0.07281250000000003
11 0.27067708333333335 0.7185243055555556 0.1125 0.07510416666666675
7 0.25734375 0.6704166666666667 0.0875 0.05062499999999996
9 0.23755208333333333 0.61890625 0.0802083333333333 0.058090277777777644
12 0.22312500000000002 0.5660763888888889 0.06760416666666665 0.05597222222222218
10 0.46677083333333336 0.9492361111111112 0.07166666666666668 0.070173611111111
10 0.42817708333333326 0.8727430555555555 0.06812499999999985 0.06378472222222235
10 0.39234375 0.8026041666666666 0.06749999999999998 0.05440972222222236
10 0.35869791666666667 0.7302256944444444 0.06104166666666666 0.051006944444444355
10 0.3319270833333333 0.6675000000000001 0.061249999999999985 0.05413194444444436
10 0.3035416666666667 0.6156076388888889 0.05791666666666666 0.050868055555555534
10 0.28088541666666667 0.5678645833333333 0.056354166666666664 0.05079861111111104
10 0.25609375 0.5114583333333333 0.05802083333333332 0.052430555555555536
3 0.7107291666666666 0.5776215277777779 0.06645833333333329 0.08552083333333335
3 0.6509375000000001 0.5219965277777778 0.065625 0.07302083333333335
3 0.59671875 0.4564930555555556 0.05916666666666668 0.06961805555555553
5 0.7616666666666667 0.5004340277777778 0.07291666666666678 0.08892361111111118