10 0.9939004629629629 0.740625 0.01219907407407419 0.14375
10 0.5773958333333333 0.51328125 0.08258101851851851 0.0859375
10 0.6874594907407408 0.84296875 0.09260416666666664 0.0984375
10 0.7318055555555556 0.44765625 0.09104166666666665 0.0984375
10 0.6033912037037037 0.1859375 0.08972222222222222 0.103125
7 0.344212962962963 0.77734375 0.11103009259259258 0.0921875
12 0.27259837962962963 0.6015625 0.08662037037037038 0.0734375
9 0.1929513888888889 0.075 0.09917824074074075 0.1046875
12 0.4068171296296296 0.32734375 0.09532407407407409 0.090625
7 0.46668981481481486 0.9546875 0.11407407407407408 0.090625
9 0.4254861111111111 0.6421875 0.10469907407407408 0.090625
8 0.16607060185185185 0.325 0.1559375 0.084375
11 0.2581423611111111 0.36796875 0.15771990740740743 0.11875