5 0.8987962962962964 0.7301793981481481 0.09408564814814824 0.0674768518518519
2 0.8728703703703704 0.6980034722222223 0.1035532407407409 0.07094907407407405
0 0.8461168981481482 0.664236111111111 0.09252314814814824 0.06741898148148132
1 0.8294039351851852 0.6269386574074074 0.14565972222222215 0.12245370370370381
4 0.785457175925926 0.5660011574074074 0.13752314814814817 0.11122685185185191
0 0.7437152777777778 0.500462962962963 0.11054398148148152 0.09618055555555553
2 0.6975405092592593 0.44334490740740745 0.09790509259259253 0.09103009259259257
3 0.8171585648148149 0.7404224537037037 0.07221064814814823 0.06666666666666661
3 0.7888425925925926 0.7065972222222222 0.06439814814814823 0.06637731481481488
3 0.7595138888888888 0.6649305555555556 0.07377314814814824 0.06672453703703703
3 0.7215451388888889 0.6213831018518519 0.0769444444444444 0.06840277777777785
3 0.6866087962962963 0.5748263888888889 0.07699074074074072 0.06996527777777786
12 0.05292824074074074 0.5747685185185185 0.07456018518518519 0.09328703703703703
9 0.12566550925925926 0.6328703703703704 0.09041666666666667 0.10167824074074083
7 0.19267939814814813 0.6821759259259259 0.0762615740740741 0.09803240740740744
8 0.25234375 0.7468171296296295 0.09621527777777779 0.1393518518518519
11 0.30945023148148143 0.777806712962963 0.09414351851851847 0.12210648148148132
7 0.3538483796296296 0.8013020833333332 0.06366898148148144 0.09444444444444429
9 0.398431712962963 0.8310474537037038 0.07125000000000004 0.08692129629629619
12 0.4468055555555555 0.85703125 0.06462962962962955 0.07418981481481488
10 0.13162037037037036 0.5441261574074074 0.0804398148148148 0.08101851851851852
10 0.19560185185185186 0.5964409722222223 0.07244212962962963 0.07447916666666661
10 0.25714699074074077 0.6455439814814815 0.06462962962962963 0.07418981481481488
10 0.3201851851851852 0.6923611111111111 0.05975694444444439 0.06776620370370381
10 0.37439814814814815 0.7310474537037037 0.06283564814814815 0.06631944444444446
10 0.4192592592592592 0.7701678240740741 0.058101851851851904 0.0645833333333334
10 0.4599826388888889 0.8013310185185185 0.05961805555555557 0.0630787037037038
10 0.5101736111111111 0.8359664351851851 0.06118055555555557 0.06313657407407405
3 0.5610185185185185 0.3922453703703704 0.09445601851851855 0.07997685185185181
3 0.6005092592592594 0.4608217592592593 0.08186342592592588 0.07638888888888892
3 0.6508217592592593 0.5258969907407407 0.07855324074074073 0.0700231481481481
5 0.6498437499999999 0.3611979166666667 0.0977662037037037 0.08634259259259255