3 0.8718634259259259 0.5941145833333333 0.06656249999999986 0.04503472222222236
3 0.8535474537037036 0.6520486111111111 0.060219907407407194 0.043194444444444355
3 0.8205439814814814 0.66703125 0.06821759259259252 0.0466666666666665
3 0.7833159722222222 0.6739930555555556 0.06665509259259253 0.04659722222222218
3 0.7441550925925926 0.6871354166666667 0.07162037037037053 0.0514930555555555
3 0.6970428240740741 0.7022743055555556 0.06858796296296284 0.05291666666666668
3 0.6468981481481482 0.7157118055555556 0.07667824074074084 0.057951388888889
10 0.8649016203703702 0.5397569444444444 0.06490740740740719 0.04340277777777786
10 0.8264756944444445 0.5537152777777777 0.06509259259259252 0.046527777777777855
10 0.7490509259259259 0.5252083333333333 0.06968749999999986 0.045173611111111
10 0.7035474537037036 0.5396354166666667 0.06628472222222222 0.04034722222222218
5 0.9104050925925925 0.7368229166666667 0.06987268518518519 0.04829861111111118
2 0.885445601851852 0.7482465277777777 0.08614583333333314 0.05993055555555564
0 0.8504224537037036 0.7576562499999999 0.09248842592592581 0.06177083333333329
4 0.8309722222222222 0.7818576388888889 0.13119212962962976 0.08374999999999985
1 0.7944733796296296 0.802951388888889 0.15390046296296306 0.09878472222222215
0 0.7261747685185185 0.8187152777777778 0.10232638888888879 0.06999999999999992
2 0.6788773148148148 0.8369791666666666 0.09451388888888879 0.06965277777777779
12 0.8508449074074076 0.42006944444444444 0.0633449074074072 0.043333333333333356
9 0.8143981481481483 0.4270659722222222 0.0758449074074072 0.043888888888889
7 0.7835127314814814 0.4327430555555556 0.0886226851851852 0.049131944444444464
8 0.7620543981481482 0.4247395833333333 0.13054398148148144 0.07281250000000003
11 0.7109027777777778 0.4287326388888889 0.12273148148148146 0.07246527777777771
7 0.6525347222222223 0.4355381944444444 0.10030092592592581 0.062118055555555426
9 0.6015219907407408 0.43718749999999995 0.09129629629629629 0.06795138888888878
12 0.5408101851851852 0.4438888888888889 0.08789351851851848 0.06312499999999996
5 0.6133333333333333 0.8591319444444444 0.09479166666666679 0.07434027777777778
10 0.5506423611111112 0.5555555555555556 0.0780555555555555 0.054895833333333324
10 0.6198321759259259 0.6040625000000001 0.07143518518518518 0.0483680555555555
10 0.7307175925925926 0.6230902777777778 0.0729976851851852 0.0484375
10 0.6554340277777777 0.532013888888889 0.06978009259259252 0.046736111111111
3 0.5758680555555555 0.6718229166666667 0.08614583333333332 0.05993055555555564