1 0.5849479166666667 0.7543055555555556 0.09358796296296301 0.1013425925925926
0 0.5581018518518519 0.789861111111111 0.06274305555555557 0.061840277777777786
2 0.5345659722222222 0.819212962962963 0.06306712962962954 0.07277777777777779
5 0.5067997685185185 0.8594444444444445 0.05957175925925924 0.060231481481481455
12 0.48170717592592593 0.22910879629629627 0.07864583333333339 0.07144675925925928
12 0.32728587962962963 0.5871354166666667 0.059247685185185174 0.04929398148148145
9 0.3402777777777778 0.5443402777777777 0.06586805555555557 0.06188657407407412
9 0.45368055555555553 0.30450810185185184 0.0767129629629629 0.05892361111111111
7 0.36186342592592596 0.5016724537037037 0.06738425925925924 0.06034722222222229
7 0.4295196759259259 0.3549537037037037 0.07041666666666657 0.05726851851851853
11 0.3740277777777778 0.4604282407407407 0.08347222222222221 0.07620370370370359
8 0.3918460648148148 0.41301504629629626 0.10065972222222222 0.07645833333333343
10 0.37288194444444445 0.6573726851851852 0.0482175925925926 0.04600694444444446
10 0.4214351851851852 0.6541840277777778 0.056493055555555574 0.06174768518518512
10 0.41704282407407406 0.5650173611111111 0.05281249999999993 0.04295138888888879
10 0.49844907407407407 0.5873263888888889 0.045231481481481414 0.05064814814814831
10 0.4453587962962963 0.5326099537037037 0.053043981481481595 0.05076388888888879
10 0.4682118055555556 0.4735474537037037 0.046655092592592595 0.0459837962962963
10 0.5435011574074073 0.41213541666666664 0.05626157407407408 0.05393518518518512
10 0.575318287037037 0.34070023148148143 0.059432870370370414 0.05554398148148145
3 0.429369212962963 0.7293344907407407 0.05488425925925924 0.06016203703703695
3 0.4809780092592593 0.7285358796296296 0.061087962962962906 0.05869212962962962
3 0.5096180555555556 0.6851909722222222 0.05469907407407408 0.05391203703703695
3 0.5360300925925927 0.6379050925925925 0.053275462962962906 0.05857638888888879
3 0.5647164351851852 0.5929976851851851 0.053043981481481595 0.05076388888888879
3 0.5958391203703703 0.5449999999999999 0.05479166666666657 0.057037037037036956
3 0.6279513888888889 0.4899826388888888 0.0551157407407409 0.06797453703703696
3 0.6158622685185184 0.3967939814814815 0.05612268518518526 0.04924768518518512
5 0.7447164351851852 0.5323553240740742 0.07087962962962954 0.07289351851851862
2 0.6994618055555556 0.582488425925926 0.06283564814814824 0.06496527777777779
0 0.6596759259259259 0.6327025462962963 0.07726851851851854 0.07767361111111111
4 0.6258391203703704 0.6931655092592592 0.08099537037037052 0.09803240740740744