10 0.5877951388888889 0.6797743055555555 0.13166666666666665 0.11527777777777785
10 0.8980729166666667 0.4996701388888889 0.10104166666666678 0.07246527777777771
10 0.1133738425925926 0.4172395833333334 0.08247685185185186 0.07517361111111107
10 0.34141782407407406 0.4925347222222222 0.08238425925925927 0.07361111111111107
10 0.6506307870370371 0.43572916666666667 0.07907407407407412 0.07041666666666657
10 0.38172453703703707 0.3785069444444445 0.0725462962962963 0.06559027777777775
10 0.822019675925926 0.3874479166666666 0.08697916666666679 0.07215277777777782
7 0.7455092592592593 0.2697743055555556 0.09452546296296305 0.09416666666666665
7 0.5864930555555555 0.1882638888888889 0.07862268518518523 0.08913194444444446
12 0.4323321759259259 0.14331597222222223 0.06657407407407412 0.07013888888888893
9 0.477824074074074 0.2577777777777778 0.07825231481481473 0.0828819444444445
8 0.19316550925925927 0.07138888888888889 0.07983796296296294 0.13597222222222222
11 0.2369733796296296 0.1484375 0.08516203703703704 0.12048611111111107
12 0.21215277777777777 0.26446180555555554 0.0795370370370371 0.07822916666666666