5 0.3932523148148148 0.8901967592592592 0.07868055555555556 0.07905092592592596
2 0.43418981481481483 0.8459027777777777 0.08968749999999996 0.08899305555555585
0 0.48528935185185185 0.8003009259259258 0.08811342592592589 0.0873495370370371
4 0.5339930555555557 0.7618518518518519 0.10543981481481488 0.10699074074074062
5 0.815133101851852 0.551255787037037 0.08510416666666672 0.10281249999999993
2 0.738107638888889 0.6177256944444445 0.08665509259259245 0.10133101851851851
0 0.6737384259259259 0.6624537037037037 0.08348379629629629 0.09491898148148152
1 0.5976041666666667 0.7140393518518519 0.11489583333333328 0.11841435185185176
3 0.6816956018518519 0.32623263888888887 0.06312499999999996 0.08761574074074074
3 0.6588368055555556 0.4601793981481482 0.07251157407407405 0.08966435185185198
3 0.5967476851851853 0.5133796296296296 0.06151620370370381 0.08128472222222224
3 0.5401331018518519 0.5655150462962963 0.06305555555555564 0.07824074074074083
3 0.4883043981481482 0.6041261574074074 0.07085648148148138 0.07708333333333339
3 0.44034722222222217 0.6472222222222223 0.06457175925925931 0.07207175925925924
3 0.39554976851851853 0.6854687500000001 0.05826388888888889 0.06393518518518526
3 0.3349594907407408 0.6417534722222221 0.06295138888888889 0.06417824074074083
10 0.5032986111111111 0.4776157407407407 0.06303240740740748 0.07511574074074083
10 0.5927662037037036 0.31288194444444445 0.06465277777777771 0.08300925925925924
10 0.6139988425925926 0.1876099537037037 0.06312500000000014 0.08761574074074074
10 0.5062268518518518 0.2931597222222222 0.058356481481481384 0.07643518518518526
10 0.46671296296296294 0.3561226851851852 0.05989583333333322 0.07339120370370367
10 0.4140393518518518 0.40336805555555555 0.06302083333333339 0.07355324074074066
10 0.3584259259259259 0.5312037037037036 0.06459490740740739 0.07519675925925924
10 0.3050462962962963 0.5683333333333334 0.06775462962962955 0.08004629629629641
12 0.24840856481481483 0.41273726851851855 0.06930555555555555 0.07856481481481481
9 0.2893055555555556 0.373912037037037 0.07090277777777772 0.0833333333333333
7 0.3247858796296296 0.3283391203703704 0.07721064814814813 0.09146990740740737
8 0.3494675925925926 0.26458333333333334 0.11037037037037037 0.14004629629629628
11 0.3989756944444444 0.22296875 0.09465277777777778 0.12673611111111108
7 0.45002314814814814 0.18439814814814814 0.07105324074074063 0.10364583333333335
9 0.4933622685185185 0.1321701388888889 0.07570601851851855 0.09920138888888888
12 0.5507523148148148 0.08077546296296297 0.07259259259259263 0.10060185185185185