3 0.5794444444444444 0.30561342592592594 0.028923611111111212 0.036979166666666605
3 0.5425173611111112 0.31634837962962964 0.033645833333333285 0.038715277777777765
3 0.4931423611111111 0.3252025462962963 0.032048611111111215 0.03709490740740744
3 0.45394097222222224 0.3328993055555555 0.036805555555555536 0.04039351851851851
3 0.4084027777777778 0.3447337962962963 0.03687500000000003 0.04351851851851851
3 0.3582638888888889 0.35283564814814816 0.036805555555555536 0.04039351851851851
3 0.3080208333333333 0.365625 0.035208333333333286 0.03877314814814818
3 0.26414930555555555 0.3727141203703704 0.046250000000000034 0.04386574074074075
5 0.5572743055555556 0.2845775462962963 0.03371527777777779 0.04184027777777777
5 0.23510416666666667 0.34490740740740744 0.04482638888888886 0.05005787037037042
2 0.5118229166666667 0.292505787037037 0.041736111111111106 0.05150462962962958
2 0.28057291666666667 0.3361979166666667 0.04802083333333336 0.053298611111111074
0 0.4703645833333333 0.29638310185185185 0.04020833333333336 0.053009259259259256
0 0.3347048611111111 0.32404513888888886 0.04965277777777777 0.05648148148148149
4 0.4266319444444445 0.2972222222222222 0.05479166666666657 0.07696759259259256
1 0.3765625 0.30219907407407404 0.06906250000000007 0.08686342592592596
12 0.7882118055555556 0.43058449074074073 0.04486111111111111 0.051620370370370414
12 0.41130208333333335 0.5304108796296296 0.05600694444444443 0.061400462962962976
9 0.7379861111111111 0.44259259259259254 0.046493055555555426 0.05480324074074083
9 0.4757118055555555 0.5124131944444444 0.05284722222222236 0.05972222222222214
7 0.6893923611111111 0.45141782407407405 0.05135416666666668 0.0627893518518519
7 0.5338541666666667 0.49542824074074077 0.05777777777777775 0.07083333333333339
8 0.6377951388888888 0.45489004629629626 0.05826388888888889 0.09270833333333339
11 0.5811979166666668 0.4725983796296296 0.06430555555555557 0.08356481481481488
10 0.37366319444444446 0.5029224537037037 0.049548611111111106 0.05179398148148149
10 0.4442708333333334 0.48703703703703705 0.047951388888888856 0.05017361111111107
10 0.496875 0.4733796296296296 0.040034722222222284 0.045196759259259166
10 0.5479861111111111 0.45665509259259257 0.040034722222222284 0.045196759259259166
10 0.6028472222222222 0.4468171296296296 0.03850694444444436 0.04670138888888893
10 0.6553993055555556 0.43550347222222224 0.029027777777777784 0.04166666666666661
10 0.6986284722222222 0.422193287037037 0.04006944444444436 0.04675925925925935
10 0.7457986111111111 0.40717592592592594 0.038263888888888785 0.03576388888888893