12 0.2660590277777778 0.70078125 0.06834490740740744 0.1
11 0.4892650462962963 0.66171875 0.06620370370370363 0.134375
8 0.5600405092592593 0.65546875 0.07268518518518512 0.1375
7 0.41594328703703703 0.68125 0.06423611111111108 0.1078125
7 0.6370949074074075 0.659375 0.06412037037037024 0.10625
9 0.7128761574074074 0.659375 0.07650462962962976 0.1046875
9 0.34337384259259257 0.690625 0.07447916666666661 0.0984375
12 0.7963831018518519 0.67109375 0.07939814814814809 0.1015625
10 0.284837962962963 0.5421875 0.05457175925925935 0.0828125
10 0.3588252314814815 0.4609375 0.05063657407407405 0.071875
10 0.41932870370370373 0.540625 0.04907407407407405 0.071875
10 0.4828414351851852 0.51640625 0.050868055555555534 0.075
10 0.5555844907407408 0.52578125 0.04930555555555553 0.075
10 0.6665509259259259 0.4515625 0.053761574074074045 0.071875
10 0.7421006944444445 0.4546875 0.057349537037037025 0.078125
10 0.49435763888888895 0.403125 0.05219907407407405 0.071875
3 0.30908564814814815 0.4046875 0.05266203703703702 0.078125
3 0.378443287037037 0.34375 0.049537037037037025 0.078125
3 0.43046875 0.3375 0.05063657407407405 0.071875
3 0.4917534722222222 0.3328125 0.04236111111111107 0.065625
3 0.5458912037037036 0.3296875 0.0409143518518519 0.0671875
3 0.597019675925926 0.325 0.047280092592592735 0.06875
3 0.6603587962962963 0.32421875 0.04293981481481488 0.0734375
3 0.7206018518518518 0.37578125 0.05266203703703702 0.078125
5 0.6930844907407406 0.209375 0.053009259259259166 0.0828125
5 0.32618634259259255 0.24765625 0.05109953703703703 0.078125
2 0.3832465277777778 0.23671875 0.05503472222222232 0.0890625
2 0.6458622685185185 0.2140625 0.05538194444444446 0.09375
0 0.4315393518518519 0.228125 0.05115740740740726 0.1
0 0.5930555555555556 0.2203125 0.05115740740740744 0.1
4 0.5418113425925926 0.20546875 0.06151620370370381 0.134375
1 0.4833912037037037 0.203125 0.05920138888888893 0.1453125