10 0.6717534722222223 0.34638310185185184 0.05159722222222225 0.03778935185185191
10 0.6389756944444445 0.38191550925925927 0.05486111111111107 0.04103009259259256
10 0.6981076388888889 0.31498842592592596 0.04812499999999993 0.02986111111111107
10 0.7216840277777778 0.27589699074074076 0.04527777777777775 0.035995370370370414
10 0.6194965277777778 0.4341145833333333 0.050104166666666575 0.039293981481481485
10 0.5909201388888888 0.4804108796296296 0.05173611111111107 0.0409143518518519
10 0.5633680555555556 0.5212094907407407 0.05493055555555557 0.04259259259259256
10 0.5332638888888889 0.5667824074074075 0.05003472222222225 0.03773148148148149
1 0.3913888888888889 0.389525462962963 0.07593750000000003 0.05896990740740744
4 0.3631944444444445 0.42722800925925924 0.07565972222222221 0.05271990740740744
0 0.4289756944444444 0.36863425925925924 0.048680555555555574 0.04236111111111107
0 0.3490625 0.4644097222222222 0.06260416666666666 0.03975694444444446
2 0.45447916666666666 0.3388310185185185 0.05458333333333343 0.03478009259259256
2 0.3273611111111111 0.496412037037037 0.05472222222222225 0.03790509259259256
5 0.4727083333333333 0.31475694444444446 0.04819444444444443 0.03142361111111107
5 0.2951215277777778 0.5373842592592593 0.05159722222222225 0.03778935185185191
3 0.33553819444444444 0.5405671296296296 0.05444444444444443 0.031655092592592735
3 0.3628472222222222 0.5052372685185185 0.04486111111111111 0.026620370370370416
3 0.3925694444444444 0.4682581018518519 0.05145833333333334 0.034664351851851904
3 0.41657986111111106 0.4369502314814815 0.04812499999999993 0.02986111111111107
3 0.4430381944444444 0.4032118055555555 0.04663194444444443 0.03136574074074083
3 0.4677951388888889 0.37265625 0.03718749999999993 0.029456018518518513
3 0.49421875000000004 0.33969907407407407 0.032638888888888926 0.03240740740740744
3 0.518767361111111 0.3138310185185185 0.041874999999999926 0.029629629629629582
12 0.5804340277777778 0.575954861111111 0.06947916666666672 0.054050925925925954
12 0.7749826388888889 0.27002314814814815 0.06131944444444439 0.045949074074074045
9 0.6108159722222222 0.5241319444444444 0.0692013888888889 0.047800925925925955
9 0.7490277777777778 0.3099826388888889 0.06961805555555553 0.05717592592592595
7 0.6356944444444445 0.473292824074074 0.06947916666666672 0.054050925925925954
7 0.7223958333333333 0.3476273148148148 0.06989583333333335 0.06342592592592596
8 0.6578645833333333 0.4131944444444445 0.098576388888889 0.07696759259259256
11 0.689045138888889 0.3785011574074074 0.079548611111111 0.0700231481481481