11 0.6138483796296297 0.706880787037037 0.12447916666666661 0.07762731481481495
8 0.5773495370370371 0.719548611111111 0.13562499999999994 0.0923379629629629
7 0.6331712962962962 0.6939756944444444 0.08984953703703695 0.05840277777777771
7 0.505787037037037 0.7363831018518519 0.08835648148148145 0.06299768518518523
9 0.6681539351851852 0.6843402777777777 0.07891203703703695 0.05775462962962976
12 0.7076967592592592 0.6663888888888889 0.0850462962962963 0.05031250000000007
10 0.6968576388888889 0.619693287037037 0.05827546296296297 0.03467592592592581
10 0.6572569444444445 0.633738425925926 0.05675925925925931 0.03770833333333332
10 0.6230324074074074 0.6418576388888889 0.05363425925925931 0.03752314814814817
10 0.5825347222222221 0.6480439814814816 0.05675925925925931 0.037708333333333496
10 0.5390393518518518 0.6626388888888889 0.06778935185185198 0.044606481481481455
10 0.48619212962962965 0.6782407407407407 0.06785879629629629 0.04929398148148145
10 0.433275462962963 0.6891550925925926 0.0694212962962963 0.04938657407407412
3 0.6841377314814815 0.3933564814814815 0.05675925925925931 0.03770833333333332
3 0.6529224537037037 0.3938483796296296 0.05986111111111114 0.03633101851851848
3 0.6114814814814815 0.38905092592592594 0.05990740740740748 0.039456018518518474
3 0.5732349537037037 0.3891261574074074 0.06781249999999997 0.04616898148148154
3 0.5279224537037037 0.3864409722222223 0.06781249999999997 0.04616898148148145
1 0.6042708333333333 0.32383680555555555 0.1462615740740741 0.07267361111111112
4 0.5472164351851851 0.3188946759259259 0.1305902777777778 0.06862268518518518
0 0.6270659722222222 0.33455439814814814 0.0943287037037038 0.044618055555555536
0 0.4854861111111111 0.3144560185185185 0.10862268518518511 0.06107638888888891
2 0.6614988425925926 0.3404976851851852 0.0835532407407408 0.054907407407407405
5 0.6888078703703704 0.3397743055555556 0.06930555555555565 0.04157407407407412
5 0.3493865740740741 0.295462962962963 0.09623842592592595 0.06814814814814821
2 0.42452546296296295 0.3092824074074074 0.10085648148148145 0.06373842592592585
3 0.3527488425925926 0.36435185185185187 0.07564814814814813 0.04819444444444443
3 0.4185358796296296 0.3791782407407408 0.06783564814814813 0.04773148148148145
3 0.48174768518518524 0.37824074074074077 0.0709837962962963 0.04947916666666661
10 0.37886574074074075 0.7046643518518518 0.07576388888888888 0.05600694444444443
12 0.37982638888888887 0.7695081018518518 0.09313657407407402 0.06952546296296305
9 0.4482870370370371 0.7540509259259259 0.08690972222222229 0.07071759259259273