8 0.24611689814814816 0.3204166666666667 0.16910879629629622 0.13340277777777781
10 0.8553530092592592 0.65984375 0.11793981481481489 0.15881944444444435
10 0.7818576388888889 0.3456076388888889 0.09909722222222221 0.1521527777777778
10 0.6601331018518518 0.6492534722222223 0.10359953703703706 0.13975694444444448
10 0.6878761574074075 0.9837673611111111 0.10850694444444446 0.03246527777777786
10 0.5483854166666667 0.06845486111111111 0.13135416666666658 0.11538194444444445
12 0.5175810185185185 0.40694444444444444 0.12076388888888871 0.13857638888888885
12 0.29455439814814816 0.6380034722222222 0.10782407407407409 0.10861111111111121
9 0.3348263888888889 0.08246527777777778 0.11472222222222221 0.15250000000000002
9 0.45482638888888893 0.7392534722222222 0.13771990740740742 0.12333333333333325
7 0.32530092592592597 0.8309374999999999 0.13450231481481484 0.11701388888888893
11 0.351244212962963 0.3985590277777778 0.15019675925925924 0.12204861111111107