10 0.6458564814814814 0.44912615740740736 0.11384259259259259 0.09229166666666658
10 0.388755787037037 0.34275462962962966 0.08693287037037037 0.06846064814814809
10 0.582650462962963 0.2969039351851852 0.07126157407407412 0.0651041666666666
10 0.4391724537037037 0.2646469907407408 0.07755787037037046 0.06832175925925928
10 0.8371238425925925 0.3314236111111111 0.09012731481481495 0.07319444444444442
10 0.7977314814814814 0.2569907407407407 0.10099537037037046 0.06866898148148141
7 0.4926909722222222 0.18493055555555554 0.0935300925925926 0.09199074074074076
7 0.6246585648148149 0.12593171296296296 0.08249999999999993 0.08557870370370368
9 0.7090046296296297 0.17547453703703703 0.07930555555555543 0.0808449074074074
12 0.74609375 0.09443865740740741 0.08238425925925927 0.07776620370370371
12 0.9333275462962962 0.17918402777777778 0.09961805555555543 0.08114583333333333
11 0.9156018518518518 0.09036458333333333 0.10005787037037024 0.11083333333333334
8 0.9383449074074074 0.050491898148148154 0.11106481481481474 0.10098379629629631