5 0.74140625 0.7577430555555555 0.0796875 0.05177083333333332
5 0.9765625 0.5454861111111111 0.04375 0.027534722222222287
2 0.7953125 0.7190451388888889 0.0796875 0.04552083333333332
2 0.96015625 0.5669444444444445 0.075 0.034479166666666575
0 0.83203125 0.6877604166666667 0.0890625 0.04572916666666664
0 0.93828125 0.5916493055555556 0.08125 0.03618055555555557
1 0.89140625 0.6598784722222222 0.1390625 0.05309027777777793
4 0.9234375 0.6247916666666666 0.1171875 0.05104166666666661
3 0.94453125 0.4219791666666667 0.0609375 0.02791666666666668
3 0.93046875 0.48635416666666664 0.05625 0.03093749999999993
3 0.9 0.5159374999999999 0.0609375 0.02791666666666668
3 0.86640625 0.5385590277777779 0.059375 0.027881944444444428
3 0.83046875 0.5667013888888889 0.0625 0.031076388888888928
3 0.78984375 0.5988541666666667 0.0578125 0.032534722222222354
3 0.7484375 0.6310243055555556 0.059375 0.03413194444444443
3 0.67578125 0.6217013888888889 0.0671875 0.0405555555555555
12 0.56875 0.4076736111111111 0.0890625 0.042604166666666644
12 0.9015625 0.22918402777777777 0.0765625 0.03451388888888891
9 0.63046875 0.3727083333333333 0.09375 0.0364583333333333
9 0.86640625 0.2557465277777778 0.0859375 0.03315972222222223
7 0.69140625 0.3463541666666667 0.09375 0.03489583333333339
7 0.83125 0.27762152777777777 0.1 0.027222222222222214
11 0.75546875 0.32305555555555554 0.1296875 0.04194444444444443
8 0.80859375 0.29609375 0.140625 0.0296875
10 0.61484375 0.5207118055555556 0.0765625 0.040763888888889
10 0.69765625 0.5391840277777777 0.071875 0.04222222222222225
10 0.71953125 0.45197916666666665 0.0640625 0.032673611111111
10 0.81171875 0.5116493055555555 0.0609375 0.03104166666666668
10 0.76875 0.43682291666666667 0.0609375 0.02791666666666668
10 0.8125 0.40303819444444444 0.0671875 0.0280555555555555
10 0.8953125 0.40041666666666664 0.0640625 0.027986111111111177
10 0.93203125 0.36756944444444445 0.065625 0.031145833333333338