8 0.6473958333333333 0.6240625 0.078125 0.072013888888889
9 0.6151215277777778 0.7046354166666667 0.055659722222222284 0.044965277777777854
4 0.1429513888888889 0.6370833333333333 0.065625 0.071736111111111
0 0.15302083333333333 0.6763888888888889 0.05270833333333336 0.05270833333333336
2 0.14880208333333333 0.7255381944444445 0.055902777777777767 0.05590277777777786
5 0.1487326388888889 0.7638368055555556 0.049583333333333354 0.05263888888888886
3 0.22322916666666667 0.7529861111111111 0.05888888888888886 0.04972222222222218
3 0.2273784722222222 0.7069618055555555 0.047673611111111125 0.036979166666666785
3 0.22288194444444445 0.6630902777777778 0.041597222222222195 0.044652777777777784
3 0.22619791666666664 0.6193923611111112 0.04777777777777779 0.04166666666666678
3 0.21947916666666667 0.57 0.047673611111111125 0.036979166666666785
3 0.2167361111111111 0.5175694444444444 0.03677083333333338 0.038298611111111214
3 0.2273784722222222 0.4607465277777777 0.044652777777777784 0.041597222222222285
3 0.2223611111111111 0.4051388888888889 0.046111111111111124 0.036944444444444356
5 0.1442013888888889 0.4049652777777778 0.0666666666666667 0.04833333333333343
2 0.1387847222222222 0.4728472222222222 0.062152777777777765 0.05604166666666668
0 0.1407986111111111 0.5229166666666667 0.05281250000000002 0.057395833333333354
1 0.14178819444444443 0.5839062500000001 0.07506944444444441 0.0750694444444445
10 0.5980034722222223 0.41973958333333333 0.05399305555555554 0.04024305555555561
10 0.5845138888888889 0.4639930555555555 0.054027777777777786 0.04180555555555543
10 0.5817534722222222 0.5178645833333333 0.05541666666666671 0.03402777777777786
10 0.5689756944444444 0.5652604166666666 0.050833333333333286 0.03861111111111111
10 0.5654861111111111 0.6167708333333334 0.041319444444444464 0.03215277777777779
10 0.5614583333333334 0.6573263888888888 0.047812499999999855 0.043229166666666784
10 0.5588888888888889 0.7026041666666667 0.039861111111111215 0.036805555555555536
10 0.5455034722222223 0.7421701388888888 0.051006944444444355 0.04642361111111111
12 0.6629513888888889 0.41649305555555555 0.054062500000000034 0.043368055555555604
12 0.6116493055555555 0.7553645833333333 0.05899305555555543 0.05440972222222218
9 0.6593055555555555 0.47503472222222226 0.06663194444444435 0.04677083333333343
7 0.648125 0.5209027777777778 0.06034722222222229 0.045069444444444426
7 0.6215104166666666 0.6633506944444445 0.054201388888888855 0.04961805555555543
11 0.6461805555555555 0.5732291666666667 0.08093749999999993 0.05802083333333332