8 0.08598090277777778 0.33465277777777774 0.17196180555555557 0.15228009259259262
10 0.724375 0.5248553240740741 0.12890046296296304 0.17275462962962962
10 0.5610185185185186 0.9114988425925926 0.12221064814814823 0.10381944444444428
10 0.4728067129629629 0.6900810185185186 0.11084490740740734 0.12495370370370366
10 0.43903935185185183 0.8906886574074073 0.10157407407407408 0.0963657407407407
10 0.5155381944444445 0.3316145833333334 0.12054398148148149 0.1317592592592593
10 0.41730324074074077 0.12325231481481483 0.1087731481481482 0.1450810185185185
10 0.40002314814814816 0.4264699074074074 0.1079629629629629 0.1294560185185185
9 0.2844212962962963 0.5680613425925926 0.11439814814814815 0.1033564814814815
7 0.30930555555555556 0.8391840277777778 0.12582175925925929 0.11337962962962962
7 0.21840277777777778 0.6997048611111112 0.11908564814814815 0.10363425925925931
12 0.1617534722222222 0.5605324074074074 0.10550925925925929 0.11217592592592603
12 0.2774537037037037 0.2818576388888889 0.11388888888888893 0.12357638888888892
9 0.10440393518518518 0.10440972222222222 0.10499999999999998 0.13239583333333332
11 0.15426504629629628 0.34445601851851854 0.16084490740740737 0.12791666666666668