10 0.46391782407407406 0.7689756944444445 0.04671296296296283 0.051296296296296263
10 0.4699131944444444 0.720630787037037 0.062152777777777855 0.04863425925925924
10 0.48515046296296294 0.6616030092592593 0.055625000000000036 0.043761574074074085
10 0.4931712962962963 0.6054918981481482 0.06049768518518519 0.04702546296296291
10 0.5103356481481482 0.5535648148148148 0.06178240740740755 0.04238425925925924
10 0.5259837962962963 0.5008101851851852 0.046250000000000034 0.043483796296296263
10 0.5376331018518519 0.4495023148148148 0.050844907407407366 0.04206018518518526
10 0.5452835648148149 0.3996412037037037 0.05103009259259252 0.04518518518518526
12 0.5291203703703704 0.791255787037037 0.051585648148148165 0.05456018518518509
12 0.6250636574074073 0.40043981481481483 0.06886574074074084 0.056631944444444395
9 0.5409548611111111 0.7368229166666667 0.056365740740740834 0.05626157407407408
9 0.6002662037037038 0.46231481481481485 0.0624305555555555 0.053321759259259235
7 0.5520543981481482 0.6815856481481481 0.05737268518518519 0.046932870370370416
7 0.588570601851852 0.5144039351851852 0.060405092592592524 0.045462962962962906
11 0.5654513888888889 0.627199074074074 0.0673958333333335 0.05814814814814824
8 0.5794444444444444 0.5759606481481482 0.060405092592592524 0.045462962962962906
3 0.1380324074074074 0.6818402777777777 0.06509259259259256 0.04560185185185191
3 0.1463252314814815 0.6343460648148149 0.05884259259259261 0.04541666666666657
3 0.1564583333333333 0.5822106481481482 0.05700231481481479 0.04068287037037024
3 0.1673263888888889 0.5308796296296296 0.056817129629629634 0.03755787037037024
3 0.18265046296296297 0.48359375 0.06435185185185181 0.0331018518518519
3 0.19337962962962962 0.4346064814814815 0.06178240740740741 0.04238425925925924
3 0.20700231481481485 0.38961805555555556 0.056817129629629634 0.037557870370370415
3 0.2191550925925926 0.3430208333333334 0.05709490740740737 0.04224537037037042
5 0.07130787037037037 0.672037037037037 0.06555555555555556 0.05341435185185191
5 0.14894097222222222 0.3260706018518519 0.06353009259259261 0.04555555555555557
2 0.0769849537037037 0.6158564814814815 0.07824074074074075 0.056909722222222216
2 0.1378009259259259 0.3687847222222222 0.08605324074074075 0.0571412037037037
0 0.0874363425925926 0.571556712962963 0.0791550925925926 0.04601851851851855
0 0.13088541666666667 0.41945023148148153 0.07961805555555554 0.05383101851851855
1 0.08488425925925927 0.522175925925926 0.10682870370370372 0.0655555555555555
4 0.10609375000000001 0.4680208333333333 0.09524305555555554 0.054293981481481526