10 0.054565972222222224 0.7878472222222221 0.031319444444444434 0.14274305555555564
10 0.4406770833333333 0.5016493055555555 0.08038194444444428 0.087638888888889
10 0.39817708333333335 0.8474652777777777 0.08875000000000002 0.10031250000000007
10 0.2728645833333333 0.4561111111111112 0.08874999999999993 0.10031250000000007
10 0.34878472222222223 0.17602430555555554 0.08739583333333334 0.10496527777777778
7 0.7294965277777778 0.73609375 0.11027777777777778 0.09298611111111121
12 0.7666145833333333 0.5507118055555555 0.087638888888889 0.07531250000000007
9 0.740017361111111 0.031371527777777776 0.09565972222222215 0.06274305555555555
12 0.5752951388888888 0.2929861111111111 0.09465277777777778 0.0926388888888889
7 0.6444965277777778 0.9350520833333335 0.11225694444444442 0.10239583333333328
9 0.6207465277777778 0.6118229166666667 0.10388888888888878 0.08972222222222222
8 0.8169791666666667 0.2586805555555555 0.15666666666666665 0.08309027777777782
11 0.73421875 0.31447916666666664 0.1552083333333334 0.12052083333333333