4 0.3357175925925926 0.7931134259259259 0.042581018518518476 0.11932870370370381
10 0.7049710648148148 0.7970138888888888 0.036087962962962905 0.05832175925925931
11 0.7271759259259258 0.6537789351851852 0.0781944444444445 0.10892361111111111
7 0.7405150462962963 0.7043402777777777 0.045324074074074086 0.05377314814814813
9 0.7463194444444444 0.7456423611111112 0.04863425925925924 0.06006944444444447
12 0.7530671296296296 0.7814641203703704 0.048865740740740904 0.06788194444444447
12 0.6653587962962962 0.36810185185185185 0.050706018518518546 0.07728009259259264
9 0.6791956018518519 0.4545775462962963 0.06637731481481488 0.07907407407407412
7 0.693587962962963 0.5223032407407407 0.06003472222222221 0.07585648148148146
8 0.7147569444444445 0.5985185185185186 0.0875694444444445 0.10906249999999992
10 0.5966203703703703 0.4214409722222222 0.044039351851851906 0.06312499999999996
10 0.6190567129629629 0.4812384259259259 0.045509259259259235 0.06002314814814813
10 0.6329687500000001 0.5388194444444444 0.04863425925925924 0.06006944444444447
10 0.646880787037037 0.5964004629629629 0.04721064814814824 0.0647337962962963
10 0.6615046296296296 0.6563136574074073 0.04711805555555557 0.0616087962962963
10 0.6764756944444444 0.7045081018518519 0.04541666666666657 0.05689814814814813
10 0.6881597222222222 0.7582175925925926 0.04210648148148142 0.050601851851851974
3 0.31668981481481484 0.5919212962962963 0.03618055555555557 0.06144675925925931
3 0.3424594907407407 0.6446412037037037 0.037835648148148146 0.06459490740740748
3 0.3668055555555555 0.6926967592592593 0.03287037037037042 0.05515046296296298
3 0.3911284722222222 0.7415335648148148 0.03149305555555557 0.06137731481481481
3 0.4069039351851852 0.7889351851851852 0.02846064814814824 0.06445601851851848
3 0.42828703703703697 0.831568287037037 0.030069444444444572 0.06604166666666664
3 0.4513715277777777 0.8694907407407408 0.03158564814814824 0.0645023148148148
3 0.46972222222222226 0.9090451388888889 0.028414351851851906 0.06289351851851847
5 0.4267708333333333 0.9354513888888889 0.028692129629629547 0.07226851851851848
5 0.2571238425925926 0.6256018518518518 0.04473379629629637 0.08656250000000014
2 0.40359375000000003 0.9006539351851852 0.0337037037037037 0.08327546296296298
2 0.2845023148148148 0.6767361111111111 0.04170138888888886 0.0896412037037038
0 0.3825752314814815 0.8720717592592593 0.03237268518518519 0.0910648148148148
0 0.3165914351851852 0.7270196759259259 0.04018518518518519 0.09118055555555564
1 0.3590740740740741 0.8482118055555556 0.04134259259259263 0.1302430555555553