10 0.9493055555555555 0.2781655092592593 0.033912037037037025 0.03163194444444439
10 0.9243055555555555 0.27964699074074073 0.06857638888888892 0.04148148148148145
10 0.8782407407407409 0.2815972222222222 0.07505787037037023 0.048101851851851854
10 0.8279803240740741 0.29159143518518515 0.071875 0.046354166666666606
10 0.770630787037037 0.3035648148148148 0.07511574074074083 0.04966435185185185
10 0.7089409722222222 0.3064409722222222 0.08130787037037042 0.04847222222222225
8 0.8602430555555556 0.22030092592592593 0.1684606481481481 0.08637731481481481
7 0.8943287037037038 0.22607638888888887 0.10619212962962976 0.046828703703703664
11 0.7961226851851851 0.22565972222222222 0.14953703703703702 0.08057870370370371
7 0.7249421296296296 0.23221643518518514 0.11793981481481489 0.0693518518518518
9 0.9209201388888889 0.22372106481481482 0.06886574074074084 0.04929398148148145
12 0.9425636574074074 0.2286747685185185 0.030902777777777855 0.03457175925925924
3 0.955758101851852 0.5459432870370371 0.0453125 0.044780092592592524
3 0.9242476851851851 0.5548263888888889 0.07361111111111107 0.051134259259259275
3 0.8712384259259259 0.5758969907407407 0.07731481481481488 0.06694444444444443
4 0.862037037037037 0.6559548611111111 0.15179398148148165 0.09942129629629619
1 0.812037037037037 0.6799652777777778 0.16469907407407405 0.11109953703703716
0 0.8908564814814814 0.6355381944444444 0.10532407407407404 0.065486111111111
2 0.9321180555555555 0.615943287037037 0.08796296296296298 0.05978009259259256
2 0.6524016203703704 0.7385358796296296 0.10138888888888893 0.08552083333333335
5 0.9538194444444444 0.5982870370370371 0.04606481481481488 0.06509259259259252
5 0.5796875 0.765451388888889 0.10462962962962959 0.08883101851851834
0 0.729224537037037 0.7059201388888889 0.11857638888888893 0.0865393518518518
3 0.5756365740740741 0.6853993055555556 0.08373842592592595 0.07200231481481474
3 0.6405671296296296 0.6581655092592593 0.07847222222222214 0.056099537037037094
3 0.7084490740740741 0.6354340277777778 0.07563657407407405 0.06372685185185176
3 0.7725405092592593 0.6098090277777778 0.07690972222222214 0.05600694444444443
3 0.8302662037037039 0.5876793981481482 0.06909722222222214 0.05554398148148145
12 0.5660300925925925 0.2502083333333333 0.10428240740740727 0.07945601851851851
9 0.6522280092592593 0.23808449074074076 0.10723379629629637 0.07495370370370366
10 0.5560185185185185 0.33109374999999996 0.08813657407407405 0.06446759259259256
10 0.6431134259259259 0.3157986111111111 0.08304398148148148 0.05325231481481483