10 0.57109375 0.9171875 0.02265625 0.05703125
10 0.57578125 0.87890625 0.0234375 0.05859375
10 0.584375 0.83828125 0.02734375 0.06328125
10 0.58828125 0.79296875 0.02734375 0.05859375
10 0.59140625 0.740625 0.02890625 0.0625
10 0.60390625 0.6859375 0.02578125 0.06875
8 0.64375 0.83203125 0.040625 0.14375
7 0.63125 0.8609375 0.01796875 0.09296875
11 0.6546875 0.775 0.040625 0.128125
7 0.665625 0.71171875 0.0359375 0.09921875
9 0.6265625 0.89609375 0.0296875 0.078125
12 0.61796875 0.93125 0.0265625 0.078125
3 0.32734375 0.87421875 0.02890625 0.053125
3 0.3296875 0.8359375 0.03046875 0.059375
3 0.3234375 0.78671875 0.0453125 0.059375
4 0.25390625 0.765625 0.0578125 0.125
1 0.24453125 0.71796875 0.065625 0.13671875
0 0.26484375 0.79453125 0.0359375 0.08828125
2 0.271875 0.83515625 0.034375 0.0765625
2 0.23125 0.56875 0.05703125 0.08046875
5 0.2796875 0.87421875 0.0421875 0.07421875
5 0.2234375 0.5015625 0.06015625 0.08203125
0 0.24140625 0.64140625 0.05390625 0.0953125
3 0.296875 0.51015625 0.046875 0.06484375
3 0.30546875 0.571875 0.03359375 0.0640625
3 0.309375 0.634375 0.04140625 0.06015625
3 0.3171875 0.69453125 0.03359375 0.06171875
3 0.3234375 0.74765625 0.03671875 0.053125
12 0.6890625 0.56875 0.05 0.08359375
9 0.678125 0.646875 0.04609375 0.0875
10 0.61875 0.54765625 0.0390625 0.0703125
10 0.6109375 0.6265625 0.03125 0.06796875