8 0.20946180555555555 0.3711053240740741 0.1833912037037037 0.1514236111111112
10 0.8963252314814815 0.6000983796296296 0.13275462962962975 0.17375000000000007
10 0.7424768518518519 0.2989351851851852 0.1151041666666666 0.1603587962962963
10 0.7023148148148148 0.6251273148148149 0.11631944444444446 0.15106481481481476
10 0.8228587962962962 0.9670052083333334 0.11684027777777786 0.06598958333333335
10 0.4417534722222222 0.07436921296296296 0.13975694444444448 0.1101736111111111
12 0.49933449074074077 0.40796875000000005 0.13194444444444448 0.15187500000000007
12 0.3410300925925926 0.68125 0.1166666666666667 0.11833333333333336
9 0.23359375 0.11737847222222222 0.12766203703703702 0.16256944444444446
9 0.5245659722222221 0.7523668981481482 0.15011574074074083 0.13722222222222236
7 0.4220486111111111 0.8686921296296296 0.14681712962962976 0.1323726851851852
11 0.33405671296296297 0.4298090277777778 0.16099537037037043 0.1362268518518519