12 0.8179108796296296 0.3047222222222222 0.061400462962962976 0.04929398148148145
12 0.7706018518518519 0.701082175925926 0.06875 0.04315972222222229
9 0.8149016203703704 0.3664178240740741 0.06765046296296298 0.04938657407407412
9 0.7811342592592592 0.6431770833333333 0.06684027777777786 0.03844907407407412
7 0.8071180555555555 0.4188194444444444 0.06273148148148167 0.04619212962962962
7 0.7853009259259259 0.5869270833333333 0.0625 0.04306712962962962
11 0.8033564814814815 0.4696006944444445 0.07256944444444428 0.05258101851851862
8 0.7969039351851851 0.5251041666666667 0.08125 0.04334490740740744
10 0.6988136574074074 0.6904398148148149 0.05335648148148131 0.04605324074074062
10 0.703587962962963 0.6365219907407408 0.04629629629629619 0.03502314814814813
10 0.709201388888889 0.5818113425925926 0.050983796296296194 0.035092592592592634
10 0.7125868055555555 0.5255729166666667 0.05891203703703703 0.03677083333333329
10 0.7180844907407408 0.4724247685185185 0.05266203703703702 0.036678240740740796
10 0.7309606481481481 0.4144849537037037 0.052777777777777854 0.0382407407407408
10 0.7346064814814814 0.36526620370370366 0.05289351851851851 0.0398032407407408
10 0.739525462962963 0.29885995370370366 0.04942129629629619 0.035069444444444466
5 0.25743634259259257 0.6649826388888889 0.06116898148148149 0.04616898148148145
5 0.30995370370370373 0.2825925925925926 0.06944444444444446 0.0525347222222222
2 0.26886574074074077 0.6055034722222222 0.06006944444444447 0.05239583333333329
2 0.3048032407407407 0.3310532407407408 0.07100694444444447 0.05255787037037045
0 0.27196180555555555 0.5531712962962964 0.05625 0.04297453703703695
0 0.29800347222222223 0.3912442129629629 0.06631944444444446 0.05248842592592595
4 0.27650462962962963 0.5023784722222222 0.07245370370370371 0.051018518518518616
1 0.28955439814814815 0.4420949074074073 0.08900462962962967 0.06374999999999993
3 0.3299768518518518 0.6654687499999999 0.05891203703703703 0.03677083333333329
3 0.34641203703703705 0.6121585648148148 0.047106481481481485 0.04596064814814813
3 0.356568287037037 0.5487962962962963 0.04988425925925925 0.041319444444444464
3 0.36472800925925924 0.5018518518518519 0.05289351851851851 0.03980324074074062
3 0.3731770833333333 0.4510011574074074 0.04317129629629637 0.0349768518518518
3 0.37505787037037036 0.3940046296296297 0.047974537037037024 0.0366087962962963
3 0.38084490740740745 0.3369502314814815 0.046875 0.04283564814814813
3 0.3875578703703703 0.28846643518518517 0.05758101851851851 0.03987268518518512