3 0.26199652777777777 0.5491030092592593 0.03656249999999996 0.029456018518518513
3 0.285625 0.5234375 0.03659722222222221 0.03101851851851851
3 0.3136805555555556 0.4862268518518518 0.03663194444444447 0.03258101851851851
3 0.33644097222222225 0.4566261574074074 0.038263888888888875 0.03576388888888893
3 0.36300347222222223 0.42248263888888893 0.041423611111111126 0.03744212962962976
3 0.3910416666666666 0.38449074074074074 0.038263888888888965 0.03576388888888893
3 0.4222222222222222 0.3473958333333333 0.03822916666666672 0.03420138888888893
3 0.44567708333333333 0.3139178240740741 0.043194444444444355 0.046875
5 0.25274305555555554 0.5190972222222221 0.03979166666666671 0.03425925925925917
5 0.4338888888888889 0.27523148148148147 0.047812499999999855 0.04392361111111107
2 0.27774305555555556 0.4848958333333334 0.04777777777777779 0.04236111111111107
2 0.40732638888888884 0.309375 0.052604166666666785 0.04878472222222223
0 0.2972916666666666 0.4512731481481481 0.052430555555555536 0.040972222222222146
0 0.37621527777777775 0.3495949074074074 0.05572916666666661 0.04890046296296298
4 0.31678819444444445 0.41530671296296295 0.07298611111111111 0.05266203703703702
1 0.3400868055555556 0.3747974537037037 0.08263888888888893 0.06550925925925917
12 0.2837326388888889 0.7895543981481481 0.05097222222222229 0.04560185185185191
12 0.521267361111111 0.518894675925926 0.058958333333333356 0.05370370370370381
9 0.31494791666666666 0.7540219907407407 0.054062500000000034 0.04415509259259256
9 0.4801388888888889 0.5649884259259259 0.05892361111111111 0.05214120370370381
7 0.34222222222222226 0.7167824074074074 0.060416666666666605 0.04907407407407405
7 0.4412326388888889 0.6057002314814814 0.06524305555555543 0.05549768518518512
8 0.3654861111111111 0.6747106481481481 0.08875000000000002 0.05949074074074083
11 0.40366319444444443 0.6363136574074074 0.08107638888888893 0.06545138888888893
10 0.5124479166666667 0.473292824074074 0.04947916666666678 0.04866898148148149
10 0.47145833333333337 0.525636574074074 0.046250000000000034 0.04386574074074083
10 0.43871527777777775 0.562673611111111 0.043020833333333286 0.0390625
10 0.40439236111111115 0.5988715277777777 0.044618055555555536 0.04068287037037042
10 0.3725347222222222 0.640625 0.04454861111111112 0.037557870370370415
10 0.34140625 0.6800636574074075 0.0396527777777778 0.028009259259259168
10 0.3124131944444445 0.7102141203703705 0.044618055555555536 0.04068287037037024
10 0.2811284722222222 0.7426215277777778 0.03517361111111113 0.0372106481481481