12 0.8302604166666667 0.5776793981481482 0.055486111111111215 0.08283564814814817
9 0.8065162037037037 0.5423032407407408 0.04965277777777786 0.09652777777777785
11 0.754363425925926 0.4726099537037037 0.06468749999999997 0.13017361111111114
7 0.6831539351851852 0.3672627314814815 0.05594907407407401 0.09846064814814817
12 0.6167881944444444 0.24049768518518516 0.05874999999999986 0.08770833333333332
9 0.6518229166666666 0.31355324074074076 0.055532407407407544 0.08439814814814817
8 0.7250810185185186 0.43521412037037044 0.07865740740740748 0.12788194444444442
7 0.7811863425925927 0.5062384259259259 0.05893518518518519 0.09395833333333332
10 0.7390740740740741 0.6433449074074075 0.04725694444444439 0.0683101851851852
10 0.6694965277777778 0.6459027777777777 0.045509259259259235 0.061967592592592526
10 0.6906423611111111 0.567170138888889 0.04569444444444439 0.06821759259259252
10 0.6492071759259259 0.5422337962962963 0.041053240740740723 0.06950231481481488
10 0.6202430555555556 0.48916666666666664 0.044178240740740726 0.06968750000000004
10 0.5219791666666667 0.44803240740740746 0.05222222222222221 0.07796296296296283
10 0.48340856481481487 0.3877083333333333 0.044178240740740726 0.06968750000000004
3 0.6517013888888888 0.7056539351851852 0.047256944444444574 0.0683101851851852
3 0.5875 0.7047627314814815 0.03953703703703706 0.07097222222222221
3 0.5553472222222222 0.6761458333333333 0.0315393518518519 0.06425925925925924
3 0.5237210648148147 0.638888888888889 0.039537037037036885 0.07097222222222221
3 0.49453125 0.6046180555555555 0.03163194444444439 0.06738425925925924
3 0.46001157407407406 0.5753587962962963 0.03788194444444457 0.06775462962962955
3 0.4227546296296296 0.532957175925926 0.042754629629629545 0.07428240740740755
3 0.4374652777777778 0.4483449074074074 0.05038194444444457 0.06849537037037035
5 0.30766782407407406 0.5843865740740741 0.04298611111111104 0.08209490740740737
5 0.5495138888888889 0.796232638888889 0.03792824074074073 0.06931712962962973
2 0.5159837962962963 0.7739583333333333 0.03664351851851855 0.07859953703703706
0 0.4870486111111111 0.74828125 0.03535879629629637 0.08788194444444457
0 0.38875000000000004 0.6531481481481481 0.041886574074074014 0.09762731481481488
2 0.34616319444444443 0.6157581018518519 0.046250000000000034 0.08696759259259253
4 0.4183564814814814 0.7014814814814814 0.042442129629629656 0.11637731481481488
1 0.45395833333333335 0.7408506944444444 0.0459837962962963 0.13062500000000005
10 0.570931712962963 0.5946122685185186 0.04109953703703688 0.07106481481481489