5 0.8205208333333334 0.6551041666666666 0.05349537037037031 0.05354166666666664
2 0.8090451388888888 0.6230729166666666 0.058229166666666644 0.060104166666666715
0 0.7898090277777777 0.5845312500000001 0.053611111111111144 0.06916666666666664
4 0.7861342592592593 0.5535416666666666 0.06303240740740748 0.07604166666666679
1 0.7716087962962963 0.5115624999999999 0.07090277777777772 0.084375
0 0.751707175925926 0.4574479166666666 0.056643518518518475 0.05687500000000014
12 0.4107175925925926 0.7402083333333334 0.041006944444444395 0.05427083333333336
7 0.3729571759259259 0.6724479166666667 0.05356481481481481 0.06291666666666665
8 0.33879629629629626 0.6458333333333334 0.06465277777777771 0.08395833333333336
12 0.24478587962962967 0.47640625 0.06287037037037031 0.054166666666666786
9 0.2694097222222222 0.5255208333333334 0.05976851851851848 0.057083333333333285
7 0.2980266203703704 0.5626562500000001 0.058229166666666644 0.060104166666666715
7 0.3211284722222222 0.60640625 0.06461805555555555 0.07927083333333336
9 0.3922569444444445 0.7023958333333333 0.056643518518518565 0.05687500000000014
10 0.30890625 0.4643229166666666 0.045648148148148146 0.04833333333333343
10 0.33519675925925924 0.4992708333333333 0.051886574074074064 0.04718750000000007
10 0.3598611111111111 0.5429166666666667 0.04718749999999998 0.0453125
10 0.38612268518518517 0.5817708333333333 0.042476851851851904 0.041874999999999926
10 0.40770833333333334 0.619375 0.042476851851851904 0.041874999999999926
10 0.42696180555555563 0.6555729166666666 0.0393518518518519 0.04166666666666661
10 0.44623842592592594 0.6886458333333334 0.036226851851851906 0.041458333333333285
10 0.46944444444444444 0.7183333333333334 0.0393518518518519 0.04166666666666678
3 0.642974537037037 0.37802083333333336 0.045648148148148236 0.04833333333333325
3 0.6605844907407408 0.4252604166666666 0.04250000000000007 0.04499999999999993
3 0.6828877314814814 0.4714062500000001 0.04876157407407398 0.04697916666666657
3 0.6974016203703703 0.5149479166666667 0.04250000000000007 0.04499999999999993
3 0.7111631944444444 0.5546354166666667 0.04093750000000007 0.04489583333333336
3 0.7280613425925926 0.5925520833333333 0.04562500000000007 0.04520833333333343
3 0.7387268518518518 0.6285416666666667 0.042476851851851904 0.041874999999999926
3 0.7564351851851852 0.6625 0.03937500000000007 0.044791666666666605
5 0.7141724537037037 0.35921875 0.05662037037037031 0.053749999999999964
2 0.7395370370370371 0.41375 0.05662037037037031 0.053749999999999964