10 0.6611863425925926 0.5893576388888888 0.06437500000000007 0.04313657407407412
10 0.7358217592592593 0.4265509259259259 0.06283564814814824 0.046238425925925954
3 0.6171006944444445 0.5298611111111111 0.07383101851851848 0.054212962962963115
3 0.6096932870370371 0.5807465277777778 0.06283564814814824 0.046238425925925954
5 0.4812037037037037 0.7373206018518518 0.0879398148148148 0.060671296296296265
2 0.49340277777777775 0.6723032407407408 0.0957638888888889 0.06234953703703709
0 0.5070601851851853 0.6213252314814814 0.10355324074074072 0.05934027777777775
1 0.5379398148148148 0.5654050925925926 0.13491898148148138 0.07542824074074073
4 0.5461979166666666 0.5051331018518519 0.12240740740740748 0.07368055555555557
0 0.5528414351851852 0.4519155092592593 0.09104166666666665 0.0575925925925926
2 0.5571643518518519 0.3956076388888889 0.0879398148148148 0.06067129629629635
5 0.5591030092592593 0.34480324074074076 0.08016203703703688 0.06524305555555561
3 0.6232870370370371 0.7492766203703705 0.06751157407407397 0.04474537037037045
3 0.5886053240740742 0.6857349537037036 0.07063657407407398 0.044791666666666785
3 0.5983680555555555 0.6332523148148148 0.06750000000000007 0.043182870370370455
3 0.6276099537037038 0.48205439814814816 0.07069444444444457 0.052604166666666785
3 0.63734375 0.4334780092592593 0.05657407407407398 0.04458333333333329
3 0.691412037037037 0.4108043981481481 0.06598379629629622 0.049409722222222285
10 0.720613425925926 0.4759895833333333 0.06752314814814823 0.04630787037037045
10 0.7355497685185185 0.5687268518518518 0.06439814814814823 0.04626157407407412
10 0.7258101851851851 0.6180844907407408 0.07061342592592582 0.04166666666666661
10 0.723900462962963 0.6649826388888889 0.06437500000000007 0.04313657407407412
10 0.6728240740740741 0.7055787037037037 0.06594907407407398 0.04472222222222229
10 0.7036400462962963 0.7637094907407407 0.06436342592592581 0.04157407407407412
12 0.7770312500000001 0.7688715277777778 0.07217592592592599 0.04168981481481478
9 0.7875347222222222 0.7218460648148148 0.0816319444444444 0.05276620370370359
9 0.8211805555555556 0.5034027777777779 0.08010416666666664 0.05743055555555543
12 0.8293229166666667 0.458755787037037 0.06909722222222214 0.04789351851851862
7 0.8161689814814814 0.5472222222222223 0.08788194444444457 0.052858796296296265
7 0.7987905092592593 0.6787152777777778 0.08940972222222214 0.04819444444444443
11 0.8154918981481482 0.6386284722222222 0.1113657407407409 0.05945601851851858
8 0.8314236111111111 0.5969907407407408 0.12391203703703724 0.06589120370370374