1 0.5290451388888888 0.298599537037037 0.026481481481481595 0.10129629629629626
4 0.4846412037037037 0.3095023148148148 0.029467592592592594 0.09208333333333334
0 0.569039351851852 0.30668981481481483 0.02289351851851862 0.06988425925925927
0 0.44661458333333337 0.3286747685185185 0.02606481481481495 0.07317129629629626
2 0.6111689814814815 0.3005960648148148 0.02126157407407412 0.0651157407407407
2 0.4053472222222222 0.3401967592592593 0.032175925925925955 0.06412037037037041
5 0.6470601851851852 0.29560763888888886 0.022708333333333285 0.057384259259259274
5 0.36168981481481477 0.3487152777777778 0.03201388888888897 0.053182870370370325
10 0.728587962962963 0.5212442129629629 0.027395833333333286 0.057627314814814666
10 0.6686168981481482 0.536863425925926 0.02744212962962962 0.06075231481481467
10 0.619525462962963 0.5480092592592593 0.025763888888888965 0.052858796296296265
10 0.5657118055555556 0.5570543981481482 0.025787037037036952 0.05442129629629626
10 0.45745370370370375 0.5853414351851851 0.02574074074074062 0.051296296296296263
10 0.40750000000000003 0.5910590277777777 0.033645833333333285 0.05795138888888882
10 0.356869212962963 0.6038483796296296 0.032037037037037044 0.054745370370370236
12 0.34984374999999995 0.6573784722222222 0.04481481481481477 0.07414351851851855
12 0.743449074074074 0.5744212962962962 0.035416666666666784 0.0720949074074074
9 0.4066550925925926 0.6395775462962963 0.03704861111111111 0.07686342592592581
9 0.6865335648148149 0.5851909722222223 0.032361111111111104 0.07662037037037024
7 0.4650520833333333 0.6232581018518518 0.030914351851851762 0.08435185185185183
7 0.6302835648148148 0.588107638888889 0.03240740740740726 0.07974537037037024
8 0.5248263888888889 0.5943576388888889 0.03921296296296291 0.11756944444444457
11 0.5802372685185185 0.5875752314814815 0.03287037037037042 0.11099537037037024
3 0.3638078703703703 0.38613425925925926 0.025717592592592632 0.04973379629629626
3 0.4059606481481481 0.3816030092592593 0.027256944444444466 0.048252314814814845
3 0.4535358796296297 0.37366319444444446 0.028888888888888787 0.05302083333333325
3 0.4909548611111111 0.36625 0.02415509259259263 0.04965277777777777
3 0.5330266203703704 0.35625 0.019490740740740798 0.0509722222222222
3 0.5751331018518518 0.34859375 0.02259259259259263 0.049571759259259274
3 0.6196180555555555 0.3431597222222222 0.025624999999999964 0.043483796296296263
3 0.6570023148148147 0.3334027777777778 0.019444444444444466 0.047847222222222284