5 0.7635416666666666 0.7104513888888888 0.0765625 0.050138888888889
5 0.9626562499999999 0.4884722222222222 0.06583333333333315 0.029409722222222177
2 0.8078645833333333 0.6700868055555556 0.07770833333333335 0.04395833333333332
2 0.9414583333333333 0.5113541666666667 0.07552083333333356 0.034513888888889
0 0.8377604166666668 0.6366319444444445 0.08562500000000028 0.04586805555555564
0 0.9227083333333332 0.5356944444444445 0.07864583333333357 0.034652777777777824
1 0.88890625 0.6045833333333334 0.13291666666666657 0.054201388888888855
4 0.913125 0.5682465277777778 0.1140625 0.05180555555555557
3 0.9028645833333332 0.37907986111111114 0.05947916666666657 0.027569444444444445
3 0.8991145833333334 0.4403645833333334 0.055104166666666995 0.032048611111111215
3 0.8752604166666668 0.47041666666666676 0.05958333333333314 0.029131944444444356
3 0.8479166666666668 0.4951388888888889 0.056458333333333145 0.028993055555555713
3 0.8185416666666667 0.5246527777777779 0.059687500000000074 0.030694444444444358
3 0.7855729166666666 0.5590277777777778 0.056770833333333215 0.03368055555555553
3 0.7517708333333333 0.59265625 0.056770833333333395 0.03368055555555553
3 0.6835416666666667 0.5917708333333334 0.06499999999999986 0.04027777777777786
12 0.5527083333333334 0.4040451388888888 0.08541666666666678 0.042743055555555645
12 0.835625 0.2049826388888889 0.07239583333333358 0.034375
9 0.6057291666666667 0.36486111111111114 0.08979166666666671 0.038263888888888965
9 0.8069270833333334 0.23289930555555555 0.08166666666666664 0.03322916666666664
7 0.6578645833333333 0.3359027777777778 0.08968750000000014 0.036701388888888874
7 0.77796875 0.2569097222222222 0.09697916666666657 0.02923611111111111
11 0.7139583333333334 0.3075520833333333 0.1229166666666666 0.04440972222222221
8 0.7596875 0.2765277777777778 0.13458333333333333 0.032465277777777767
10 0.6118750000000001 0.5040625000000001 0.07281249999999986 0.040625
10 0.6916145833333334 0.5130555555555556 0.06979166666666661 0.042048611111111175
10 0.6993750000000001 0.4296527777777778 0.06302083333333322 0.033958333333333354
10 0.7933333333333333 0.47562499999999996 0.058229166666666644 0.032187499999999855
10 0.7428125 0.4112673611111111 0.05947916666666657 0.02756944444444436
10 0.7780208333333334 0.3752256944444444 0.06572916666666676 0.02784722222222218
10 0.85484375 0.36397569444444444 0.06104166666666657 0.02763888888888886
10 0.8847395833333334 0.3305208333333333 0.06302083333333322 0.033958333333333354