3 0.07873263888888889 0.5181712962962963 0.05966435185185186 0.05428240740740744
3 0.14013310185185185 0.5101851851851851 0.05162037037037037 0.04745370370370381
3 0.1953125 0.5009548611111111 0.05486111111111107 0.05081018518518512
3 0.25983796296296297 0.4932002314814815 0.047106481481481485 0.05179398148148149
3 0.3173900462962963 0.4833622685185185 0.04542824074074074 0.048553240740740834
3 0.38521412037037034 0.4711516203703704 0.046875 0.04554398148148131
3 0.45434027777777786 0.46608796296296295 0.050115740740740836 0.04890046296296298
3 0.5182291666666667 0.45436921296296295 0.047106481481481485 0.05179398148148149
5 0.494994212962963 0.40486111111111106 0.05844907407407405 0.06354166666666679
5 0.0314525462962963 0.46603009259259254 0.0629050925925926 0.06556712962962977
2 0.08547453703703703 0.46304976851851853 0.07737268518518518 0.06961805555555553
2 0.4141493055555555 0.409056712962963 0.04890046296296298 0.05815972222222214
0 0.3579861111111111 0.4236979166666667 0.058333333333333307 0.060416666666666605
0 0.15460069444444446 0.4579861111111111 0.06475694444444446 0.06556712962962977
4 0.21218171296296298 0.4473668981481481 0.07013888888888893 0.08466435185185191
1 0.2846064814814815 0.4378472222222222 0.07505787037037041 0.09126157407407405
10 0.6394965277777778 0.6913194444444445 0.05196759259259256 0.05682870370370381
10 0.5861979166666667 0.6920717592592592 0.04392361111111107 0.05
10 0.5239872685185185 0.70078125 0.04866898148148149 0.05190972222222214
10 0.4611689814814815 0.7047453703703704 0.04704861111111107 0.05023148148148131
10 0.4029224537037036 0.712181712962963 0.042476851851851904 0.053009259259259166
10 0.3468460648148148 0.7244791666666667 0.0375 0.04484953703703702
10 0.29105902777777776 0.7289641203703704 0.03761574074074074 0.047974537037037024
10 0.23770254629629628 0.7312789351851852 0.04542824074074074 0.048553240740740834
12 0.2539351851851852 0.7794849537037036 0.04571759259259256 0.056365740740740834
12 0.6654513888888889 0.7308449074074075 0.058333333333333216 0.060416666666666785
9 0.6047743055555556 0.740451388888889 0.05856481481481488 0.06666666666666679
9 0.3161747685185185 0.769994212962963 0.05075231481481479 0.06608796296296297
7 0.37039930555555556 0.7653935185185186 0.047511574074074046 0.06273148148148149
7 0.5457465277777778 0.747829861111111 0.060243055555555536 0.06990740740740727
8 0.42806712962962956 0.7735821759259259 0.06579861111111107 0.09369212962962976
11 0.48729745370370364 0.7607349537037037 0.06550925925925917 0.08587962962962958