10 0.13645833333333335 0.8108217592592591 0.1559375 0.14681712962962976
10 0.06875 0.5181712962962963 0.07333333333333333 0.07384259259259256
10 0.6294270833333333 0.5791377314814815 0.08572916666666668 0.07320601851851852
10 0.21729166666666666 0.4374421296296296 0.0984375 0.07725694444444446
10 0.31807291666666665 0.5381944444444444 0.09874999999999998 0.08194444444444446
12 0.9140625 0.5224826388888889 0.09145833333333328 0.08917824074074084
10 0.5509895833333334 0.70859375 0.10208333333333339 0.08530092592592595
10 0.8550000000000001 0.7210069444444445 0.09270833333333357 0.08460648148148149
11 0.9693229166666667 0.38993055555555556 0.06135416666666664 0.14016203703703703
12 0.8198437500000001 0.3219328703703704 0.07562500000000014 0.08489583333333331
7 0.3902083333333334 0.3491898148148148 0.11114583333333332 0.10462962962962967
7 0.6190625000000001 0.3187210648148148 0.09072916666666657 0.1015625
9 0.6453125 0.42094907407407406 0.1109375 0.10150462962962976