8 0.8449305555555556 0.1461284722222222 0.14697916666666658 0.14744212962962963
10 0.39555555555555555 0.4270949074074074 0.11218749999999993 0.1281828703703704
10 0.5351909722222222 0.033061342592592594 0.0828819444444445 0.06612268518518519
10 0.6249305555555555 0.7613078703703704 0.08152777777777764 0.08399305555555561
10 0.62921875 0.5322627314814815 0.081388888888889 0.0777430555555556
10 0.5168402777777779 0.2228877314814815 0.08472222222222214 0.08716435185185185
7 0.8339236111111111 0.4948437500000001 0.096875 0.0717245370370371
10 0.6236631944444444 0.2822627314814815 0.07826388888888883 0.07769675925925927
7 0.7995833333333333 0.6375868055555556 0.10496527777777764 0.08434027777777775
10 0.7096701388888889 0.7061284722222222 0.0766319444444445 0.07454861111111111
9 0.7503472222222222 0.3913599537037037 0.09722222222222214 0.087349537037037
12 0.6830555555555555 0.14149305555555552 0.10114583333333335 0.12333333333333334
12 0.8364756944444445 0.3635127314814815 0.08152777777777764 0.08399305555555561
11 0.7939930555555555 0.17501736111111113 0.13916666666666658 0.14732638888888888