5 0.7542361111111111 0.6792939814814816 0.058090277777777824 0.07818287037037024
2 0.6952430555555555 0.6861284722222222 0.048784722222222146 0.07946759259259259
0 0.6500694444444445 0.6879108796296297 0.039826388888888786 0.08856481481481496
1 0.5980208333333333 0.7105555555555556 0.04930555555555553 0.12629629629629627
4 0.5409548611111111 0.7080844907407406 0.04875000000000007 0.11379629629629626
0 0.4877430555555556 0.6870023148148148 0.039826388888888786 0.08856481481481496
2 0.42776041666666664 0.6891261574074073 0.04267361111111114 0.08240740740740726
5 0.3787152777777778 0.6915740740740741 0.0359375 0.07128472222222229
3 0.77109375 0.5143865740740741 0.04552083333333332 0.07624999999999993
3 0.7026041666666666 0.5708738425925926 0.048298611111111 0.0685300925925926
3 0.6471701388888889 0.5700115740740741 0.048298611111111 0.0685300925925926
3 0.5887847222222222 0.5729629629629629 0.04482638888888886 0.06062499999999993
3 0.5365104166666667 0.572974537037037 0.04972222222222218 0.06545138888888893
3 0.4801909722222222 0.5697453703703703 0.038715277777777855 0.06356481481481477
3 0.4193923611111111 0.5710648148148147 0.04083333333333332 0.0761111111111111
3 0.36015625 0.5022106481481481 0.03559027777777777 0.06347222222222229
10 0.5883333333333333 0.4925868055555556 0.0453819444444445 0.07312499999999993
10 0.7236111111111111 0.4466608796296295 0.044756944444444356 0.05906249999999993
10 0.8005729166666666 0.3701388888888889 0.054548611111111 0.06871527777777775
10 0.6674479166666666 0.3591724537037037 0.054548611111111 0.06871527777777775
10 0.6058159722222223 0.3768518518518518 0.0421180555555555 0.06990740740740745
10 0.5356597222222221 0.36072916666666666 0.040625 0.0714236111111111
10 0.4188715277777778 0.41890625000000004 0.04857638888888882 0.07478009259259259
10 0.34156250000000005 0.4173958333333333 0.0485069444444445 0.0732175925925926
12 0.8232118055555556 0.21242476851851855 0.07378472222222214 0.0802083333333334
9 0.7527604166666666 0.20721643518518515 0.061423611111111144 0.0829629629629629
7 0.68078125 0.20274305555555555 0.06489583333333329 0.09086805555555558
11 0.6142881944444445 0.2163773148148148 0.06614583333333339 0.11899305555555557
8 0.5439409722222223 0.21351273148148148 0.06593750000000007 0.11430555555555558
7 0.46220486111111114 0.20016782407407407 0.04253472222222214 0.07928240740740744
9 0.3861458333333333 0.1916724537037037 0.057361111111111106 0.09688657407407408
12 0.2977430555555555 0.16876736111111112 0.05524305555555555 0.08434027777777775