10 0.31157407407407406 0.21211805555555557 0.05231481481481488 0.041284722222222216
10 0.30594328703703705 0.2676909722222222 0.05065972222222222 0.0396527777777778
10 0.28776041666666663 0.33784722222222224 0.04744212962962964 0.037951388888888896
10 0.28465277777777775 0.4034375 0.053321759259259235 0.03197916666666671
10 0.2682175925925926 0.47039930555555554 0.050381944444444396 0.03496527777777771
10 0.2518287037037037 0.5365798611111112 0.050567129629629635 0.038090277777777716
10 0.24192129629629627 0.5985763888888889 0.050381944444444396 0.03496527777777771
10 0.2328414351851852 0.6597569444444444 0.06012731481481488 0.04163194444444436
12 0.13490162037037037 0.68203125 0.07851851851851852 0.06270833333333332
12 0.2299189814814815 0.19626736111111112 0.057928240740740745 0.05711805555555553
9 0.2148611111111111 0.2662847222222222 0.06417824074074074 0.057395833333333354
9 0.1583275462962963 0.6022916666666667 0.06555555555555559 0.054340277777777855
7 0.17641782407407408 0.5336979166666667 0.054618055555555545 0.05385416666666672
7 0.20623842592592592 0.3328993055555555 0.06049768518518519 0.04788194444444445
11 0.19853587962962965 0.39713541666666663 0.0700578703703704 0.05142361111111109
8 0.18127314814814816 0.4649131944444445 0.060682870370370345 0.051006944444444355
3 0.6987789351851852 0.2393229166666667 0.06343750000000004 0.04489583333333336
3 0.687494212962963 0.29826388888888894 0.06656250000000004 0.04503472222222218
3 0.6776793981481481 0.35869791666666667 0.06334490740740736 0.043333333333333356
3 0.6688310185185186 0.41597222222222224 0.05994212962962955 0.03850694444444436
3 0.6530902777777777 0.4712152777777778 0.06931712962962955 0.038923611111111
3 0.6442418981481481 0.5284895833333334 0.0659143518518519 0.034097222222222355
3 0.6331423611111111 0.5843055555555555 0.06628472222222222 0.040347222222222354
3 0.6251215277777777 0.6407638888888888 0.06031250000000003 0.044756944444444356
5 0.6974074074074074 0.6437847222222223 0.07143518518518518 0.0483680555555555
5 0.7703761574074074 0.2408159722222222 0.07309027777777785 0.05
2 0.7627662037037037 0.30348958333333337 0.07915509259259253 0.04715277777777782
2 0.7050115740740741 0.5943576388888889 0.08605324074074083 0.058368055555555645
0 0.7133564814814815 0.5324305555555556 0.08521990740740755 0.04430555555555564
0 0.7558506944444444 0.35444444444444445 0.08650462962962954 0.039687499999999966
1 0.761892361111111 0.4102777777777778 0.11821759259259253 0.04888888888888889
4 0.7439872685185185 0.47574652777777776 0.10856481481481488 0.04378472222222225