5 0.27004050925925926 0.6401388888888888 0.06418981481481482 0.08432870370370367
2 0.3300578703703704 0.6456018518518519 0.05481481481481474 0.08384259259259252
0 0.37624421296296295 0.6464293981481481 0.04765046296296287 0.09437499999999996
1 0.4298668981481481 0.6672337962962963 0.060717592592592594 0.13087962962962968
4 0.48644097222222216 0.664681712962963 0.059976851851851976 0.1183796296296297
0 0.53953125 0.6415740740740741 0.04755787037037038 0.09281250000000014
2 0.5997800925925926 0.643130787037037 0.04875000000000007 0.08664351851851855
5 0.6490451388888889 0.6449016203703704 0.041851851851851765 0.07538194444444457
3 0.2375289351851852 0.47467013888888887 0.05150462962962958 0.08055555555555553
3 0.3118171296296296 0.5302430555555555 0.054166666666666606 0.07290509259259252
3 0.3667824074074074 0.5283912037037037 0.054166666666666606 0.07290509259259252
3 0.42625 0.5299074074074074 0.049108796296296296 0.06641203703703695
3 0.47965277777777776 0.5279745370370371 0.05398148148148145 0.06978009259259252
3 0.5362731481481482 0.5246412037037037 0.04295138888888896 0.06765046296296298
3 0.5974421296296296 0.523894675925926 0.048379629629629585 0.08039351851851854
3 0.6518402777777779 0.45226851851851857 0.039826388888888786 0.06748842592592581
10 0.42003472222222227 0.4496527777777778 0.05131944444444443 0.07743055555555553
10 0.2791956018518519 0.4063020833333333 0.04901620370370372 0.06484953703703696
10 0.1943460648148148 0.3305902777777778 0.060416666666666695 0.07322916666666668
10 0.3284548611111111 0.31560185185185186 0.060416666666666695 0.07322916666666668
10 0.39246527777777773 0.33302662037037034 0.04800925925925927 0.07414351851851855
10 0.4609490740740741 0.31463541666666667 0.04819444444444443 0.07726851851851854
10 0.5853761574074074 0.370457175925926 0.05453703703703709 0.07915509259259253
10 0.662355324074074 0.36739583333333337 0.05444444444444443 0.07759259259259262
12 0.15746527777777777 0.17273148148148149 0.08146990740740741 0.08678240740740742
9 0.22759837962962964 0.16618055555555555 0.06759259259259257 0.08917824074074074
7 0.3000289351851852 0.1605324074074074 0.07265046296296304 0.09567129629629631
11 0.3691435185185185 0.1711689814814815 0.07597222222222219 0.1254398148148148
8 0.43909143518518523 0.16774305555555555 0.07569444444444447 0.12075231481481481
7 0.5207175925925925 0.15238425925925925 0.04856481481481474 0.08351851851851855
9 0.5973784722222222 0.14146990740740742 0.06530092592592603 0.10307870370370371
12 0.6835127314814815 0.1161574074074074 0.06134259259259256 0.08885416666666668