11 0.3450173611111111 0.3459490740740741 0.07275462962962961 0.12087962962962964
8 0.3267939814814815 0.3808564814814815 0.0869097222222222 0.13379629629629627
7 0.35920717592592594 0.3283449074074074 0.053761574074074045 0.08751157407407409
7 0.30363425925925924 0.4494965277777778 0.061574074074074045 0.08774305555555557
9 0.3719502314814815 0.29516203703703703 0.05368055555555555 0.07657407407407409
12 0.3933275462962963 0.25625578703703705 0.0490393518518518 0.08268518518518517
10 0.4361979166666667 0.2682638888888889 0.034791666666666644 0.05726851851851853
10 0.4187384259259259 0.30549189814814814 0.03634259259259256 0.055752314814814775
10 0.40756944444444443 0.33706597222222223 0.03478009259259256 0.05570601851851853
10 0.39711805555555557 0.37721064814814814 0.03634259259259256 0.055752314814814775
10 0.3772916666666667 0.4176331018518519 0.04266203703703706 0.06531249999999993
10 0.3566087962962963 0.4682349537037037 0.047361111111111145 0.06701388888888893
10 0.3398263888888889 0.5195023148148149 0.04893518518518523 0.06862268518518526
3 0.6524652777777777 0.2806018518518519 0.036354166666666646 0.05731481481481478
3 0.6483333333333333 0.3111863425925926 0.034791666666666644 0.05726851851851844
3 0.6480381944444444 0.3510300925925926 0.03792824074074073 0.05892361111111111
3 0.6438657407407408 0.38708333333333333 0.04266203703703706 0.06531249999999993
3 0.6411979166666667 0.43090277777777775 0.045798611111111144 0.06696759259259259
1 0.7096875 0.3585763888888889 0.06665509259259253 0.1410069444444444
4 0.7069386574074075 0.4133333333333333 0.06655092592592596 0.12694444444444458
0 0.702037037037037 0.33693287037037034 0.041284722222222216 0.09026620370370368
0 0.7049479166666666 0.47119212962962964 0.05700231481481488 0.10322916666666657
2 0.6999479166666667 0.3026273148148148 0.052164351851851976 0.08277777777777776
5 0.7040451388888889 0.27673032407407405 0.037986111111111144 0.06673611111111111
5 0.7071064814814815 0.601568287037037 0.0631712962962963 0.09247685185185191
2 0.7029398148148148 0.5313946759259259 0.061655092592592456 0.09868055555555558
3 0.6423032407407406 0.5980208333333333 0.04743055555555564 0.07638888888888892
3 0.6357407407407407 0.5349479166666666 0.045798611111111144 0.06696759259259259
3 0.6432118055555556 0.47536458333333337 0.04582175925925931 0.0700925925925926
10 0.3183564814814815 0.5709085648148149 0.05210648148148147 0.07496527777777776
12 0.25744791666666667 0.5688078703703704 0.06472222222222221 0.09096064814814823
9 0.2797974537037037 0.5040972222222222 0.06781249999999997 0.08636574074074073