1 0.40760416666666666 0.2925347222222222 0.09406250000000008 0.10167824074074075
0 0.42848958333333337 0.25512152777777775 0.06166666666666672 0.05995370370370372
2 0.44744791666666667 0.22387152777777777 0.06260416666666657 0.07401620370370372
5 0.46875 0.18101851851851852 0.06166666666666672 0.05995370370370372
12 0.6013020833333333 0.8249710648148149 0.07958333333333342 0.07152777777777786
12 0.6971354166666667 0.4505497685185185 0.0609375 0.04901620370370381
9 0.6915104166666667 0.4947627314814815 0.06802083333333328 0.06174768518518512
9 0.6171354166666667 0.7468460648148147 0.07562500000000014 0.05891203703703703
7 0.6766145833333332 0.5401909722222222 0.06781250000000014 0.05862268518518512
7 0.6338541666666666 0.6936921296296296 0.07083333333333322 0.05717592592592595
11 0.6716145833333333 0.5820891203703704 0.08614583333333332 0.07644675925925917
8 0.6608854166666667 0.631568287037037 0.10322916666666657 0.07552083333333322
10 0.6394791666666666 0.38061342592592595 0.04979166666666668 0.045486111111111074
10 0.5900000000000001 0.38657407407407407 0.05552083333333328 0.061284722222222233
10 0.609375 0.47847222222222213 0.05437499999999993 0.04409722222222214
10 0.5230729166666667 0.458130787037037 0.047083333333333324 0.051620370370370414
10 0.5874479166666667 0.5119502314814814 0.05322916666666657 0.050289351851851904
10 0.5743750000000001 0.5730324074074075 0.048229166666666504 0.04542824074074083
10 0.5079166666666667 0.6399305555555556 0.05656250000000007 0.05353009259259256
10 0.48796874999999995 0.7147858796296296 0.059687500000000074 0.05364583333333321
3 0.5701041666666666 0.31024305555555554 0.055312499999999966 0.05815972222222214
3 0.5181250000000001 0.31377314814814816 0.06458333333333321 0.056944444444444464
3 0.49625 0.3597222222222222 0.05666666666666664 0.05509259259259256
3 0.47692708333333333 0.40888310185185184 0.052291666666666715 0.05960648148148149
3 0.45593749999999994 0.45642361111111107 0.05322916666666657 0.050289351851851904
3 0.4319791666666667 0.5061921296296296 0.05531250000000014 0.05815972222222214
3 0.40864583333333326 0.5653356481481481 0.05593749999999993 0.06753472222222215
3 0.4375 0.6591435185185185 0.05614583333333343 0.04728009259259256
5 0.28291666666666665 0.5263888888888889 0.07354166666666666 0.0744212962962962
2 0.3207291666666666 0.47401620370370373 0.06354166666666661 0.06469907407407405
0 0.35223958333333333 0.42063078703703705 0.07843749999999998 0.07771990740740745
4 0.37677083333333333 0.35607638888888893 0.08302083333333332 0.09971064814814809