8 0.7176793981481481 0.2346875 0.11597222222222214 0.09875000000000007
11 0.6616319444444445 0.2165972222222222 0.09519675925925916 0.08534722222222228
7 0.7511574074074074 0.2541145833333333 0.07922453703703702 0.07527777777777782
12 0.8317418981481481 0.281875 0.07129629629629619 0.0718055555555556
10 0.4537037037037037 0.2463541666666667 0.053761574074074045 0.06166666666666672
10 0.5269097222222221 0.26442708333333337 0.048784722222222146 0.05364583333333339
10 0.5774016203703705 0.27993055555555557 0.05688657407407405 0.06180555555555554
10 0.6295717592592592 0.2986284722222222 0.06359953703703702 0.07458333333333336
10 0.681568287037037 0.31263888888888886 0.05995370370370381 0.060381944444444446
10 0.7303530092592593 0.32416666666666666 0.061400462962962976 0.05732638888888886
10 0.7675925925925926 0.3398611111111111 0.05543981481481488 0.06486111111111112
10 0.8054976851851852 0.3524652777777778 0.053761574074074045 0.06166666666666672
12 0.4838252314814815 0.15409722222222225 0.08287037037037041 0.08947916666666664
9 0.547048611111111 0.17640625000000001 0.08287037037037023 0.08947916666666664
9 0.789699074074074 0.26284722222222223 0.07615740740740762 0.07670138888888892
7 0.604832175925926 0.1992534722222222 0.08125 0.08784722222222223
3 0.383449074074074 0.6659722222222222 0.06325231481481489 0.06520833333333335
3 0.43888888888888894 0.6676562500000001 0.05717592592592595 0.06961805555555553
3 0.4998842592592593 0.6719270833333333 0.06805555555555554 0.0685416666666665
3 0.5544849537037037 0.6720138888888888 0.05972222222222214 0.05413194444444436
3 0.6021122685185185 0.6733506944444445 0.05815972222222214 0.054062500000000034
3 0.6460648148148149 0.6807638888888888 0.05017361111111107 0.04902777777777771
3 0.6898726851851851 0.6842708333333334 0.06145833333333321 0.05888888888888886
3 0.7306712962962962 0.6907638888888888 0.05509259259259256 0.055486111111111215
5 0.7261574074074074 0.7584201388888889 0.06759259259259273 0.056041666666666504
5 0.3699074074074074 0.7636458333333334 0.06834490740740735 0.0763541666666665
2 0.684837962962963 0.7589236111111111 0.07563657407407405 0.06263888888888883
2 0.4266203703703704 0.7575868055555556 0.07037037037037024 0.08892361111111118
0 0.6412037037037036 0.7601041666666667 0.07418981481481488 0.0656944444444445
0 0.4905960648148149 0.7580902777777778 0.07447916666666679 0.0735069444444445
4 0.6038483796296296 0.76234375 0.10162037037037024 0.09031249999999993
1 0.5527777777777778 0.7733333333333332 0.10694444444444447 0.10770833333333343