10 0.1722511574074074 0.6903645833333333 0.05439814814814818 0.06159722222222221
10 0.19473379629629628 0.6513888888888889 0.04924768518518521 0.05513888888888889
10 0.22016782407407404 0.6148958333333334 0.04947916666666661 0.05826388888888889
11 0.23125 0.49703125000000004 0.0934606481481481 0.10538194444444429
8 0.1916087962962963 0.5454340277777778 0.10688657407407405 0.11843749999999993
7 0.17745949074074074 0.5777256944444444 0.08090277777777777 0.08302083333333332
7 0.26785300925925926 0.4367361111111111 0.08258101851851851 0.08465277777777783
9 0.15393518518518517 0.6096006944444444 0.07181712962962963 0.06548611111111118
12 0.1257523148148148 0.6514583333333334 0.05978009259259261 0.07118055555555554
4 0.4500868055555555 0.9182638888888889 0.06452546296296298 0.1352430555555557
0 0.414525462962963 0.9221701388888889 0.05798611111111107 0.11003472222222221
2 0.38359375 0.9482291666666667 0.046875 0.08618055555555557
5 0.35691550925925924 0.9672656249999999 0.04415509259259256 0.06546875000000014
5 0.641550925925926 0.7566840277777778 0.060416666666666785 0.10079861111111103
2 0.5867766203703704 0.8083333333333333 0.054050925925925954 0.09895833333333322
0 0.542505787037037 0.8345833333333333 0.05931712962962958 0.10697916666666671
1 0.4879918981481481 0.8932986111111111 0.07974537037037024 0.1514930555555555
3 0.5999131944444445 0.6944791666666668 0.047511574074074046 0.07375000000000007
3 0.5524305555555555 0.73234375 0.055208333333333214 0.07253472222222221
3 0.5043113425925926 0.7788020833333332 0.04560185185185191 0.06899305555555557
3 0.4661747685185185 0.8068923611111112 0.04571759259259256 0.07055555555555557
3 0.42948495370370365 0.8366145833333334 0.03611111111111107 0.06701388888888857
3 0.39302662037037034 0.8632118055555555 0.043055555555555534 0.07666666666666658
3 0.3596354166666667 0.8907291666666666 0.03790509259259256 0.07020833333333343
3 0.3312789351851852 0.9137673611111111 0.04270833333333339 0.07197916666666657
12 0.3519965277777778 0.3166319444444444 0.06996527777777777 0.08253472222222218
9 0.30572916666666666 0.3804166666666667 0.07476851851851851 0.08430555555555559
10 0.39346064814814813 0.3811805555555555 0.06076388888888884 0.06343749999999995
10 0.36140046296296297 0.4330555555555556 0.05295138888888893 0.06309027777777772
10 0.31924189814814813 0.48369791666666667 0.05931712962962967 0.06493055555555553
10 0.28634259259259254 0.5363194444444443 0.05341435185185191 0.06934027777777771
10 0.25329861111111107 0.5803125 0.051620370370370414 0.06614583333333321