12 0.7600347222222222 0.6180555555555556 0.0645833333333334 0.04965277777777786
9 0.7318576388888889 0.5678472222222222 0.06756944444444457 0.046666666666666676
7 0.7121006944444443 0.5211631944444445 0.06131944444444457 0.046388888888888855
8 0.7027777777777778 0.4677777777777778 0.07267361111111122 0.05625
11 0.6829513888888888 0.42265625 0.06947916666666672 0.05454861111111118
7 0.6678124999999999 0.37732638888888886 0.06309027777777772 0.051145833333333356
9 0.6535590277777777 0.32961805555555557 0.05222222222222221 0.05222222222222221
12 0.6345833333333333 0.28289930555555554 0.05222222222222221 0.05222222222222221
10 0.5167361111111111 0.3029513888888889 0.04562500000000007 0.04413194444444448
10 0.4728645833333333 0.36026041666666664 0.04711805555555557 0.04263888888888889
10 0.5562847222222222 0.39553819444444444 0.04392361111111107 0.04093750000000007
10 0.5549131944444444 0.4439409722222223 0.04371527777777775 0.036250000000000074
10 0.5823090277777778 0.49418402777777776 0.04541666666666657 0.03944444444444439
10 0.5610243055555555 0.5871354166666667 0.04541666666666657 0.039444444444444574
10 0.5859722222222222 0.6398263888888889 0.05350694444444457 0.04604166666666672
3 0.5153125000000001 0.6507638888888889 0.048819444444444395 0.04583333333333339
3 0.4394618055555556 0.6206076388888888 0.04555555555555557 0.04256944444444457
3 0.41668402777777774 0.5717187499999999 0.04222222222222225 0.03774305555555557
3 0.40456597222222224 0.52859375 0.04555555555555557 0.042569444444444396
3 0.38633680555555555 0.4826215277777777 0.04052083333333334 0.03454861111111107
3 0.37059027777777775 0.4334201388888889 0.04711805555555557 0.04263888888888889
3 0.35782986111111115 0.3872048611111111 0.05343750000000007 0.044479166666666625
3 0.3972569444444445 0.3246354166666666 0.05350694444444439 0.04604166666666672
5 0.3202777777777778 0.68828125 0.05670138888888889 0.04774305555555554
5 0.21833333333333335 0.3505208333333333 0.06315972222222221 0.05270833333333336
2 0.23465277777777777 0.40437500000000004 0.0677777777777778 0.05135416666666668
2 0.31210069444444444 0.6442013888888889 0.06131944444444448 0.046388888888888855
0 0.30185763888888884 0.5939756944444444 0.06166666666666672 0.054201388888888855
0 0.24605902777777774 0.4459722222222222 0.06444444444444439 0.046527777777777855
1 0.25555555555555554 0.49545138888888884 0.07118055555555554 0.0577430555555555
4 0.2765625 0.5490972222222222 0.06812500000000003 0.05916666666666668