12 0.2171875 0.709375 0.0515625 0.040625
12 0.2015625 0.334375 0.05859375 0.034375
9 0.2109375 0.6515625 0.0578125 0.040625
9 0.2 0.3890625 0.0578125 0.03046875
7 0.21015625 0.60234375 0.05390625 0.0390625
7 0.20546875 0.44140625 0.05390625 0.034375
11 0.20546875 0.55390625 0.06171875 0.0421875
8 0.203125 0.50078125 0.071875 0.03359375
10 0.27109375 0.3390625 0.04453125 0.0390625
10 0.275 0.390625 0.03828125 0.0296875
10 0.27734375 0.4421875 0.04296875 0.0296875
10 0.2828125 0.49453125 0.0515625 0.02890625
10 0.2859375 0.5453125 0.04375 0.0296875
10 0.28359375 0.60078125 0.0453125 0.03046875
10 0.28671875 0.646875 0.0453125 0.03359375
10 0.29140625 0.71015625 0.04140625 0.03046875
5 0.69296875 0.3328125 0.05234375 0.0390625
5 0.70234375 0.6953125 0.05859375 0.0453125
2 0.69140625 0.38984375 0.05078125 0.04375
2 0.6984375 0.64921875 0.0609375 0.0453125
0 0.69609375 0.43828125 0.046875 0.03671875
0 0.69609375 0.5921875 0.05625 0.04453125
4 0.69921875 0.48671875 0.0625 0.04140625
1 0.696875 0.54453125 0.07578125 0.05234375
3 0.62421875 0.33671875 0.05078125 0.0296875
3 0.61640625 0.3890625 0.03828125 0.03984375
3 0.61640625 0.4484375 0.0421875 0.034375
3 0.61640625 0.49296875 0.04453125 0.03359375
3 0.615625 0.54140625 0.034375 0.0296875
3 0.6234375 0.5953125 0.03984375 0.03125
3 0.6265625 0.65 0.0390625 0.0375
3 0.6265625 0.6953125 0.04921875 0.0328125