10 0.6003472222222223 0.3629513888888889 0.04048611111111118 0.06579861111111107
10 0.4400347222222222 0.2924826388888889 0.04354166666666668 0.06281249999999998
3 0.5430729166666667 0.4065451388888889 0.04996527777777775 0.07090277777777772
3 0.5921875 0.41342013888888884 0.04350694444444443 0.06125000000000007
5 0.7466493055555555 0.5360243055555556 0.05812500000000007 0.08687500000000004
2 0.6827777777777777 0.5245833333333334 0.05673611111111114 0.09461805555555554
0 0.632986111111111 0.5129861111111111 0.052187500000000143 0.10065972222222222
1 0.578125 0.48317708333333337 0.06854166666666668 0.13416666666666668
4 0.5196180555555555 0.4766666666666667 0.06666666666666679 0.12003472222222218
0 0.468125 0.47125000000000006 0.05190972222222214 0.08815972222222221
2 0.4126909722222222 0.46722222222222226 0.05656250000000007 0.08680555555555554
5 0.3642361111111111 0.4658506944444444 0.05951388888888891 0.07913194444444435
3 0.7559895833333334 0.39723958333333337 0.042048611111111 0.06586805555555557
3 0.6949826388888889 0.43284722222222227 0.0421875 0.07211805555555557
3 0.6435763888888889 0.42352430555555554 0.03888888888888893 0.06416666666666675
3 0.4955555555555556 0.3981770833333333 0.04677083333333343 0.06763888888888889
3 0.44885416666666667 0.38828125 0.04180555555555543 0.05493055555555557
3 0.42654513888888895 0.33645833333333336 0.046736111111111 0.06607638888888889
10 0.4881944444444445 0.30713541666666666 0.042048611111111 0.06586805555555557
10 0.5784895833333333 0.2908159722222222 0.04197916666666668 0.06274305555555557
10 0.6275694444444444 0.2992534722222222 0.0389930555555555 0.06885416666666666
10 0.6728993055555555 0.3004861111111111 0.040486111111111 0.06579861111111107
10 0.7132465277777778 0.34998263888888886 0.04041666666666668 0.06267361111111107
10 0.7686979166666668 0.3180381944444444 0.0372916666666665 0.06253472222222226
12 0.7718229166666667 0.2477951388888889 0.03746527777777793 0.07034722222222226
9 0.7274826388888889 0.23722222222222222 0.047013888888889 0.07857638888888889
9 0.5138541666666667 0.20817708333333335 0.05322916666666657 0.07729166666666672
12 0.47022569444444445 0.20076388888888888 0.0452430555555555 0.0691319444444444
7 0.5559895833333334 0.21239583333333334 0.048784722222222146 0.0880208333333333
7 0.6846875000000001 0.22749999999999998 0.04250000000000007 0.08618055555555557
11 0.64515625 0.21166666666666667 0.05239583333333329 0.11003472222222221
8 0.6048090277777778 0.19736111111111113 0.05892361111111111 0.12281249999999999