10 0.2903935185185185 0.3389756944444445 0.04877314814814815 0.04674768518518526
10 0.33402199074074074 0.35408564814814814 0.04730324074074073 0.05920138888888893
10 0.38862268518518517 0.3641840277777778 0.04414351851851848 0.05442129629629626
10 0.44005208333333334 0.380625 0.048865740740740723 0.059247685185185174
10 0.48999421296296297 0.3869560185185185 0.041053240740740723 0.05901620370370377
10 0.5414814814814815 0.39558449074074076 0.04252314814814824 0.04656250000000002
10 0.5882696759259259 0.4059143518518519 0.040972222222222146 0.048078703703703776
10 0.6334664351851853 0.42019675925925926 0.0441087962962964 0.04973379629629626
12 0.2994675925925926 0.2738773148148148 0.053483796296296224 0.05001157407407408
12 0.6660069444444444 0.3504976851851852 0.055162037037036885 0.06568287037037042
9 0.34936921296296297 0.28567708333333336 0.05351851851851848 0.05469907407407408
9 0.6043287037037037 0.3468576388888889 0.051990740740740726 0.05934027777777775
7 0.4016087962962963 0.2981886574074074 0.04570601851851848 0.054467592592592595
7 0.5552083333333333 0.3350347222222222 0.042604166666666644 0.057500000000000016
11 0.4522916666666667 0.30996527777777777 0.05671296296296298 0.06416666666666666
8 0.5006539351851852 0.31868634259259265 0.044166666666666646 0.05754629629629626
3 0.22789930555555554 0.6563831018518519 0.045763888888888896 0.062280092592592595
3 0.27155671296296297 0.6675868055555555 0.04571759259259256 0.0560300925925926
3 0.3191030092592593 0.6810185185185185 0.03944444444444439 0.05271990740740744
3 0.3666608796296297 0.6928877314814815 0.03631944444444439 0.05262731481481477
3 0.41270254629629627 0.6985532407407408 0.03481481481481481 0.060393518518518444
3 0.45792824074074073 0.7089293981481481 0.041053240740740723 0.05901620370370377
3 0.5016087962962963 0.7170081018518518 0.03631944444444457 0.05262731481481495
3 0.5452893518518518 0.7250868055555555 0.042581018518518476 0.05437499999999993
5 0.20947916666666666 0.7178530092592592 0.052013888888888894 0.06246527777777775
5 0.5299537037037038 0.7919328703703703 0.04731481481481481 0.06076388888888893
2 0.2577777777777778 0.7351678240740741 0.05523148148148147 0.07505787037037041
2 0.4893923611111111 0.7845428240740742 0.05684027777777771 0.08135416666666657
0 0.2998900462962963 0.7440740740740741 0.04585648148148147 0.07478009259259259
0 0.44498842592592586 0.7686747685185186 0.05210648148148138 0.07496527777777758
1 0.3395543981481482 0.7671122685185185 0.06479166666666672 0.10033564814814824
4 0.39341435185185186 0.7717650462962963 0.055335648148148134 0.08912037037037024