10 0.6063194444444444 0.3314525462962963 0.12277777777777779 0.1145023148148148
10 0.8502430555555556 0.5419386574074074 0.0953125 0.07309027777777785
10 0.11326388888888887 0.49664930555555553 0.07659722222222225 0.07409722222222222
10 0.3384027777777778 0.46188657407407413 0.07652777777777775 0.07097222222222221
10 0.6098090277777778 0.5613946759259258 0.0733680555555555 0.06931712962962955
10 0.35081597222222227 0.5717013888888889 0.06701388888888893 0.06444444444444457
10 0.7560243055555556 0.630613425925926 0.08121527777777775 0.07111111111111121
7 0.6601041666666667 0.7254918981481481 0.08791666666666664 0.09160879629629619
7 0.49640625000000005 0.7745833333333334 0.07375000000000007 0.08650462962962954
12 0.3451388888888889 0.7919907407407407 0.06086805555555559 0.06894675925925924
9 0.4129513888888889 0.6954976851851852 0.07204861111111108 0.08020833333333321
8 0.11074652777777776 0.8210069444444444 0.07625000000000001 0.12873842592592588
11 0.16765625 0.7578067129629629 0.07913194444444445 0.11789351851851855
12 0.17086805555555556 0.6484548611111111 0.07354166666666666 0.07712962962962955