8 0.1353761574074074 0.1919965277777778 0.15534722222222222 0.15453703703703706
10 0.42803240740740744 0.626099537037037 0.1314004629629629 0.11946759259259263
10 0.031684027777777776 0.5091145833333334 0.06336805555555555 0.08489583333333321
10 0.7581597222222223 0.3757986111111111 0.08716435185185194 0.0853587962962962
10 0.5284375000000001 0.38494791666666667 0.08089120370370359 0.08361111111111104
10 0.21960069444444447 0.5159201388888889 0.09192129629629626 0.09018518518518519
7 0.48614583333333333 0.18238425925925925 0.07802083333333343 0.1007060185185185
10 0.2774710648148148 0.4048784722222222 0.07928240740740744 0.08043981481481488
7 0.6302256944444444 0.20857060185185183 0.08907407407407408 0.10884259259259262
10 0.7023668981481481 0.29389467592592594 0.07615740740740744 0.08034722222222221
9 0.3848611111111111 0.2720659722222222 0.09052083333333334 0.10107638888888885
12 0.13374999999999998 0.35447337962962966 0.12813657407407408 0.10999999999999996
12 0.35332175925925924 0.18710069444444444 0.08716435185185185 0.08535879629629628
11 0.16588541666666665 0.24107060185185186 0.15366898148148148 0.14667824074074076