12 0.2668576388888889 0.655324074074074 0.11760416666666665 0.08560185185185176
11 0.33505208333333336 0.4359375 0.14885416666666665 0.08722222222222217
8 0.34975694444444444 0.36343171296296295 0.15701388888888895 0.09543981481481482
7 0.30543402777777773 0.5061111111111112 0.1252083333333333 0.0813194444444445
7 0.3547048611111111 0.2818460648148148 0.12208333333333332 0.08115740740740743
9 0.36366319444444445 0.202806712962963 0.12263888888888888 0.09365740740740743
9 0.28604166666666664 0.5783738425925926 0.11631944444444446 0.09177083333333336
12 0.3619791666666667 0.11230324074074075 0.11965277777777779 0.09662037037037038
10 0.4348784722222222 0.6827430555555555 0.09503472222222235 0.06884259259259266
10 0.5291840277777778 0.6299537037037037 0.08388888888888886 0.06358796296296294
10 0.4536631944444444 0.5441956018518519 0.08225694444444435 0.06194444444444436
10 0.4853645833333333 0.48582175925925924 0.08864583333333335 0.06539351851851852
10 0.48572916666666666 0.4063368055555555 0.08857638888888886 0.06383101851851851
10 0.5758854166666667 0.3128009259259259 0.08559027777777786 0.06679398148148152
10 0.58171875 0.23359953703703704 0.093611111111111 0.07188657407407409
10 0.6070833333333333 0.5061631944444445 0.08388888888888886 0.06358796296296294
3 0.5829166666666666 0.6989930555555556 0.08864583333333335 0.06539351851851852
3 0.6537847222222222 0.644988425925926 0.08857638888888886 0.06383101851851851
3 0.6670138888888889 0.5918923611111111 0.08388888888888886 0.06358796296296294
3 0.6790798611111111 0.530162037037037 0.07715277777777771 0.052326388888888783
3 0.6891145833333333 0.4753414351851852 0.07708333333333321 0.05076388888888896
3 0.7000347222222223 0.4229050925925926 0.07892361111111121 0.05709490740740737
3 0.7080555555555555 0.35784722222222226 0.08347222222222221 0.05421296296296294
3 0.66171875 0.279837962962963 0.08864583333333335 0.06539351851851852
5 0.8319618055555555 0.35725694444444445 0.09489583333333336 0.06571759259259258
5 0.7486979166666667 0.7286342592592593 0.09177083333333336 0.0655555555555555
2 0.76796875 0.6711747685185185 0.10121527777777786 0.06760416666666665
2 0.8216493055555556 0.4058275462962963 0.107534722222222 0.0694907407407408
0 0.7814756944444443 0.6243287037037037 0.11208333333333335 0.06660879629629637
0 0.8091666666666667 0.4581828703703703 0.11215277777777785 0.06817129629629619
4 0.818767361111111 0.5163599537037037 0.147013888888889 0.08089120370370359
1 0.8137326388888889 0.5784548611111111 0.1595833333333335 0.0831018518518519