12 0.33094328703703707 0.16644675925925925 0.04901620370370363 0.06384259259259259
9 0.38125 0.19927083333333334 0.04763888888888897 0.06692129629629626
7 0.4274247685185185 0.2228587962962963 0.045798611111111144 0.06218750000000002
8 0.48201388888888885 0.2360590277777778 0.05582175925925927 0.07340277777777775
11 0.5274074074074073 0.25967013888888885 0.055636574074074116 0.07027777777777774
7 0.5738136574074074 0.27935185185185185 0.05214120370370381 0.06393518518518518
9 0.6203125 0.2974710648148148 0.05140046296296301 0.051435185185185174
12 0.6680960648148149 0.3202314814814815 0.05296296296296301 0.05148148148148142
10 0.638263888888889 0.4419965277777778 0.046342592592592526 0.045046296296296265
10 0.5757465277777778 0.48362268518518514 0.04340277777777786 0.048078703703703596
10 0.5459606481481482 0.39403935185185185 0.04321759259259252 0.04495370370370368
10 0.4961921296296296 0.3916145833333333 0.038437500000000034 0.04325231481481477
10 0.447355324074074 0.360306712962963 0.038530092592592526 0.04481481481481477
10 0.34900462962962964 0.3749189814814815 0.038437500000000034 0.04325231481481477
10 0.2961226851851852 0.34607060185185184 0.04671296296296301 0.051296296296296263
3 0.28014467592592596 0.4182928240740741 0.048090277777777767 0.0482175925925926
3 0.30648726851851854 0.5001793981481482 0.04496527777777777 0.04812499999999993
3 0.3548206018518519 0.5268229166666666 0.03668981481481488 0.04008101851851862
3 0.3983333333333333 0.5426909722222222 0.04165509259259252 0.044907407407407264
3 0.4438194444444445 0.5647395833333333 0.033657407407407545 0.04155092592592595
3 0.4948668981481482 0.5850636574074073 0.04340277777777786 0.048078703703703596
3 0.5407233796296296 0.6008622685185185 0.043773148148148165 0.054328703703703594
3 0.607650462962963 0.5637847222222222 0.0483680555555555 0.052905092592592594
5 0.2277141203703704 0.6187152777777778 0.05020833333333332 0.05763888888888893
5 0.5685995370370371 0.7489930555555555 0.05195601851851848 0.06081018518518526
2 0.5152546296296296 0.7279571759259259 0.05094907407407412 0.07013888888888893
2 0.27223958333333337 0.6306539351851852 0.04892361111111114 0.062280092592592595
0 0.32361111111111107 0.6455092592592593 0.05351851851851848 0.060856481481481595
0 0.4724305555555556 0.7136284722222221 0.04589120370370363 0.06374999999999993
1 0.4217476851851852 0.7003125 0.05729166666666661 0.07188657407407409
4 0.36872685185185183 0.6738078703703703 0.06179398148148145 0.0689004629629629