3 0.2966261574074074 0.15600694444444446 0.04846064814814817 0.05413194444444445
3 0.32881944444444444 0.20678819444444443 0.04174768518518519 0.04618055555555554
3 0.35835069444444445 0.2496875 0.04671296296296301 0.05097222222222229
3 0.38957754629629626 0.3035763888888889 0.046250000000000034 0.0431597222222222
3 0.4212210648148148 0.35043402777777777 0.043032407407407366 0.04152777777777779
3 0.4595254629629629 0.40369791666666666 0.041562499999999857 0.043055555555555534
3 0.49056712962962956 0.4607118055555556 0.046527777777777855 0.047847222222222284
3 0.5251041666666667 0.511545138888889 0.047812500000000036 0.043194444444444355
5 0.5610127314814815 0.4732291666666667 0.0561805555555555 0.052743055555555605
5 0.32611111111111113 0.09407986111111111 0.061423611111111144 0.06222222222222222
2 0.34911458333333334 0.14152777777777778 0.060416666666666695 0.07156250000000001
2 0.5252430555555556 0.40359375000000003 0.052592592592592524 0.04486111111111111
0 0.4909780092592593 0.36137152777777776 0.05296296296296301 0.05111111111111111
0 0.38015625 0.19854166666666667 0.0581134259259259 0.05902777777777777
4 0.41267361111111106 0.24385416666666665 0.07704861111111114 0.0625694444444445
1 0.44909143518518524 0.30255208333333333 0.08357638888888878 0.06739583333333332
10 0.3609085648148148 0.7081597222222222 0.05277777777777777 0.047986111111111104
10 0.3401099537037037 0.6631076388888889 0.04771990740740737 0.04163194444444436
10 0.30787037037037035 0.613107638888889 0.046342592592592616 0.04472222222222229
10 0.27972222222222226 0.5600694444444445 0.04459490740740737 0.04156250000000004
10 0.2505150462962963 0.5117013888888889 0.047534722222222214 0.03850694444444436
10 0.21868634259259262 0.46796875 0.0409143518518519 0.03211805555555554
10 0.19168402777777777 0.4219965277777778 0.04725694444444448 0.03381944444444436
10 0.16932291666666668 0.37690972222222224 0.04459490740740737 0.04156250000000004
12 0.13295717592592593 0.4097395833333334 0.05249999999999999 0.04329861111111111
12 0.33676504629629633 0.7459548611111112 0.0561805555555555 0.05274305555555543
9 0.3036053240740741 0.69828125 0.0593055555555555 0.05281249999999993
9 0.16515046296296296 0.4605208333333334 0.06049768518518519 0.04659722222222236
7 0.18994791666666666 0.5040972222222223 0.05718750000000004 0.04340277777777786
7 0.27361689814814816 0.6498958333333333 0.06408564814814817 0.054479166666666676
8 0.20633101851851854 0.55765625 0.08770833333333332 0.05812500000000007
11 0.23953703703703705 0.6045486111111111 0.07998842592592599 0.059513888888889