12 0.8096643518518519 0.7040046296296296 0.06584490740740741 0.08597222222222226
9 0.7902083333333334 0.6648321759259259 0.06180555555555536 0.09666666666666668
11 0.74734375 0.5855034722222222 0.07937499999999993 0.1302893518518518
7 0.689849537037037 0.4695891203703704 0.06824074074074069 0.10011574074074084
12 0.6397916666666668 0.33458912037037036 0.06759259259259273 0.08917824074074074
9 0.6653761574074074 0.41146412037037033 0.06584490740740741 0.08597222222222226
8 0.7231076388888888 0.544525462962963 0.09656249999999993 0.1311805555555555
7 0.7690972222222222 0.6240162037037037 0.07118055555555554 0.09715277777777782
10 0.7138657407407407 0.743431712962963 0.055636574074074116 0.0714236111111111
10 0.6468576388888889 0.729832175925926 0.052141203703703634 0.06501157407407412
10 0.676238425925926 0.6604803240740742 0.05398148148148145 0.06978009259259252
10 0.6384027777777778 0.6265856481481482 0.04938657407407412 0.07109953703703695
10 0.6163657407407408 0.5701446759259259 0.05407407407407412 0.07134259259259253
10 0.5253935185185185 0.507013888888889 0.06234953703703709 0.07956018518518526
10 0.4957696759259259 0.4408333333333333 0.05407407407407412 0.07134259259259253
3 0.623443287037037 0.7815798611111111 0.05719907407407412 0.0715046296296297
3 0.5625462962962964 0.7659606481481482 0.04938657407407412 0.07109953703703695
3 0.5339467592592593 0.7302083333333333 0.041296296296296296 0.06600694444444458
3 0.5072743055555555 0.6875462962962964 0.04938657407407412 0.07109953703703695
3 0.48313078703703705 0.6481307870370371 0.039826388888888786 0.06748842592592581
3 0.45296875 0.6122974537037037 0.04616898148148145 0.06937499999999996
3 0.42201967592592593 0.5631828703703704 0.051134259259259275 0.07430555555555554
3 0.44399884259259254 0.4872164351851852 0.06032407407407412 0.0716666666666665
5 0.30484374999999997 0.583587962962963 0.05481481481481483 0.08384259259259252
5 0.5149710648148147 0.8437152777777779 0.04626157407407412 0.07093750000000014
2 0.48517939814814814 0.8141319444444445 0.048287037037037094 0.07883101851851855
0 0.4607175925925926 0.7824884259259258 0.04884259259259256 0.08820601851851854
0 0.3761111111111111 0.6690625000000001 0.05555555555555554 0.09634259259259252
2 0.3399247685185185 0.6235706018518519 0.05812500000000007 0.0871296296296297
4 0.4002604166666667 0.72171875 0.058229166666666644 0.1151736111111111
1 0.4294618055555556 0.7676273148148148 0.06521990740740743 0.12799768518518526
10 0.5576736111111111 0.6574479166666667 0.04938657407407412 0.07109953703703695