1 0.48882523148148155 0.3605150462962963 0.037835648148148236 0.09711805555555557
4 0.5319965277777777 0.36473958333333334 0.038831018518518515 0.08619212962962966
0 0.4535763888888889 0.37353009259259257 0.02996527777777782 0.06582175925925923
0 0.5701446759259259 0.37751736111111117 0.03168981481481481 0.06895833333333332
2 0.4137731481481481 0.3740162037037037 0.028159722222222072 0.061122685185185155
2 0.6094502314814815 0.382494212962963 0.039097222222222075 0.06120370370370374
5 0.3802199074074074 0.3745486111111111 0.026273148148148094 0.05486111111111107
5 0.65171875 0.38436921296296295 0.03548611111111111 0.05180555555555557
10 0.3402025462962963 0.5968229166666666 0.03252314814814809 0.054907407407407405
10 0.3982986111111111 0.6027199074074074 0.03424768518518526 0.05804398148148149
10 0.4453356481481482 0.6061921296296295 0.030717592592592526 0.0502083333333335
10 0.4969386574074074 0.6073553240740741 0.030798611111111283 0.05177083333333332
10 0.601412037037037 0.6190625 0.030717592592592526 0.05020833333333332
10 0.6481655092592593 0.6170659722222223 0.0387731481481481 0.05495370370370374
10 0.6968865740740741 0.6228935185185185 0.03556712962962969 0.05336805555555557
12 0.7110763888888888 0.6706365740740742 0.050520833333333216 0.07065972222222214
12 0.33510416666666665 0.6491087962962963 0.04106481481481481 0.06902777777777783
9 0.6567650462962963 0.6624247685185185 0.046076388888888785 0.07531250000000007
9 0.3906134259259259 0.650300925925926 0.04295138888888896 0.0752893518518519
7 0.600931712962963 0.6549826388888889 0.04015046296296294 0.08151620370370374
7 0.44189236111111113 0.6452141203703704 0.039826388888888786 0.07526620370370374
8 0.5406655092592592 0.637355324074074 0.05262731481481495 0.11128472222222215
11 0.4883622685185186 0.6377488425925926 0.04769675925925938 0.10656250000000007
3 0.6558854166666667 0.41954282407407406 0.030555555555555537 0.047083333333333324
3 0.6169444444444444 0.4215972222222222 0.03211805555555554 0.047094907407407405
3 0.5708101851851852 0.4204745370370371 0.033923611111111106 0.05179398148148149
3 0.5355729166666666 0.4186516203703704 0.028993055555555536 0.04707175925925924
3 0.49478587962962967 0.41522569444444446 0.025949074074074117 0.04861111111111107
3 0.45486111111111105 0.41336805555555556 0.02751157407407412 0.04862268518518516
3 0.41279513888888886 0.41539930555555554 0.03195601851851855 0.0439699074074074
3 0.37747685185185187 0.41201388888888885 0.025868055555555537 0.04704861111111107