10 0.872019675925926 0.9565972222222221 0.17598379629629618 0.08680555555555572
10 0.9812789351851852 0.7341319444444444 0.03744212962962976 0.07763888888888885
10 0.43573495370370374 0.5317361111111112 0.09652777777777768 0.08371527777777779
10 0.8758391203703704 0.5863368055555556 0.109375 0.08895833333333343
10 0.7535590277777778 0.6385243055555556 0.11128472222222215 0.09371527777777774
12 0.16455439814814815 0.3398090277777778 0.10549768518518521 0.09968749999999993
10 0.4846643518518519 0.6982118055555555 0.11464120370370381 0.09697916666666676
10 0.18043981481481483 0.5647743055555555 0.10839120370370373 0.09670138888888893
11 0.12103587962962963 0.1727951388888889 0.12025462962962963 0.15173611111111113
12 0.3025173611111111 0.18397569444444445 0.08952546296296297 0.09430555555555556
7 0.7230034722222223 0.41524305555555563 0.12708333333333338 0.11777777777777772
7 0.5016782407407407 0.27614583333333337 0.10630787037037041 0.11062499999999993
9 0.45460069444444445 0.36593749999999997 0.1284143518518519 0.11472222222222221