10 0.634375 0.68828125 0.03359375 0.0484375
10 0.59921875 0.65703125 0.0375 0.0515625
10 0.665625 0.71171875 0.0265625 0.04609375
10 0.703125 0.73359375 0.0328125 0.0421875
10 0.5484375 0.64140625 0.0359375 0.0484375
10 0.50390625 0.615625 0.03671875 0.04921875
10 0.46328125 0.59140625 0.03828125 0.0515625
10 0.41875 0.5640625 0.03359375 0.04765625
1 0.59765625 0.4125 0.05390625 0.071875
4 0.56015625 0.38671875 0.04765625 0.071875
0 0.61796875 0.44765625 0.03828125 0.046875
0 0.5234375 0.37578125 0.03515625 0.06015625
2 0.64609375 0.471875 0.03046875 0.0515625
2 0.49296875 0.3546875 0.034375 0.05390625
5 0.6703125 0.48828125 0.02890625 0.04609375
5 0.453125 0.32578125 0.03359375 0.05
3 0.44921875 0.36640625 0.02734375 0.05234375
3 0.4828125 0.39140625 0.025 0.04375
3 0.51953125 0.41875 0.03203125 0.04921875
3 0.55078125 0.440625 0.02578125 0.0453125
3 0.5828125 0.4640625 0.02890625 0.04453125
3 0.6125 0.4875 0.02734375 0.0359375
3 0.64453125 0.5109375 0.03125 0.03046875
3 0.66953125 0.53359375 0.02734375 0.0390625
12 0.40859375 0.61171875 0.04921875 0.06484375
12 0.7078125 0.78515625 0.04140625 0.0578125
9 0.46015625 0.63828125 0.04375 0.06640625
9 0.66875 0.76171875 0.05234375 0.06484375
7 0.51015625 0.66015625 0.05078125 0.0640625
7 0.63203125 0.7375 0.0578125 0.065625
8 0.56875 0.678125 0.0703125 0.0921875
11 0.603125 0.70703125 0.065625 0.0734375