8 0.08447916666666666 0.3324479166666666 0.16895833333333332 0.15489583333333332
10 0.7085821759259259 0.46348958333333334 0.13021990740740746 0.16906250000000006
10 0.5813773148148148 0.8596875 0.1322916666666666 0.14895833333333322
10 0.4784837962962962 0.6368750000000001 0.11240740740740733 0.1258333333333333
10 0.458443287037037 0.8281770833333333 0.10001157407407409 0.09697916666666657
10 0.49454282407407407 0.2971354166666667 0.12046296296296291 0.13104166666666667
10 0.38752314814814814 0.10885416666666667 0.11173611111111104 0.14291666666666666
10 0.3913657407407407 0.3951041666666667 0.1094444444444445 0.12874999999999998
9 0.28978587962962965 0.53734375 0.11447916666666665 0.10572916666666679
7 0.33196759259259256 0.7898958333333334 0.12434027777777779 0.11572916666666674
7 0.23486689814814815 0.6655729166666667 0.11908564814814815 0.1044791666666665
12 0.17140046296296296 0.5382291666666668 0.10550925925925925 0.11291666666666664
12 0.26399884259259265 0.26890625 0.11545138888888892 0.12447916666666661
9 0.08644675925925925 0.11958333333333333 0.10270833333333333 0.11895833333333332
11 0.15072337962962962 0.33640625 0.15788194444444442 0.1319791666666667