8 0.43375 0.11859375000000001 0.11069444444444443 0.0963541666666667
11 0.48983796296296295 0.12578125 0.09021990740740744 0.08406250000000001
7 0.3954340277777778 0.12348958333333333 0.0760416666666666 0.07531249999999998
12 0.31363425925925925 0.11333333333333333 0.06818287037037037 0.07166666666666668
10 0.6566550925925926 0.24500000000000002 0.050856481481481454 0.06114583333333332
10 0.5850810185185186 0.22947916666666668 0.04605324074074062 0.053020833333333336
10 0.5336689814814815 0.22276041666666666 0.05398148148148145 0.06135416666666664
10 0.48067129629629635 0.2177083333333333 0.060416666666666785 0.07427083333333329
10 0.4300868055555556 0.2078125 0.057083333333333285 0.05999999999999996
10 0.3834201388888889 0.196875 0.05859953703703704 0.05697916666666671
10 0.3436458333333333 0.19484375 0.052465277777777784 0.06437500000000003
10 0.3054456018518518 0.19192708333333336 0.050856481481481454 0.06114583333333332
12 0.6698437500000001 0.14500000000000002 0.07778935185185176 0.08791666666666664
9 0.6051504629629629 0.13916666666666666 0.07778935185185176 0.08791666666666664
9 0.35810763888888886 0.11427083333333332 0.07135416666666661 0.075
7 0.5466724537037037 0.13526041666666666 0.07620370370370359 0.08624999999999998
3 0.5332986111111111 0.66921875 0.060277777777777784 0.06489583333333329
3 0.48602430555555554 0.6466145833333334 0.05255787037037045 0.07062500000000008
3 0.43093750000000003 0.6245312500000001 0.06342592592592596 0.06666666666666679
3 0.3829050925925926 0.6004166666666666 0.0569907407407408 0.053749999999999964
3 0.34104166666666663 0.5813541666666666 0.0554282407407408 0.05364583333333339
3 0.3014293981481481 0.5683854166666666 0.047546296296296295 0.0484375
3 0.261082175925926 0.55234375 0.05862268518518512 0.058541666666666714
3 0.2229976851851852 0.5416145833333333 0.052326388888888874 0.05500000000000007
5 0.1970601851851852 0.6065625 0.06482638888888888 0.05583333333333336
5 0.5037384259259259 0.76796875 0.06512731481481496 0.07614583333333336
2 0.23345486111111108 0.6259895833333333 0.07270833333333329 0.06104166666666657
2 0.4565914351851852 0.7367708333333333 0.06531249999999993 0.08864583333333335
0 0.2698611111111111 0.6446354166666667 0.07119212962962962 0.0640625
0 0.4015856481481482 0.70921875 0.07130787037037027 0.071875
4 0.30236111111111114 0.6635416666666667 0.09807870370370378 0.08770833333333332
1 0.3409027777777778 0.69609375 0.1014814814814815 0.10666666666666665