10 0.2713831018518518 0.5928993055555555 0.059432870370370414 0.04503472222222236
10 0.3092013888888889 0.5584374999999999 0.06273148148148149 0.04979166666666668
10 0.24357638888888894 0.6232291666666667 0.0543981481481481 0.035555555555555604
10 0.21527777777777776 0.6613888888888889 0.053125 0.043333333333333356
10 0.33151041666666664 0.5063368055555555 0.05949074074074075 0.04659722222222218
10 0.36501736111111105 0.4610243055555555 0.05954861111111107 0.04815972222222218
10 0.3956018518518518 0.42125 0.0627893518518519 0.05135416666666668
10 0.4291087962962963 0.3759375 0.0578125 0.04343750000000002
1 0.5737847222222222 0.5877430555555556 0.0885416666666666 0.07222222222222215
4 0.6060474537037036 0.5510590277777778 0.08668981481481489 0.06437500000000007
0 0.532986111111111 0.6050694444444444 0.05648148148148131 0.04965277777777786
0 0.6218460648148149 0.5131770833333333 0.07204861111111108 0.0484375
2 0.5042824074074075 0.6322916666666667 0.062442129629629764 0.04197916666666668
2 0.6473090277777779 0.48289930555555555 0.06417824074074083 0.04670138888888893
5 0.4840856481481481 0.6569791666666667 0.05451388888888893 0.038680555555555426
5 0.6833622685185186 0.44300347222222225 0.059432870370370414 0.04503472222222236
3 0.6400173611111111 0.4338020833333333 0.06076388888888893 0.03881944444444443
3 0.6099826388888889 0.4673090277777778 0.051273148148148096 0.03548611111111111
3 0.5761284722222222 0.5032465277777778 0.059375 0.043472222222222176
3 0.5483506944444445 0.5343576388888889 0.0543981481481481 0.035555555555555604
3 0.5197916666666667 0.5654861111111111 0.05295138888888893 0.03864583333333336
3 0.4911747685185185 0.5950520833333334 0.043460648148148096 0.03531249999999986
3 0.46186342592592594 0.6269791666666666 0.04050925925925917 0.03993055555555554
3 0.4345775462962963 0.6502604166666666 0.046643518518518515 0.036944444444444356
12 0.38003472222222223 0.3598263888888889 0.07887731481481489 0.0642013888888889
12 0.15891203703703705 0.659513888888889 0.07071759259259261 0.05465277777777775
9 0.34441550925925923 0.41144097222222226 0.0802083333333333 0.05798611111111107
9 0.18874421296296298 0.6205381944444445 0.08055555555555553 0.06736111111111107
7 0.3158275462962963 0.4628993055555556 0.07737268518518511 0.06572916666666657
7 0.21866319444444446 0.58390625 0.08234953703703703 0.07364583333333333
8 0.28990162037037037 0.5228993055555555 0.11261574074074074 0.08993055555555554
11 0.25517939814814816 0.5565104166666667 0.09212962962962959 0.08479166666666664