12 0.38690972222222225 0.7355092592592593 0.049236111111111126 0.05451388888888893
9 0.3819444444444445 0.6940104166666667 0.05555555555555554 0.05626157407407408
7 0.36940972222222224 0.6577488425925926 0.05277777777777777 0.0639814814814816
8 0.3507638888888889 0.6244270833333333 0.07079861111111115 0.08324074074074073
11 0.34086805555555555 0.5773206018518519 0.075 0.07244212962962955
5 0.8439930555555556 0.732667824074074 0.050729166666666714 0.05299768518518526
2 0.8417881944444445 0.7006134259259259 0.06187499999999986 0.05800925925925924
0 0.8393055555555555 0.6623090277777777 0.060381944444444356 0.059525462962962905
4 0.8534375000000001 0.6291782407407407 0.07208333333333314 0.07703703703703688
1 0.8584201388888889 0.583292824074074 0.08031250000000015 0.08664351851851855
0 0.8564236111111111 0.5208159722222222 0.07118055555555572 0.05672453703703688
10 0.3773958333333333 0.4161168981481481 0.0520833333333333 0.0483564814814816
10 0.3943229166666667 0.463431712962963 0.05513888888888889 0.04688657407407408
10 0.4005902777777778 0.5166724537037037 0.053576388888888896 0.046840277777777925
10 0.4175173611111111 0.5639872685185185 0.05180555555555557 0.04210648148148159
10 0.42659722222222224 0.6102893518518518 0.044062500000000074 0.04343749999999993
10 0.43465277777777783 0.651099537037037 0.04562500000000007 0.043483796296296263
10 0.44043402777777774 0.6934027777777778 0.042291666666666575 0.038703703703703775
10 0.45602430555555556 0.7281944444444445 0.04604166666666672 0.052858796296296265
3 0.7728298611111112 0.4130092592592593 0.05833333333333339 0.04854166666666657
3 0.7697222222222223 0.46597222222222223 0.055208333333333214 0.04844907407407408
3 0.7759548611111111 0.518431712962963 0.051875000000000074 0.04366898148148159
3 0.7765451388888889 0.5668229166666666 0.048819444444444395 0.04513888888888893
3 0.7706770833333334 0.6103414351851851 0.04413194444444457 0.04499999999999993
3 0.7732986111111112 0.6517708333333333 0.044062500000000074 0.04343749999999993
3 0.7710590277777778 0.6891550925925926 0.04541666666666657 0.03879629629629626
3 0.7711631944444445 0.7266087962962964 0.04399305555555557 0.041874999999999926
5 0.85546875 0.41155671296296303 0.06791666666666671 0.05350694444444457
2 0.8590625 0.4748611111111112 0.06479166666666672 0.05341435185185191
12 0.3016493055555555 0.4146527777777778 0.06166666666666672 0.053321759259259235
9 0.3144444444444444 0.4743287037037037 0.053923611111111124 0.05465277777777775
7 0.3298784722222222 0.5231597222222222 0.06180555555555554 0.05644675925925924