8 0.9375086805555555 0.7324710648148148 0.12498263888888914 0.12592592592592594
11 0.89421875 0.7235358796296296 0.1218634259259261 0.12116898148148145
10 0.5375462962962964 0.577199074074074 0.12078703703703689 0.13053240740740754
10 0.6722395833333333 0.2228645833333333 0.10516203703703705 0.1304166666666667
10 0.7027488425925925 0.43472800925925925 0.09942129629629619 0.11006944444444447
10 0.6572453703703705 0.7319328703703704 0.09408564814814824 0.09753472222222222
10 0.7009895833333333 0.897818287037037 0.09193287037037035 0.11626157407407404
10 0.7969039351851852 0.967476851851852 0.0755208333333334 0.06504629629629619
10 0.7378530092592592 0.6599016203703704 0.08527777777777779 0.10840277777777771
10 0.7513136574074074 0.27186921296296296 0.08241898148148152 0.08339120370370372
12 0.805162037037037 0.7681712962962963 0.08767361111111108 0.09436342592592588
12 0.9031655092592594 0.5346122685185184 0.08250000000000028 0.08495370370370381
9 0.8917766203703703 0.902355324074074 0.08519675925925937 0.10684027777777771
9 0.8250405092592592 0.5340335648148148 0.09696759259259266 0.09287037037037038
7 0.8382523148148149 0.306875 0.10585648148148152 0.08356481481481479
7 0.8784201388888888 0.4188483796296296 0.11703703703703709 0.08833333333333329