3 0.9062847222222222 0.35041666666666665 0.06181712962962962 0.03104166666666668
3 0.8780787037037037 0.29553819444444446 0.05400462962962962 0.030868055555555607
3 0.841863425925926 0.28696180555555556 0.06347222222222229 0.03420138888888893
3 0.8035821759259258 0.28781249999999997 0.06039351851851862 0.03569444444444443
3 0.7627719907407406 0.28246527777777775 0.06678240740740726 0.04052083333333334
3 0.7125173611111111 0.27498263888888885 0.06209490740740744 0.04041666666666668
3 0.6600115740740741 0.2706770833333333 0.06687499999999993 0.04364583333333334
10 0.9095138888888888 0.4066319444444445 0.06030092592592595 0.03256944444444443
10 0.8686574074074074 0.3997222222222222 0.05878472222222229 0.034097222222222265
10 0.7972511574074075 0.44352430555555555 0.06337962962962962 0.031076388888888928
10 0.747800925925926 0.43680555555555556 0.06333333333333328 0.02951388888888893
5 0.9190046296296295 0.19925347222222223 0.06356481481481495 0.03732638888888888
2 0.8922800925925927 0.19437500000000002 0.07781250000000028 0.04388888888888891
0 0.8554224537037036 0.19050347222222222 0.08562499999999992 0.044062499999999984
4 0.8313368055555556 0.16914930555555557 0.12193287037037023 0.057361111111111106
1 0.7902951388888889 0.15598958333333335 0.14413194444444458 0.06878472222222225
0 0.7198437500000001 0.15286458333333336 0.09362268518518527 0.05048611111111114
2 0.6703240740740741 0.14380208333333333 0.08590277777777774 0.053437499999999985
12 0.9170775462962963 0.5299826388888889 0.05873842592592595 0.032534722222222354
9 0.87953125 0.5292534722222222 0.07119212962962962 0.03125
7 0.8482581018518518 0.5291666666666666 0.08525462962962962 0.03156250000000007
8 0.8275115740740742 0.5413541666666667 0.12312499999999993 0.04489583333333336
11 0.7761111111111111 0.5479687500000001 0.11701388888888893 0.04944444444444436
7 0.7168055555555556 0.5516319444444445 0.09499999999999993 0.04427083333333322
9 0.6646701388888889 0.5598263888888889 0.08424768518518526 0.050277777777777824
12 0.6030671296296296 0.5651041666666666 0.07951388888888893 0.04861111111111107
5 0.5996643518518519 0.13364583333333332 0.08604166666666675 0.05812499999999998
10 0.5926331018518518 0.45041666666666663 0.06990740740740745 0.04059027777777775
10 0.6525694444444444 0.3888888888888889 0.06659722222222228 0.03427083333333334
10 0.7600289351851852 0.3481944444444444 0.06664351851851862 0.03583333333333334
10 0.7021932870370371 0.4542361111111111 0.06508101851851862 0.03579861111111118
3 0.5976388888888888 0.32913194444444444 0.07629629629629626 0.04541666666666666