10 0.5611111111111111 0.33069444444444446 0.09947916666666679 0.12221064814814815
10 0.6709201388888889 0.590931712962963 0.07229166666666664 0.09270833333333321
10 0.7165451388888888 0.3914641203703703 0.06729166666666657 0.07840277777777782
10 0.7494965277777779 0.5367997685185185 0.07048611111111107 0.08168981481481481
10 0.6818229166666667 0.13124421296296296 0.07857638888888889 0.09459490740740742
10 0.7577604166666667 0.1695428240740741 0.07572916666666671 0.10693287037037039
7 0.8319097222222223 0.47934027777777777 0.09750000000000014 0.10337962962962965
7 0.8914236111111112 0.34172453703703703 0.09097222222222215 0.0905555555555555
9 0.8402777777777779 0.25755787037037037 0.084652777777778 0.08710648148148152
12 0.9230729166666667 0.2172858796296296 0.08156250000000007 0.08850694444444444
12 0.8359722222222222 0.04116030092592592 0.08510416666666672 0.08232060185185185
11 0.9278124999999999 0.04935185185185185 0.11638888888888914 0.0987037037037037
8 0.9572743055555556 0.038802083333333334 0.08545138888888885 0.07760416666666667