5 0.41630208333333335 0.8640740740740741 0.07395833333333339 0.07140046296296312
2 0.45644675925925926 0.8240393518518518 0.08496527777777771 0.08093749999999993
0 0.5059606481481481 0.7849247685185186 0.08496527777777771 0.08093749999999993
4 0.5538715277777777 0.7512557870370371 0.10071759259259246 0.0983564814814816
5 0.8271064814814814 0.5716898148148148 0.08194444444444429 0.0949537037037036
2 0.7524537037037037 0.6291840277777778 0.08193287037037038 0.0933912037037036
0 0.6896643518518519 0.6673206018518518 0.08033564814814813 0.08868055555555561
1 0.6158969907407407 0.710763888888889 0.11017361111111121 0.10943287037037024
3 0.7037731481481482 0.34483796296296293 0.06153935185185198 0.08215277777777778
3 0.6786111111111112 0.4718229166666667 0.06935185185185197 0.08226851851851862
3 0.6181076388888889 0.517806712962963 0.05991898148148138 0.07431712962962962
3 0.5622974537037037 0.5630787037037037 0.05989583333333322 0.07119212962962962
3 0.5128298611111111 0.5959432870370371 0.0677083333333334 0.07130787037037045
3 0.46645254629629634 0.6335416666666667 0.061423611111111144 0.06652777777777778
3 0.4224479166666667 0.6672685185185185 0.05355324074074073 0.05859953703703695
3 0.36497685185185186 0.6203182870370371 0.059803240740740726 0.05869212962962962
10 0.5285648148148148 0.4758506944444444 0.06144675925925931 0.06965277777777779
10 0.617974537037037 0.3248148148148148 0.06150462962962955 0.07746527777777779
10 0.6399537037037037 0.20559606481481482 0.061527777777777716 0.08059027777777779
10 0.5345717592592593 0.2977951388888889 0.056770833333333215 0.07114583333333328
10 0.4958564814814815 0.3558217592592593 0.05831018518518523 0.06804398148148146
10 0.4439814814814815 0.3972453703703704 0.05988425925925931 0.06962962962962962
10 0.38918981481481485 0.5159780092592593 0.06144675925925931 0.06965277777777779
10 0.3366203703703704 0.5456712962962963 0.06303240740740738 0.07280092592592595
12 0.2861863425925926 0.3925636574074074 0.0645833333333334 0.07126157407407403
9 0.3255034722222222 0.3587673611111111 0.06618055555555555 0.07597222222222219
7 0.3594039351851852 0.3178587962962963 0.07405092592592588 0.08390046296296294
8 0.38484953703703706 0.2580729166666667 0.10406250000000003 0.12809027777777776
11 0.4335532407407407 0.22285300925925927 0.08994212962962962 0.12006944444444442
7 0.48302662037037036 0.1892071759259259 0.06789351851851855 0.09630787037037036
9 0.5263368055555555 0.14375 0.0725462962962963 0.09168981481481482
12 0.5813657407407408 0.09846643518518519 0.06944444444444446 0.09476851851851853