10 0.3352488425925926 0.10234375 0.03778935185185191 0.0625
10 0.3372164351851852 0.14140625 0.03935185185185182 0.0625
10 0.335943287037037 0.184375 0.042708333333333307 0.0703125
10 0.3400462962962963 0.23046875 0.04252314814814815 0.0640625
10 0.3462615740740741 0.284375 0.04422453703703706 0.06875
10 0.34457175925925926 0.34140625 0.04284722222222222 0.075
8 0.2767708333333333 0.20390625 0.07480324074074077 0.1515625
7 0.2847511574074074 0.171875 0.04037037037037035 0.096875
11 0.27659722222222227 0.2625 0.07126157407407412 0.1375
7 0.2769733796296296 0.32890625 0.0610069444444445 0.1078125
9 0.2826909722222222 0.1359375 0.04942129629629628 0.0859375
12 0.2853877314814815 0.09765625 0.04629629629629628 0.0859375
3 0.5886516203703704 0.09296875 0.04238425925925924 0.059375
3 0.593744212962963 0.13203125 0.04569444444444439 0.065625
3 0.6087152777777778 0.18046875 0.05984953703703706 0.06875
4 0.6835300925925927 0.18671875 0.08844907407407412 0.1375
1 0.7016956018518519 0.2328125 0.09980324074074076 0.1515625
0 0.6663483796296296 0.16015625 0.059120370370370524 0.096875
2 0.6519039351851852 0.1203125 0.052453703703703704 0.0828125
2 0.7426793981481481 0.37890625 0.07773148148148153 0.0921875
5 0.6373900462962963 0.0828125 0.060266203703703704 0.0828125
5 0.7618055555555555 0.4453125 0.08094907407407419 0.0953125
0 0.7182002314814815 0.30859375 0.07814814814814816 0.10625
3 0.6865972222222222 0.45234375 0.06320601851851855 0.0765625
3 0.6664814814814815 0.39296875 0.04900462962962955 0.071875
3 0.6511689814814815 0.3296875 0.056770833333333215 0.0703125
3 0.6325925925925926 0.27109375 0.04891203703703706 0.06875
3 0.6169560185185186 0.21875 0.05024305555555557 0.0609375
12 0.2796296296296296 0.4765625 0.0715740740740741 0.0953125
9 0.27652199074074074 0.396875 0.06697916666666667 0.0984375
10 0.35444444444444445 0.4828125 0.05700231481481488 0.078125
10 0.3482349537037037 0.40234375 0.04748842592592588 0.0734375