4 0.29609375 0.15483796296296296 0.04375 0.12688657407407405
10 0.69375 0.14173611111111112 0.0390625 0.06278935185185186
11 0.71328125 0.29549768518518515 0.0828125 0.11780092592592588
7 0.728125 0.2407002314814815 0.046875 0.05815972222222223
9 0.7359375 0.1968923611111111 0.053125 0.06445601851851852
12 0.74453125 0.1577662037037037 0.05 0.0722453703703704
12 0.6375 0.6038715277777778 0.053125 0.08164351851851848
9 0.6546875 0.5107754629629631 0.0671875 0.08331018518518504
7 0.671875 0.4379918981481482 0.0625 0.08171296296296297
8 0.69765625 0.3549884259259259 0.0921875 0.11943287037037038
10 0.56484375 0.5489409722222222 0.0453125 0.06596064814814824
10 0.590625 0.4839062500000001 0.0484375 0.0659837962962964
10 0.6078125 0.42127893518518517 0.0515625 0.06600694444444458
10 0.62421875 0.3586574074074074 0.0484375 0.06910879629629632
10 0.64296875 0.29523726851851856 0.0484375 0.06598379629629622
10 0.66015625 0.2419849537037037 0.046875 0.05972222222222223
10 0.67421875 0.18406828703703706 0.04375 0.053449074074074066
3 0.26875 0.37222800925925925 0.0359375 0.06589120370370374
3 0.2984375 0.31341435185185185 0.0390625 0.0674768518518519
3 0.32578125 0.2624305555555556 0.0359375 0.05964120370370374
3 0.35390625 0.2090972222222222 0.03125 0.06585648148148149
3 0.3734375 0.15739004629629633 0.0265625 0.06738425925925924
3 0.39609375 0.11112847222222222 0.0296875 0.0705324074074074
3 0.4234375 0.07030092592592593 0.0328125 0.07055555555555555
3 0.44453125 0.030049189814814813 0.0296875 0.06009837962962963
5 0.40078125 0.019687500000000004 0.0265625 0.03613425925925926
5 0.20625 0.3367534722222222 0.04375 0.09407407407407406
2 0.3734375 0.0433275462962963 0.0328125 0.07680555555555556
2 0.2375 0.28183449074074074 0.040625 0.09561342592592599
0 0.3484375 0.06851273148148149 0.03125 0.09866898148148147
0 0.2734375 0.22609953703703703 0.040625 0.09717592592592598
1 0.32265625 0.0952662037037037 0.0390625 0.13935185185185184