3 0.42421875 0.2921875 0.02109375 0.0296875
3 0.45390625 0.30859375 0.02265625 0.03046875
3 0.49609375 0.32578125 0.02421875 0.0296875
3 0.5296875 0.340625 0.02578125 0.03046875
3 0.5671875 0.35859375 0.02578125 0.0328125
3 0.61015625 0.375 0.02578125 0.03046875
3 0.653125 0.39609375 0.025 0.02890625
3 0.690625 0.4109375 0.03515625 0.03125
5 0.44921875 0.278125 0.02265625 0.0328125
5 0.7234375 0.39140625 0.03125 0.03828125
2 0.4875 0.29296875 0.02890625 0.0390625
2 0.684375 0.375 0.03515625 0.040625
0 0.5234375 0.30390625 0.0265625 0.04375
0 0.6390625 0.3546875 0.03359375 0.04296875
4 0.5625 0.3140625 0.034375 0.0609375
1 0.60625 0.32734375 0.04453125 0.06796875
12 0.20625 0.36328125 0.03203125 0.04140625
12 0.5203125 0.52265625 0.03984375 0.046875
9 0.2484375 0.38359375 0.03046875 0.04375
9 0.4671875 0.49453125 0.0375 0.04609375
7 0.28984375 0.4 0.034375 0.04921875
7 0.41875 0.46796875 0.0390625 0.05390625
8 0.33515625 0.4125 0.034375 0.07734375
11 0.38125 0.43984375 0.04375 0.0671875
10 0.56015625 0.50546875 0.0359375 0.03828125
10 0.50078125 0.478125 0.03359375 0.03671875
10 0.4578125 0.45625 0.028125 0.03359375
10 0.415625 0.43203125 0.02890625 0.03515625
10 0.36875 0.4125 0.0265625 0.0359375
10 0.32421875 0.3921875 0.01875 0.03359375
10 0.28828125 0.371875 0.0296875 0.0359375
10 0.25 0.35 0.028125 0.02578125