5 0.16484375 0.3171875 0.04921875 0.046875
2 0.178125 0.3484375 0.05390625 0.0515625
0 0.2 0.38671875 0.0484375 0.06171875
4 0.2046875 0.41796875 0.059375 0.06875
1 0.221875 0.459375 0.06328125 0.07578125
0 0.24453125 0.5125 0.0515625 0.05
12 0.56484375 0.2390625 0.0375 0.05
7 0.60703125 0.30625 0.04921875 0.0546875
8 0.640625 0.3328125 0.05859375 0.07578125
12 0.74453125 0.50078125 0.0578125 0.046875
9 0.71640625 0.45234375 0.05546875 0.05
7 0.6859375 0.415625 0.05390625 0.05234375
7 0.6609375 0.37265625 0.06015625 0.07109375
9 0.58515625 0.2765625 0.053125 0.0484375
10 0.68203125 0.51171875 0.04296875 0.04296875
10 0.653125 0.47734375 0.05 0.0390625
10 0.6265625 0.43359375 0.04453125 0.0390625
10 0.5984375 0.3953125 0.03984375 0.03671875
10 0.575 0.3578125 0.03984375 0.0375
10 0.5546875 0.32265625 0.03671875 0.0359375
10 0.5328125 0.28984375 0.0328125 0.0375
10 0.5078125 0.26015625 0.0359375 0.0375
3 0.35703125 0.59296875 0.04375 0.04296875
3 0.33671875 0.5453125 0.03984375 0.04140625
3 0.31171875 0.5 0.0453125 0.0390625
3 0.29453125 0.45703125 0.03984375 0.03984375
3 0.27890625 0.41796875 0.0390625 0.0390625
3 0.26015625 0.38046875 0.0421875 0.03984375
3 0.24765625 0.34453125 0.03984375 0.0375
3 0.228125 0.3109375 0.03828125 0.040625
5 0.28828125 0.609375 0.05234375 0.04609375
2 0.259375 0.55546875 0.05234375 0.0453125