12 0.5186111111111111 0.8124710648148149 0.06261574074074083 0.0668981481481481
9 0.5332175925925926 0.7727719907407408 0.06754629629629641 0.07193287037037041
7 0.5536689814814815 0.7413483796296296 0.0662268518518518 0.07650462962962976
8 0.5801273148148148 0.7150752314814814 0.09096064814814823 0.10324074074074083
11 0.6004050925925926 0.671875 0.09031249999999993 0.09074074074074083
5 0.08027777777777777 0.6600115740740741 0.06409722222222222 0.06545138888888893
2 0.0897511574074074 0.6285590277777777 0.07387731481481481 0.07395833333333339
0 0.10103009259259259 0.5925347222222223 0.07395833333333335 0.0755208333333334
4 0.09594328703703703 0.554513888888889 0.08899305555555555 0.0953125
1 0.10145833333333334 0.5086516203703704 0.09893518518518518 0.10694444444444429
0 0.11715856481481482 0.4478587962962964 0.08333333333333334 0.07621527777777785
10 0.6029050925925926 0.502662037037037 0.062291666666666676 0.0606481481481481
10 0.5757175925925926 0.5429976851851852 0.0654166666666665 0.06087962962962958
10 0.5566377314814815 0.5933449074074074 0.0638541666666665 0.06076388888888893
10 0.5286689814814814 0.6336226851851852 0.06048611111111111 0.05584490740740744
10 0.509212962962963 0.6760995370370371 0.05587962962962969 0.05706018518518512
10 0.49234375 0.7140625 0.05587962962962969 0.05706018518518512
10 0.47777777777777786 0.752980324074074 0.05078703703703695 0.04890046296296298
10 0.45432291666666663 0.7818287037037036 0.05784722222222225 0.06498842592592595
3 0.22313657407407406 0.3702256944444445 0.06862268518518518 0.06267361111111107
3 0.21413194444444444 0.4228877314814815 0.06549768518518517 0.062442129629629584
3 0.1950925925925926 0.4724537037037037 0.0605671296296296 0.05740740740740744
3 0.1840277777777778 0.5194733796296296 0.05900462962962964 0.05729166666666678
3 0.17859375000000002 0.5637731481481482 0.05423611111111111 0.05538194444444446
3 0.1671527777777778 0.6029224537037037 0.052592592592592614 0.05370370370370381
3 0.1605208333333333 0.6400752314814815 0.05399305555555554 0.050694444444444466
3 0.1515451388888889 0.677054398148148 0.05251157407407407 0.05214120370370381
5 0.1438425925925926 0.34160879629629626 0.07840277777777778 0.07118055555555554
2 0.1265798611111111 0.4022858796296297 0.07840277777777778 0.07118055555555554
12 0.6754108796296296 0.526070601851852 0.07207175925925924 0.06915509259259274
9 0.649056712962963 0.5805844907407407 0.06582175925925923 0.06869212962962959
7 0.6233912037037037 0.6218171296296295 0.07387731481481481 0.07395833333333321