10 0.7484375 0.30625 0.04140625 0.0515625
10 0.7359375 0.346875 0.03671875 0.046875
10 0.71953125 0.3859375 0.03828125 0.04921875
11 0.7328125 0.4984375 0.07109375 0.0890625
8 0.76015625 0.446875 0.08203125 0.09921875
7 0.76640625 0.41328125 0.0625 0.06875
7 0.71015625 0.56171875 0.06484375 0.0703125
9 0.78203125 0.3796875 0.0578125 0.05234375
12 0.80078125 0.33515625 0.0453125 0.06015625
4 0.43984375 0.140625 0.0359375 0.12265625
0 0.47265625 0.13125 0.03359375 0.1
2 0.49609375 0.1015625 0.02890625 0.078125
5 0.51796875 0.0765625 0.028125 0.06328125
5 0.29140625 0.32734375 0.0390625 0.08984375
2 0.33359375 0.26796875 0.0328125 0.0890625
0 0.36875 0.2359375 0.0359375 0.09765625
1 0.409375 0.17109375 0.046875 0.1375
3 0.34375 0.378125 0.03125 0.06640625
3 0.38125 0.33359375 0.03828125 0.06328125
3 0.4171875 0.28203125 0.03125 0.06015625
3 0.446875 0.2484375 0.0296875 0.06328125
3 0.4765625 0.2140625 0.02265625 0.0609375
3 0.5046875 0.1828125 0.0265625 0.06875
3 0.53046875 0.15078125 0.02265625 0.0625
3 0.553125 0.12421875 0.0265625 0.06484375
12 0.65546875 0.690625 0.05234375 0.07109375
9 0.6859375 0.621875 0.0578125 0.07109375
10 0.60234375 0.6359375 0.046875 0.05234375
10 0.62265625 0.58203125 0.03984375 0.05546875
10 0.65234375 0.52734375 0.0453125 0.053125
10 0.67265625 0.471875 0.03828125 0.059375
10 0.69453125 0.42421875 0.0375 0.0578125