5 0.1971064814814815 0.6909375 0.05497685185185182 0.05354166666666664
2 0.20766782407407405 0.65890625 0.059837962962962975 0.058541666666666714
0 0.22572337962962963 0.6177604166666667 0.05399305555555554 0.06906250000000007
4 0.22769097222222223 0.5863020833333333 0.06516203703703702 0.07604166666666679
1 0.24097222222222223 0.5431250000000001 0.07008101851851851 0.08260416666666667
0 0.25923032407407404 0.48630208333333336 0.05821759259259256 0.05687499999999997
12 0.60546875 0.7208854166666667 0.04253472222222214 0.05427083333333336
7 0.6404224537037038 0.6496354166666667 0.055324074074074046 0.06291666666666665
8 0.6721643518518519 0.6185416666666667 0.06539351851851852 0.08229166666666661
12 0.7610532407407408 0.43875000000000003 0.0627893518518519 0.054062500000000034
9 0.7378761574074074 0.48963541666666666 0.06134259259259274 0.057083333333333285
7 0.7096064814814815 0.5298958333333333 0.05989583333333339 0.060104166666666715
7 0.6886284722222221 0.5767187500000001 0.06527777777777785 0.07916666666666679
9 0.622019675925926 0.68140625 0.05821759259259256 0.05687500000000014
10 0.697482638888889 0.43515625 0.04699074074074083 0.04833333333333343
10 0.6714988425925925 0.4736979166666666 0.053125 0.04562500000000007
10 0.6489293981481481 0.51984375 0.046817129629629764 0.043645833333333425
10 0.6246238425925925 0.5614062499999999 0.043634259259259164 0.041874999999999926
10 0.604195601851852 0.6019270833333333 0.043634259259259164 0.041874999999999926
10 0.5867766203703704 0.6391145833333333 0.04050925925925917 0.04166666666666678
10 0.5677662037037037 0.6756249999999999 0.035821759259259164 0.04135416666666671
10 0.5454571759259259 0.70765625 0.03894675925925917 0.041562499999999857
3 0.36464120370370373 0.393125 0.04699074074074074 0.04833333333333334
3 0.3484375 0.4419791666666667 0.04375 0.04499999999999993
3 0.3275462962962963 0.4911458333333333 0.048379629629629585 0.04375
3 0.3143229166666667 0.5358854166666667 0.04375 0.04499999999999993
3 0.30254629629629626 0.5773958333333333 0.042129629629629586 0.043333333333333356
3 0.2875578703703704 0.6167708333333334 0.046875 0.04520833333333343
3 0.27719907407407407 0.6542708333333334 0.043634259259259255 0.041874999999999926
3 0.26050347222222225 0.68984375 0.040625 0.044791666666666605
5 0.2938368055555555 0.38453125000000005 0.058101851851851904 0.053749999999999964
2 0.27089120370370373 0.4416666666666666 0.058101851851851904 0.053750000000000145