10 0.23735532407407406 0.43414930555555553 0.05046296296296297 0.055763888888888856
10 0.28671875 0.41585069444444445 0.04728009259259256 0.05413194444444436
10 0.3473090277777778 0.38401041666666663 0.044039351851851906 0.05093750000000004
10 0.40760995370370373 0.36546875 0.04103009259259256 0.05399305555555554
10 0.4635416666666667 0.3345138888888889 0.04415509259259256 0.054062500000000034
10 0.51953125 0.3051215277777778 0.04571759259259256 0.05409722222222228
10 0.5741319444444445 0.2804513888888889 0.04259259259259256 0.054027777777777786
10 0.6296006944444444 0.2581076388888889 0.05225694444444447 0.06204861111111111
12 0.6167824074074074 0.16534722222222223 0.07175925925925916 0.08277777777777776
12 0.195630787037037 0.3631423611111111 0.06487268518518521 0.06545138888888893
9 0.25555555555555554 0.33444444444444443 0.06655092592592596 0.0686111111111111
9 0.5502025462962964 0.2043576388888889 0.06348379629629619 0.07010416666666668
7 0.4919849537037037 0.23692708333333332 0.06001157407407405 0.06065972222222218
7 0.3148726851851852 0.3104513888888889 0.05700231481481488 0.06371527777777777
11 0.37268518518518523 0.28805555555555556 0.06359953703703702 0.07322916666666668
8 0.4293981481481481 0.25708333333333333 0.05862268518518512 0.06531250000000002
3 0.3947916666666667 0.7793749999999999 0.05393518518518512 0.06520833333333335
3 0.4462962962962963 0.7555555555555555 0.055613425925925955 0.06836805555555543
3 0.49939236111111107 0.7324826388888889 0.05237268518518512 0.06517361111111111
3 0.5501736111111111 0.7102430555555556 0.04762731481481488 0.06350694444444435
3 0.5961226851851851 0.6842013888888889 0.04785879629629619 0.06975694444444436
3 0.6461516203703704 0.6627604166666666 0.04456018518518512 0.06499999999999986
3 0.6937789351851852 0.6398090277777777 0.050868055555555534 0.06670138888888885
3 0.7438368055555555 0.6191493055555555 0.05231481481481488 0.0636111111111111
5 0.7712673611111112 0.68421875 0.05896990740740744 0.07468749999999993
5 0.42063078703703705 0.8436979166666667 0.060590277777777854 0.076284722222222
2 0.476880787037037 0.8213368055555555 0.05763888888888893 0.08090277777777785
2 0.7289641203703704 0.7031423611111112 0.07042824074074083 0.0889930555555555
0 0.6742476851851852 0.7246875 0.05625 0.0855555555555556
0 0.5216145833333333 0.8047048611111112 0.053125 0.08548611111111129
1 0.5760127314814815 0.7956770833333333 0.06678240740740744 0.11701388888888893
4 0.6311631944444445 0.7647395833333334 0.06168981481481488 0.10597222222222218