10 0.32990162037037035 0.4625 0.09603009259259263 0.13173611111111114
10 0.4226331018518518 0.74640625 0.0758912037037037 0.0844444444444445
10 0.40740740740740744 0.15348958333333332 0.07332175925925917 0.103125
10 0.10060185185185186 0.1279340277777778 0.08196759259259259 0.13142361111111112
10 0.47468749999999993 0.47430555555555554 0.0697337962962962 0.0874305555555555
12 0.6116145833333333 0.6951736111111111 0.0821412037037037 0.08458333333333332
10 0.6242708333333333 0.9835763888888888 0.0700925925925926 0.03284722222222243
7 0.60859375 0.11892361111111112 0.09593749999999997 0.1286111111111111
12 0.7566782407407407 0.5055555555555555 0.07575231481481488 0.0797569444444445
7 0.7052141203703703 0.32328125 0.09197916666666668 0.10041666666666664
9 0.7921006944444444 0.9806770833333334 0.08443287037037024 0.03864583333333336
9 0.6211805555555555 0.4119791666666666 0.08876157407407419 0.09722222222222214
11 0.7477372685185185 0.7044444444444444 0.1258912037037037 0.0855555555555556
8 0.8347453703703703 0.7688368055555556 0.13995370370370352 0.0858680555555555