12 0.7632407407407407 0.30593750000000003 0.0584837962962963 0.04873842592592599
12 0.8235185185185184 0.6865219907407407 0.06310185185185162 0.04432870370370381
9 0.7765856481481481 0.3637094907407407 0.06475694444444428 0.0506712962962963
9 0.8187789351851851 0.6300405092592593 0.06305555555555564 0.04120370370370381
7 0.782806712962963 0.4148148148148148 0.06006944444444447 0.050393518518518476
7 0.8070659722222221 0.5770486111111112 0.05841435185185162 0.04405092592592581
11 0.7928877314814815 0.46302662037037035 0.0679282407407408 0.05398148148148145
8 0.8022685185185185 0.5166608796296297 0.07718750000000014 0.04672453703703709
10 0.7532407407407408 0.684699074074074 0.0506712962962963 0.04827546296296301
10 0.7431018518518518 0.6325810185185186 0.04269675925925931 0.03687500000000003
10 0.734525462962963 0.5805555555555555 0.047407407407407474 0.038715277777777855
10 0.7228125000000001 0.5275636574074074 0.05673611111111114 0.03614583333333332
10 0.7134548611111111 0.4754918981481481 0.047407407407407474 0.038715277777777855
10 0.7095081018518519 0.41983796296296294 0.05053240740740748 0.03890046296296283
10 0.7002199074074074 0.37245370370370373 0.05057870370370363 0.042025462962963014
10 0.6875636574074073 0.3084780092592593 0.04584490740740747 0.03862268518518519
5 0.3282233796296296 0.7110300925925925 0.05689814814814813 0.047083333333333324
5 0.27513888888888893 0.3417997685185185 0.06484953703703696 0.056921296296296296
2 0.3234606481481482 0.652986111111111 0.05696759259259263 0.05177083333333332
2 0.28442708333333333 0.3891840277777778 0.06797453703703704 0.05710648148148145
0 0.3125752314814815 0.6031655092592592 0.05062499999999996 0.04515046296296284
0 0.29386574074074073 0.4467245370370371 0.061701388888888875 0.055173611111111145
4 0.3032638888888889 0.55421875 0.06790509259259263 0.052418981481481455
1 0.2992824074074074 0.49622106481481476 0.08215277777777778 0.06575231481481474
3 0.3975694444444444 0.702650462962963 0.055219907407407384 0.03917824074074083
3 0.3983564814814815 0.6503993055555556 0.04439814814814813 0.046342592592592526
3 0.39198495370370373 0.5891377314814814 0.04745370370370363 0.04184027777777786
3 0.3866261574074074 0.5435474537037037 0.04901620370370363 0.04193287037037034
3 0.3804398148148148 0.49478587962962967 0.037986111111111144 0.03503472222222222
3 0.36714120370370373 0.44013888888888886 0.04428240740740739 0.038530092592592526
3 0.35774884259259265 0.38572337962962966 0.04437499999999996 0.044780092592592524
3 0.3515856481481482 0.33852430555555557 0.05370370370370363 0.042210648148148164