8 0.8623668981481482 0.6991145833333333 0.13813657407407404 0.13670138888888897
11 0.8151967592592593 0.6911516203703704 0.12687500000000007 0.13012731481481482
10 0.4646238425925926 0.5470891203703704 0.12587962962962962 0.1410185185185185
10 0.6491666666666667 0.17733796296296295 0.11017361111111121 0.13899305555555558
10 0.6526273148148147 0.39642939814814815 0.10599537037037052 0.118587962962963
10 0.5687789351851851 0.704693287037037 0.09901620370370381 0.10434027777777785
10 0.5934606481481481 0.8755729166666667 0.09686342592592592 0.1229976851851852
10 0.6842650462962963 0.9446469907407409 0.0784837962962964 0.06940972222222257
10 0.6609085648148149 0.6278587962962963 0.09185185185185177 0.1166087962962962
10 0.7238368055555555 0.2266087962962963 0.08726851851851851 0.08839120370370371
12 0.7175752314814815 0.7385069444444444 0.09260416666666664 0.10103009259259252
12 0.847980324074074 0.49516782407407406 0.08743055555555586 0.0915162037037037
9 0.790792824074074 0.8759664351851851 0.09168981481481478 0.1134837962962962
9 0.7675520833333334 0.4967708333333333 0.09861111111111107 0.09652777777777785
7 0.8094328703703703 0.2607349537037037 0.11070601851851833 0.08908564814814816
7 0.8369907407407406 0.37614583333333335 0.12196759259259267 0.09565972222222215