10 0.6462962962962963 0.19261574074074073 0.05804398148148149 0.05135416666666668
10 0.605005787037037 0.2126909722222222 0.0546875 0.04494212962962969
10 0.5644097222222222 0.23506944444444447 0.057928240740740836 0.04822916666666668
11 0.4450231481481482 0.23736111111111108 0.10306712962962958 0.08799768518518522
8 0.49858217592592596 0.20183449074074072 0.11608796296296298 0.10270833333333336
7 0.5333333333333333 0.18989583333333332 0.07922453703703702 0.07584490740740737
7 0.3798611111111111 0.27037037037037037 0.08402777777777777 0.07921296296296294
9 0.567650462962963 0.16862268518518517 0.06336805555555554 0.06878472222222225
12 0.6130497685185186 0.1428761574074074 0.06753472222222215 0.05496527777777778
4 0.837962962962963 0.4914583333333333 0.1330439814814813 0.05524305555555564
0 0.8462962962962962 0.45593749999999994 0.11105324074074048 0.050983796296296194
2 0.8762152777777779 0.4270949074074074 0.08738425925925952 0.04351851851851851
5 0.9013599537037038 0.4008391203703704 0.06851851851851834 0.039421296296296406
5 0.6487557870370371 0.67359375 0.09866898148148148 0.053460648148148236
2 0.7091435185185185 0.6221180555555555 0.0984375 0.04721064814814824
0 0.7418981481481481 0.5798726851851852 0.10798611111111107 0.05238425925925938
1 0.8077546296296296 0.5281134259259259 0.1491898148148149 0.07011574074074076
3 0.5927951388888889 0.6265914351851852 0.07488425925925916 0.04287037037037038
3 0.637355324074074 0.581394675925926 0.07048611111111107 0.05043981481481481
3 0.689699074074074 0.5365740740740741 0.06701388888888893 0.04090277777777764
3 0.7230324074074075 0.4997569444444444 0.07013888888888893 0.04106481481481481
3 0.7586516203703704 0.464380787037037 0.06672453703703703 0.03309027777777782
3 0.7895543981481481 0.4300289351851852 0.0747106481481481 0.03818287037037038
3 0.8219328703703704 0.39793981481481483 0.06828703703703702 0.03317129629629632
3 0.8486689814814815 0.3708217592592592 0.07158564814814809 0.03802083333333339
12 0.24681712962962962 0.3466666666666667 0.08194444444444446 0.06506944444444444
9 0.3177951388888889 0.3039988425925926 0.08217592592592596 0.07131944444444445
10 0.3066550925925926 0.39424768518518516 0.06296296296296297 0.05784722222222225
10 0.3631076388888889 0.3648090277777778 0.06423611111111108 0.050115740740740745
10 0.41912615740740744 0.32603587962962965 0.06290509259259255 0.05628472222222225
10 0.47635995370370365 0.296556712962963 0.06730324074074083 0.04871527777777782
10 0.5258101851851851 0.26670138888888884 0.06574074074074084 0.04863425925925924