10 0.5860243055555555 0.3314930555555556 0.12413194444444446 0.09306712962962962
10 0.3216145833333333 0.4250810185185186 0.08111111111111118 0.07181712962962976
10 0.8707291666666667 0.3948784722222222 0.09666666666666686 0.07118055555555554
10 0.9013020833333332 0.11021990740740742 0.123576388888889 0.08056712962962961
10 0.5714583333333334 0.4663773148148148 0.08239583333333336 0.06565972222222224
12 0.3637326388888889 0.5994618055555556 0.07982638888888882 0.07797453703703709
10 0.07531249999999999 0.6196701388888888 0.07322916666666665 0.06979166666666678
7 0.898298611111111 0.5810300925925926 0.12100694444444429 0.09288194444444446
12 0.5364236111111111 0.7287037037037036 0.076423611111111 0.07153935185185176
7 0.7063020833333333 0.67578125 0.09430555555555564 0.08818287037037038
9 0.07934027777777777 0.7744907407407406 0.0721527777777778 0.08063657407407412
9 0.6262847222222222 0.6002662037037038 0.09104166666666665 0.08487268518518505
11 0.35263888888888884 0.7263483796296296 0.0816319444444444 0.1185995370370371
8 0.2921006944444445 0.8086342592592594 0.07906250000000004 0.13091435185185177