3 0.9107465277777778 0.16206597222222224 0.15149305555555587 0.14409722222222224
3 0.9621180555555554 0.45121527777777776 0.07576388888888914 0.07569444444444447
3 0.4024826388888889 0.4458506944444444 0.08277777777777776 0.07236111111111114
3 0.8066840277777778 0.5467534722222223 0.09534722222222243 0.0760416666666666
3 0.7123611111111112 0.4547569444444444 0.097013888888889 0.08079861111111111
5 0.11269097222222224 0.5314583333333334 0.08781249999999999 0.08819444444444446
3 0.48934027777777783 0.3074826388888889 0.1002083333333335 0.08406250000000001
3 0.18397569444444445 0.32574652777777774 0.09083333333333332 0.08364583333333328
4 0.044635416666666664 0.6713368055555555 0.062326388888888896 0.13545138888888886
5 0.1951736111111111 0.7240798611111111 0.07211805555555557 0.084375
0 0.6283854166666666 0.6524305555555555 0.10687500000000014 0.10309027777777775
0 0.3957638888888889 0.7065625 0.08649305555555546 0.09906249999999997
2 0.37633680555555554 0.6065451388888888 0.10836805555555565 0.10003472222222207