3 0.04921875 0.8323958333333333 0.05625 0.14572916666666663
3 0.44453125 0.5376678240740741 0.0796875 0.08965277777777772
3 0.403125 0.8842361111111112 0.0890625 0.10222222222222221
3 0.275 0.4957870370370371 0.0890625 0.10222222222222221
3 0.3484375 0.21429976851851854 0.0875 0.10689814814814813
0 0.734375 0.7663773148148147 0.1109375 0.0976967592592592
5 0.76953125 0.5799189814814815 0.0875 0.07721064814814813
2 0.73671875 0.04998842592592593 0.0984375 0.08979166666666667
5 0.5765625 0.32692708333333337 0.0953125 0.09601851851851854
0 0.6484375 0.9563657407407409 0.1109375 0.08519675925925937
2 0.62421875 0.6436863425925926 0.103125 0.09295138888888879
1 0.81796875 0.2865277777777778 0.15625 0.08865740740740743
4 0.734375 0.3437210648148148 0.15625 0.12615740740740744