1 0.905775462962963 0.2180439814814815 0.1392129629629629 0.13826388888888888
3 0.38493055555555555 0.4003703703703704 0.10538194444444446 0.12010416666666668
3 0.644832175925926 0.03587094907407408 0.07843750000000008 0.07174189814814816
3 0.5036516203703704 0.7789930555555555 0.07788194444444443 0.07717592592592588
3 0.5786111111111112 0.5537268518518518 0.07751157407407412 0.07092592592592588
3 0.5646006944444444 0.22425347222222225 0.08128472222222224 0.08195601851851855
2 0.885457175925926 0.026079282407407412 0.08008101851851848 0.052158564814814824
0 0.787199074074074 0.5608043981481481 0.0943287037037038 0.0651851851851852
3 0.6502256944444444 0.30594328703703705 0.0729166666666666 0.07234953703703706
0 0.7107175925925926 0.6933101851851852 0.10122685185185176 0.07630787037037035
3 0.6025173611111111 0.7425289351851851 0.07263888888888878 0.06766203703703706
2 0.73890625 0.4413541666666667 0.09359953703703709 0.07920138888888886
5 0.7497743055555556 0.17899305555555556 0.09591435185185179 0.1182638888888889
5 0.8307754629629629 0.43083333333333335 0.07631944444444443 0.07712962962962955
4 0.8477719907407408 0.23614004629629629 0.1314004629629629 0.13803240740740746