3 0.716550925925926 0.5626562500000001 0.12401620370370381 0.1017824074074074
3 0.44936342592592593 0.6641087962962964 0.09334490740740745 0.07478009259259259
3 0.6520833333333333 0.7194270833333334 0.0775462962962962 0.06986111111111111
3 0.5039641203703704 0.7469039351851852 0.08396990740740726 0.0746412037037036
3 0.9189525462962962 0.6937094907407408 0.09664351851851834 0.07951388888888893
3 0.8780092592592592 0.7688425925925926 0.10896990740740761 0.07501157407407408
0 0.5610243055555555 0.8328587962962963 0.10364583333333321 0.09991898148148123
0 0.700144675925926 0.8997280092592593 0.09085648148148148 0.09192129629629626
2 0.7881076388888889 0.8502777777777778 0.08912037037037024 0.08721064814814809
5 0.8279803240740741 0.9359780092592592 0.09056712962962976 0.08410879629629626
5 0.983912037037037 0.8533101851851853 0.032175925925925955 0.08350694444444429
4 0.9751736111111111 0.9439091435185185 0.04965277777777786 0.11218171296296298
1 0.985011574074074 0.9670891203703704 0.029976851851851904 0.06582175925925923