3 0.34838541666666667 0.41160300925925924 0.13031250000000005 0.10678240740740748
3 0.6138541666666667 0.31919560185185186 0.09875000000000007 0.07777777777777777
3 0.41734375 0.2600462962962963 0.084375 0.07267361111111112
3 0.5645312499999999 0.23689814814814816 0.08781250000000007 0.0774537037037037
3 0.15557291666666667 0.27876157407407404 0.10072916666666672 0.08407407407407401
3 0.19770833333333332 0.2062789351851852 0.11312499999999996 0.0828819444444445
0 0.51109375 0.1515914351851852 0.11145833333333321 0.10466435185185188
0 0.37734375 0.08275462962962962 0.096875 0.0964351851851852
2 0.2903645833333333 0.12838541666666664 0.09333333333333335 0.09009259259259261
5 0.25421875 0.044131944444444446 0.09468750000000004 0.08701388888888889
5 0.08083333333333334 0.12050347222222221 0.074375 0.08641203703703706
4 0.09286458333333333 0.04461805555555556 0.09197916666666665 0.08923611111111111
1 0.08666666666666667 0.021869212962962965 0.06708333333333334 0.04373842592592593