3 0.3446238425925926 0.41667245370370376 0.10722222222222229 0.1367592592592592
3 0.47837384259259264 0.6418576388888889 0.08033564814814813 0.09163194444444436
3 0.3549537037037037 0.12305555555555556 0.0804398148148148 0.10569444444444445
3 0.08107638888888888 0.18336805555555555 0.09314814814814816 0.13446759259259258
3 0.47415509259259264 0.38885416666666667 0.0740856481481483 0.09130787037037039
5 0.6355381944444445 0.5461747685185185 0.08659722222222221 0.09351851851851851
3 0.7047627314814815 0.8176909722222222 0.07557870370370381 0.08201388888888879
0 0.5254918981481481 0.05298032407407407 0.10563657407407412 0.10596064814814814
5 0.7278009259259259 0.3405324074074074 0.0787268518518518 0.08530092592592595
0 0.6485532407407407 0.19302083333333334 0.09762731481481488 0.10658564814814815
2 0.8505266203703703 0.7655844907407408 0.08809027777777771 0.08422453703703692
2 0.5922453703703704 0.29363425925925923 0.09135416666666671 0.10313657407407409
4 0.7564641203703704 0.5172395833333333 0.12259259259259263 0.1031944444444445
1 0.8458101851851852 0.5509027777777777 0.13664351851851855 0.10236111111111121