3 0.9620659722222221 0.3775405092592593 0.053761574074074045 0.1441087962962963
3 0.536863425925926 0.5275578703703704 0.08449074074074084 0.08810185185185179
3 0.6774305555555555 0.23476851851851852 0.09594907407407405 0.10224537037037038
3 0.6721354166666667 0.609832175925926 0.09594907407407405 0.10224537037037038
3 0.5230324074074074 0.8376967592592592 0.09450231481481489 0.10535879629629648
0 0.3533854166666667 0.24877893518518518 0.11140046296296298 0.09767361111111113
5 0.2663773148148148 0.4036458333333333 0.09045138888888893 0.08033564814814813
2 0.13136574074074076 0.8840277777777779 0.10399305555555553 0.10855324074074062
5 0.35859375 0.6778414351851852 0.09722222222222214 0.09444444444444429
0 0.48987268518518523 0.08724537037037036 0.12008101851851852 0.1211689814814815
2 0.41238425925925926 0.3859722222222222 0.10509259259259256 0.0960648148148148
1 0.13541666666666666 0.6480555555555555 0.152025462962963 0.09797453703703703
4 0.22554976851851852 0.6198090277777778 0.1578703703703704 0.1292592592592591