1 0.20484375 0.1420138888888889 0.15283564814814818 0.15943287037037038
4 0.21742476851851852 0.19305555555555556 0.14460648148148145 0.14479166666666665
3 0.39634259259259264 0.5758680555555555 0.15554398148148146 0.1456018518518519
3 0.778900462962963 0.40141782407407406 0.15195601851851848 0.12974537037037043
3 0.544525462962963 0.38405671296296295 0.12989583333333332 0.121875
3 0.22063078703703703 0.45480324074074074 0.11721064814814816 0.11469907407407405
3 0.051637731481481486 0.41984953703703703 0.10327546296296297 0.11157407407407405
3 0.29544560185185187 0.3609085648148148 0.127962962962963 0.10925925925925925
3 0.7203009259259259 0.31799768518518523 0.09969907407407401 0.10248842592592596
5 0.17291666666666666 0.29467592592592595 0.11229166666666668 0.1065393518518519
5 0.42405092592592586 0.16921296296296298 0.10273148148148152 0.09959490740740744
2 0.041435185185185186 0.20870949074074074 0.08287037037037037 0.10491898148148149
2 0.42855902777777777 0.2548900462962963 0.10778935185185183 0.11244212962962959
0 0.676869212962963 0.22473958333333335 0.10190972222222214 0.1244791666666667
0 0.5518981481481482 0.1880787037037037 0.11009259259259263 0.13755787037037037