3 0.86484375 0.84375 0.13203125 0.11953125
3 0.9546875 0.56796875 0.0875 0.0609375
3 0.3953125 0.52890625 0.07265625 0.0578125
3 0.8 0.46171875 0.08515625 0.059375
3 0.6984375 0.54296875 0.0859375 0.0640625
5 0.1203125 0.4234375 0.07578125 0.0734375
3 0.46640625 0.6703125 0.08828125 0.06796875
3 0.1703125 0.62890625 0.08046875 0.06875
4 0.0484375 0.28046875 0.084375 0.1234375
5 0.21953125 0.24140625 0.06171875 0.071875
0 0.6359375 0.34375 0.09375 0.08515625
0 0.41484375 0.27421875 0.0734375 0.08515625
2 0.38515625 0.3703125 0.09453125 0.08203125