1 0.8867418981481482 0.7609895833333333 0.17453703703703702 0.15229166666666671
3 0.21557291666666667 0.5250173611111111 0.1262615740740741 0.17309027777777786
3 0.3476851851851852 0.11708333333333334 0.12920138888888885 0.14815972222222223
3 0.4597164351851852 0.37265625 0.11028935185185187 0.12586805555555552
3 0.48009259259259257 0.1707986111111111 0.09913194444444447 0.09593750000000001
3 0.4452314814814814 0.7371180555555557 0.11971064814814802 0.13232638888888887
3 0.5600578703703704 0.9415104166666666 0.10407407407407412 0.11697916666666686
3 0.5554803240740741 0.6466145833333334 0.10719907407407411 0.13048611111111122
2 0.6614756944444444 0.5091493055555556 0.11325231481481488 0.10406250000000003
0 0.6148900462962963 0.23081597222222222 0.12424768518518511 0.11211805555555551
0 0.7198784722222222 0.37921875 0.1194907407407408 0.10263888888888886
5 0.7889236111111112 0.5260416666666666 0.10393518518518512 0.11166666666666672
5 0.6917650462962963 0.8019618055555556 0.1133912037037037 0.12281249999999985
2 0.8756597222222222 0.9521180555555556 0.08781250000000007 0.04413194444444457
4 0.8132118055555555 0.7468576388888889 0.15872685185185204 0.1269444444444444