3 0.40436921296296297 0.28012152777777777 0.13396990740740744 0.12138888888888885
3 0.08836805555555556 0.4452777777777778 0.10260416666666665 0.07475694444444443
3 0.898611111111111 0.5845833333333333 0.08090277777777785 0.07847222222222214
3 0.6626446759259259 0.4903645833333334 0.08402777777777785 0.07861111111111115
3 0.3450810185185185 0.5286805555555556 0.07916666666666669 0.07371527777777782
3 0.622366898148148 0.6059548611111112 0.07274305555555571 0.06875
3 0.16996527777777776 0.5662847222222223 0.08709490740740744 0.07718749999999996
0 0.25135995370370373 0.6927604166666667 0.09565972222222215 0.09784722222222228
0 0.41684027777777777 0.7885416666666667 0.07986111111111108 0.09246527777777783
5 0.575925925925926 0.8456944444444445 0.06516203703703702 0.07465277777777786
2 0.5264467592592592 0.7237673611111111 0.078125 0.08770833333333332
1 0.823755787037037 0.9330555555555555 0.08009259259259274 0.13388888888888886
4 0.777517361111111 0.8538715277777778 0.08425925925925917 0.12697916666666664
5 0.7999131944444444 0.7351388888888889 0.07789351851851833 0.08145833333333333