3 0.041302083333333336 0.23163773148148148 0.08260416666666667 0.17577546296296295
3 0.28796875 0.09236111111111112 0.08916666666666666 0.10021990740740741
3 0.41734375 0.6929861111111111 0.08427083333333343 0.09681712962962959
3 0.428125 0.23714120370370367 0.09135416666666671 0.10968750000000008
3 0.35390625 0.3621585648148148 0.09625000000000003 0.11309027777777772
5 0.5772395833333333 0.9624450231481483 0.10343750000000007 0.07510995370370352
3 0.25078125 0.6384085648148148 0.10114583333333335 0.11649305555555553
3 0.34338541666666667 0.950491898148148 0.09906249999999997 0.09901620370370381
5 0.75984375 0.8379918981481481 0.09781250000000004 0.08983796296296305
0 0.5821354166666667 0.3976446759259259 0.12052083333333333 0.12697916666666664
0 0.69375 0.629363425925926 0.11593750000000007 0.10491898148148149
2 0.5925 0.6774826388888888 0.11906250000000007 0.12844907407407397