1 0.26425925925925925 0.27630208333333334 0.18351851851851855 0.1502314814814815
3 0.7930439814814816 0.6402488425925925 0.13775462962962964 0.16724537037037024
3 0.7738310185185184 0.3330439814814815 0.11835648148148152 0.15561342592592595
3 0.6080381944444444 0.6182581018518519 0.12092592592592588 0.14635416666666679
3 0.5766898148148148 0.9499421296296298 0.11564814814814817 0.05729166666666643
3 0.5959259259259259 0.056958912037037034 0.14518518518518525 0.11391782407407407
5 0.5117766203703704 0.37471064814814814 0.13664351851851855 0.14849537037037033
5 0.2599884259259259 0.58515625 0.12082175925925923 0.11828703703703702
2 0.38870949074074074 0.06576967592592593 0.13508101851851856 0.13153935185185187
2 0.39785300925925926 0.6923032407407408 0.15143518518518526 0.13501157407407405
0 0.2581597222222222 0.7738715277777779 0.14646990740740745 0.13015046296296298
4 0.35379050925925926 0.35717592592592595 0.15924768518518526 0.13530092592592596