3 0.3869502314814815 0.3448090277777778 0.1383217592592592 0.11195601851851852
3 0.6668460648148148 0.3708622685185185 0.09123842592592588 0.08348379629629629
3 0.11297453703703704 0.48512731481481486 0.1053125 0.08515046296296305
3 0.05305555555555556 0.20118055555555556 0.10384259259259261 0.09763888888888887
3 0.4230960648148148 0.47814236111111114 0.09276620370370363 0.07880787037037038
5 0.6510532407407408 0.5592708333333334 0.09284722222222222 0.08974537037037038
3 0.9428414351851853 0.5032002314814814 0.08496527777777771 0.08031250000000015
0 0.11520833333333333 0.6812152777777778 0.13519675925925925 0.11193287037037045
5 0.500011574074074 0.7361805555555556 0.08498842592592588 0.08343749999999997
0 0.3218113425925926 0.72734375 0.10700231481481479 0.10234953703703695
2 0.9609085648148149 0.6632118055555555 0.07818287037037024 0.09123842592592588
2 0.38983796296296297 0.6291782407407407 0.10228009259259263 0.09762731481481488
4 0.6824537037037037 0.6848263888888889 0.10096064814814802 0.1304282407407408
1 0.7571817129629629 0.7530266203703704 0.1010532407407407 0.14292824074074062