1 0.31119212962962967 0.9248090277777777 0.1520138888888889 0.13927083333333315
3 0.41347800925925926 0.39927083333333335 0.12979166666666675 0.11534722222222218
3 0.08032407407407408 0.6932986111111111 0.09653935185185185 0.08493055555555565
3 0.811400462962963 0.47789930555555554 0.08560185185185176 0.08468750000000007
3 0.5967534722222222 0.5748263888888889 0.07932870370370378 0.08298611111111107
3 0.26453703703703707 0.5947048611111111 0.0903356481481481 0.08791666666666664
2 0.10097800925925926 0.9333854166666665 0.0919212962962963 0.08951388888888871
0 0.6358969907407408 0.7793576388888889 0.07487268518518526 0.0985069444444445
3 0.3594849537037037 0.6699131944444444 0.07925925925925928 0.07829861111111107
0 0.7575057870370371 0.6891840277777778 0.08748842592592573 0.10659722222222215
3 0.7903877314814814 0.5783333333333334 0.07457175925925927 0.0781944444444445
2 0.5091319444444444 0.743125 0.08895833333333343 0.10038194444444457
5 0.24927083333333333 0.7817013888888888 0.12652777777777774 0.10590277777777786
5 0.5124537037037037 0.8352083333333333 0.0855787037037036 0.08312500000000007
4 0.3205613425925926 0.8722743055555556 0.15049768518518522 0.14236111111111108