1 0.8451562499999999 0.2967534722222222 0.15339120370370374 0.13129629629629633
3 0.28673611111111114 0.5956712962962962 0.10376157407407405 0.15370370370370381
3 0.49341435185185184 0.9430902777777778 0.10810185185185191 0.11381944444444443
3 0.5412731481481481 0.7041087962962963 0.09219907407407409 0.11094907407407409
3 0.6017592592592592 0.8875752314814814 0.08555555555555543 0.08406249999999993
3 0.45050925925925933 0.37387152777777777 0.1000810185185184 0.11604166666666664
3 0.5090104166666667 0.15988425925925925 0.08778935185185191 0.1294560185185185
3 0.5686342592592593 0.4432291666666667 0.08758101851851859 0.1153935185185185
2 0.6951851851851852 0.5543981481481481 0.09968749999999993 0.08947916666666664
0 0.7123206018518518 0.8152430555555554 0.10761574074074076 0.09769675925925939
0 0.7756886574074074 0.6663020833333333 0.10278935185185194 0.08807870370370363
5 0.8063715277777778 0.5242534722222223 0.0873495370370371 0.0997685185185185
5 0.6599421296296296 0.28324652777777776 0.09373842592592592 0.10946759259259267
2 0.7913541666666666 0.09021412037037037 0.08583333333333325 0.1028125
4 0.7822453703703703 0.3184722222222222 0.14054398148148142 0.10721064814814811