1 0.344068287037037 0.785329861111111 0.1321412037037037 0.17138888888888887
3 0.5589699074074075 0.15774305555555554 0.15481481481481474 0.12086805555555555
3 0.2742939814814815 0.2709548611111111 0.14677083333333335 0.10489583333333333
3 0.5827662037037037 0.34564236111111113 0.13587962962962977 0.10753472222222218
3 0.9278935185185185 0.26795138888888886 0.09534722222222207 0.1119791666666666
3 0.05514467592592592 0.5330729166666666 0.11028935185185185 0.13489583333333321
5 0.3777951388888889 0.5139930555555555 0.13611111111111107 0.12315972222222235
5 0.6362210648148148 0.6951215277777778 0.1062384259259261 0.10934027777777774
2 0.09700231481481482 0.7344791666666667 0.1626273148148148 0.12121527777777778
2 0.7043576388888889 0.5285069444444443 0.12076388888888889 0.1412152777777777
0 0.8145138888888889 0.6389409722222222 0.1175462962962964 0.1348263888888889
4 0.39888310185185183 0.6736284722222223 0.12090277777777772 0.15059027777777773