1 0.31015625 0.07890625 0.115625 0.115625
4 0.31484375 0.12578125 0.1109375 0.10546875
3 0.42734375 0.4859375 0.12265625 0.103125
3 0.7953125 0.3640625 0.12265625 0.0875
3 0.5859375 0.3265625 0.1015625 0.0859375
3 0.28359375 0.3609375 0.090625 0.08203125
3 0.121875 0.31171875 0.10859375 0.0765625
3 0.04609375 0.21171875 0.08828125 0.0640625
3 0.36328125 0.28359375 0.1015625 0.07265625
3 0.753125 0.28359375 0.0765625 0.07265625
5 0.26171875 0.2125 0.08828125 0.07578125
5 0.5046875 0.1234375 0.07890625 0.071875
2 0.13515625 0.12109375 0.09921875 0.07265625
2 0.49765625 0.20078125 0.08359375 0.08359375
0 0.7265625 0.19609375 0.07421875 0.0953125
0 0.61796875 0.1515625 0.07890625 0.10546875