1 0.7212615740740741 0.04787037037037037 0.1408333333333335 0.09574074074074074
4 0.7100173611111111 0.07317129629629629 0.13821759259259264 0.1366550925925926
3 0.5293518518518519 0.4577430555555555 0.1506712962962963 0.13574074074074077
3 0.1511516203703704 0.29560185185185184 0.14859953703703704 0.11847222222222217
3 0.3835532407407407 0.27107060185185183 0.12658564814814816 0.11265046296296291
3 0.7046990740740741 0.33164351851851853 0.11238425925925917 0.10723379629629629
3 0.8876562499999998 0.29095486111111113 0.13104166666666686 0.10508101851851848
3 0.9632523148148149 0.18796875 0.06173611111111086 0.08276620370370372
3 0.6309143518518519 0.24186342592592594 0.12460648148148153 0.09850694444444441
3 0.20980902777777777 0.21143518518518517 0.09638888888888886 0.09392361111111117
5 0.753125 0.1715625 0.10902777777777786 0.09925925925925924
5 0.5046238425925926 0.054959490740740746 0.09790509259259253 0.09244212962962964
2 0.9047974537037037 0.08101273148148147 0.12148148148148152 0.09834490740740742
2 0.4997337962962963 0.14101851851851852 0.10613425925925916 0.10690972222222221
0 0.2523842592592592 0.11718171296296295 0.09708333333333333 0.11736111111111111
0 0.3783564814814815 0.07788773148148148 0.10370370370370363 0.1301851851851852