3 0.30310763888888886 0.4411631944444444 0.12125000000000004 0.12741898148148145
3 0.42354166666666665 0.1460590277777778 0.0761111111111111 0.09584490740740739
3 0.6261458333333334 0.8738831018518518 0.07847222222222214 0.07868055555555528
3 0.5184722222222222 0.6653414351851852 0.07854166666666665 0.08024305555555564
3 0.5227430555555556 0.37484375 0.07364583333333333 0.0755208333333334
3 0.6188715277777778 0.6223495370370371 0.0686805555555555 0.06923611111111114
3 0.5405208333333333 0.2125289351851852 0.07718749999999996 0.08491898148148147
0 0.6630381944444445 0.2806018518518519 0.09621527777777779 0.09130787037037039
0 0.7647395833333334 0.4250578703703704 0.09090277777777782 0.07721064814814813
5 0.8311805555555555 0.5669097222222221 0.07315972222222236 0.06458333333333321
2 0.717013888888889 0.5285763888888889 0.086076388888889 0.07405092592592588
1 0.9351909722222222 0.7871527777777778 0.1296180555555555 0.0822106481481482
4 0.8580555555555556 0.7498611111111111 0.12243055555555564 0.08369212962962962
5 0.7530208333333334 0.776417824074074 0.08152777777777782 0.07714120370370381